Meshes: 1
"Tex_0006_0_dds" 0 3
289
0 -0.344917 14.514460 40.515625 0.411865 1.813477 0
0 -0.060955 14.264954 40.451172 0.379395 1.812988 0
0 -0.403172 14.469007 40.572697 0.414062 1.806152 0
0 0.223008 14.514460 40.515625 0.411865 1.813477 0
0 0.281268 14.469007 40.572697 0.414062 1.806152 0
0 -0.060955 14.264954 40.451172 0.905762 1.348389 0
0 0.271043 17.996477 46.361797 0.937988 1.687500 0
0 -0.392948 17.996487 46.361805 0.905762 1.688965 0
0 -2.475088 18.264759 43.404263 0.318359 1.794922 0
0 -3.704476 23.541227 45.379166 0.530762 1.795410 0
0 -2.447634 18.397200 43.228008 0.320557 1.791016 0
0 -3.600080 23.554054 45.188541 0.532715 1.791992 0
0 -3.704476 23.541227 45.379166 0.318359 1.794922 0
0 -4.266122 28.335251 45.002819 0.530762 1.795410 0
0 -3.600080 23.554054 45.188541 0.320557 1.791016 0
0 -4.138986 28.260576 44.831657 0.532715 1.791992 0
0 -4.266122 28.335251 45.002819 0.318359 1.794922 0
0 -4.420347 32.741554 43.303082 0.530762 1.795410 0
0 -4.138986 28.260576 44.831657 0.320557 1.791016 0
0 -4.285082 32.595001 43.171333 0.532715 1.791992 0
0 -4.420347 32.741554 43.303082 0.318359 1.794922 0
0 -4.315229 35.008987 40.577885 0.530762 1.795410 0
0 -4.285082 32.595001 43.171333 0.320557 1.791016 0
0 -4.188273 34.857635 40.495045 0.532715 1.791992 0
0 -4.315229 35.008987 40.577885 0.318359 1.794922 0
0 -4.156743 36.849663 36.926067 0.530762 1.795410 0
0 -4.188273 34.857635 40.495045 0.320557 1.791016 0
0 -4.042327 36.665470 36.852745 0.532715 1.791992 0
0 -4.156743 36.849663 36.926067 0.318359 1.794922 0
0 -3.784025 37.152733 32.847836 0.530762 1.795410 0
0 -4.042327 36.665470 36.852745 0.320557 1.791016 0
0 -3.662567 36.954266 32.847317 0.532715 1.791992 0
0 -0.128789 14.460161 40.553036 0.798828 1.701172 0
0 -0.244619 14.923111 40.923489 0.798828 1.692383 0
0 -0.060955 14.460159 40.553032 0.797852 1.701660 0
0 -0.060955 14.923111 40.923489 0.795898 1.692383 0
0 -0.557006 17.949120 43.700714 0.791016 1.631836 0
0 -0.060955 17.949104 43.700714 0.782715 1.632812 0
0 -0.837383 23.166046 46.061207 0.781738 1.535156 0
0 -0.060955 23.166046 46.061207 0.770508 1.536133 0
0 -0.981607 28.190006 45.835567 0.779297 1.447998 0
0 -0.060955 28.190014 45.835567 0.763672 1.449707 0
0 -1.071900 32.922321 44.166813 0.778809 1.371582 0
0 -0.060955 32.922321 44.166805 0.761719 1.372070 0
0 -1.047522 35.789181 41.299767 0.779297 1.329590 0
0 -0.060955 35.789173 41.299759 0.762207 1.330078 0
0 -1.010770 37.728378 36.706364 0.780762 1.266113 0
0 -0.060955 37.728378 36.706371 0.765625 1.266602 0
0 -0.876059 37.928749 32.410614 0.784180 1.204712 0
0 -0.060955 37.928749 32.410610 0.771484 1.204834 0
0 -4.042327 36.665470 36.852745 0.833984 1.272705 0
0 -3.662567 36.954266 32.847317 0.832520 1.212524 0
0 -4.188273 34.857635 40.495045 0.835938 1.326904 0
0 -4.285082 32.595001 43.171333 0.836914 1.361816 0
0 -4.138986 28.260576 44.831657 0.836426 1.438232 0
0 -3.600080 23.554054 45.188541 0.832031 1.523438 0
0 -2.447634 18.397200 43.228008 0.824707 1.622070 0
0 -0.976818 15.184690 40.844528 0.811523 1.686523 0
0 -0.344917 14.514460 40.515625 0.802734 1.700195 0
0 -0.060955 14.264954 40.451172 0.798340 1.705078 0
0 -1.480893 41.238422 38.476063 0.945801 1.292236 0
0 -1.512930 41.443680 38.506313 0.956543 1.281250 0
0 -1.156466 41.288597 32.790218 0.943848 1.665527 0
0 -1.160557 41.490799 32.731232 0.956543 1.668457 0
0 -1.328022 41.053444 32.775139 0.945801 1.292236 0
0 -1.444348 41.114048 32.736988 0.956543 1.281250 0
0 -1.653401 41.003723 38.376804 0.943848 1.665527 0
0 -1.797208 41.057877 38.372559 0.956543 1.668457 0
0 -1.674422 38.939423 44.076954 0.945801 1.292236 0
0 -1.704548 39.023258 44.305893 0.956543 1.281250 0
0 -1.480893 41.238422 38.476063 0.943848 1.665527 0
0 -1.512930 41.443680 38.506313 0.956543 1.668457 0
0 -1.653401 41.003723 38.376804 0.945801 1.292236 0
0 -1.797208 41.057877 38.372559 0.956543 1.281250 0
0 -1.854146 38.733269 43.864079 0.943848 1.665527 0
0 -2.002223 38.675156 43.983486 0.956543 1.668457 0
0 -1.736953 37.010956 45.894600 0.945801 1.292236 0
0 -1.768296 36.932964 46.128799 0.956543 1.281250 0
0 -1.674422 38.939423 44.076954 0.943848 1.665527 0
0 -1.704548 39.023258 44.305893 0.956543 1.668457 0
0 -1.854146 38.733269 43.864079 0.945801 1.292236 0
0 -2.002223 38.675156 43.983486 0.956543 1.281250 0
0 -1.907687 36.859005 45.661652 0.943848 1.665527 0
0 -2.051006 36.665352 45.759434 0.956543 1.668457 0
0 -1.907687 36.859005 45.661652 0.945801 1.292236 0
0 -2.051006 36.665352 45.759434 0.956543 1.281250 0
0 -1.736953 37.010956 45.894600 0.943848 1.665527 0
0 -1.768296 36.932964 46.128799 0.956543 1.668457 0
0 1.034562 41.288597 32.790218 0.993652 1.736816 0
0 1.358988 41.238422 38.476063 0.993652 1.263916 0
0 1.206117 41.053444 32.775139 0.969238 1.736816 0
0 1.531497 41.003723 38.376804 0.968750 1.270996 0
0 1.358988 41.238422 38.476063 0.993652 1.736816 0
0 1.552518 38.939423 44.076954 0.993652 1.263916 0
0 1.531497 41.003723 38.376804 0.969238 1.736816 0
0 1.732241 38.733265 43.864071 0.968750 1.270996 0
0 1.552518 38.939423 44.076954 0.993652 1.736816 0
0 1.615049 37.010956 45.894600 0.993652 1.263916 0
0 1.732241 38.733265 43.864071 0.969238 1.736816 0
0 1.785782 36.859005 45.661652 0.968750 1.270996 0
0 0.854913 15.184690 40.844528 0.494629 1.813477 0
0 0.854627 15.052221 40.848598 0.487305 1.805176 0
0 2.325730 18.397200 43.228008 0.532715 1.791992 0
0 2.353184 18.264763 43.404270 0.530762 1.795410 0
0 0.854913 15.184690 40.844528 0.320557 1.791016 0
0 0.854627 15.052221 40.848598 0.318359 1.794922 0
0 3.478175 23.554054 45.188541 0.532715 1.791992 0
0 3.582576 23.541235 45.379166 0.530762 1.795410 0
0 2.325730 18.397200 43.228008 0.320557 1.791016 0
0 2.353184 18.264763 43.404270 0.318359 1.794922 0
0 4.017081 28.260561 44.831661 0.532715 1.791992 0
0 4.144213 28.335251 45.002819 0.530762 1.795410 0
0 3.478175 23.554054 45.188541 0.320557 1.791016 0
0 3.582576 23.541235 45.379166 0.318359 1.794922 0
0 4.163173 32.595001 43.171333 0.532715 1.791992 0
0 4.298442 32.741554 43.303082 0.530762 1.795410 0
0 4.017081 28.260561 44.831661 0.320557 1.791016 0
0 4.144213 28.335251 45.002819 0.318359 1.794922 0
0 4.066369 34.857635 40.495045 0.532715 1.791992 0
0 4.193325 35.008987 40.577885 0.530762 1.795410 0
0 4.163173 32.595001 43.171333 0.320557 1.791016 0
0 4.298442 32.741554 43.303082 0.318359 1.794922 0
0 3.920423 36.665470 36.852745 0.532715 1.791992 0
0 4.034838 36.849663 36.926067 0.530762 1.795410 0
0 4.066369 34.857635 40.495045 0.320557 1.791016 0
0 4.193325 35.008987 40.577885 0.318359 1.794922 0
0 3.540662 36.954266 32.847317 0.532715 1.791992 0
0 3.662121 37.152733 32.847836 0.530762 1.795410 0
0 3.920423 36.665470 36.852745 0.320557 1.791016 0
0 4.034838 36.849663 36.926067 0.318359 1.794922 0
0 0.122710 14.923111 40.923489 0.798828 1.692383 0
0 0.006884 14.460161 40.553036 0.798828 1.701172 0
0 0.435102 17.949104 43.700722 0.791016 1.631836 0
0 0.715474 23.166046 46.061207 0.781738 1.535156 0
0 0.859698 28.190006 45.835567 0.779297 1.447998 0
0 0.949995 32.922321 44.166813 0.778809 1.371582 0
0 0.925617 35.789181 41.299767 0.779297 1.329590 0
0 0.888865 37.728378 36.706364 0.780762 1.266113 0
0 0.754154 37.928749 32.410610 0.784180 1.204712 0
0 3.540662 36.954266 32.847317 0.832520 1.212524 0
0 3.920423 36.665470 36.852745 0.833984 1.272705 0
0 4.066369 34.857635 40.495045 0.835938 1.326904 0
0 4.163173 32.595001 43.171333 0.836914 1.361816 0
0 4.017081 28.260561 44.831661 0.836426 1.438232 0
0 3.478175 23.554054 45.188541 0.832031 1.523438 0
0 2.325730 18.397200 43.228008 0.824707 1.622070 0
0 0.854913 15.184690 40.844528 0.811523 1.686523 0
0 0.223008 14.514460 40.515625 0.802734 1.700195 0
0 1.038653 41.490799 32.731224 0.956543 1.668457 0
0 1.391021 41.443665 38.506313 0.956543 1.281250 0
0 1.034562 41.288597 32.790218 0.943848 1.665527 0
0 1.358988 41.238422 38.476063 0.945801 1.292236 0
0 1.675304 41.057877 38.372559 0.956543 1.668457 0
0 1.322443 41.114048 32.736988 0.956543 1.281250 0
0 1.531497 41.003723 38.376804 0.943848 1.665527 0
0 1.206117 41.053444 32.775139 0.945801 1.292236 0
0 1.391021 41.443665 38.506313 0.956543 1.668457 0
0 1.582639 39.023258 44.305893 0.956543 1.281250 0
0 1.358988 41.238422 38.476063 0.943848 1.665527 0
0 1.552518 38.939423 44.076954 0.945801 1.292236 0
0 1.880314 38.675156 43.983482 0.956543 1.668457 0
0 1.675304 41.057877 38.372559 0.956543 1.281250 0
0 1.732241 38.733265 43.864071 0.943848 1.665527 0
0 1.531497 41.003723 38.376804 0.945801 1.292236 0
0 1.582639 39.023258 44.305893 0.956543 1.668457 0
0 1.646391 36.932964 46.128799 0.956543 1.281250 0
0 1.552518 38.939423 44.076954 0.943848 1.665527 0
0 1.615049 37.010956 45.894600 0.945801 1.292236 0
0 1.929101 36.665352 45.759434 0.956543 1.668457 0
0 1.880314 38.675156 43.983482 0.956543 1.281250 0
0 1.785782 36.859005 45.661652 0.943848 1.665527 0
0 1.732241 38.733265 43.864071 0.945801 1.292236 0
0 1.646391 36.932964 46.128799 0.956543 1.668457 0
0 1.929101 36.665352 45.759434 0.956543 1.281250 0
0 1.615049 37.010956 45.894600 0.943848 1.665527 0
0 1.785782 36.859005 45.661652 0.945801 1.292236 0
0 0.380669 23.627703 50.089321 0.882812 1.603516 0
0 -0.502573 23.627703 50.089321 0.857910 1.603516 0
0 0.271043 17.996477 46.361797 0.894043 1.286377 0
0 -0.392948 17.996487 46.361805 0.846191 1.286377 0
0 0.559039 29.304878 50.474987 0.882812 1.603516 0
0 -0.680944 29.304878 50.474987 0.857910 1.603516 0
0 0.380669 23.627703 50.089321 0.894043 1.286377 0
0 -0.502573 23.627703 50.089321 0.846191 1.286377 0
0 0.612096 35.141376 48.642559 0.882812 1.603516 0
0 -0.734001 35.141376 48.642559 0.857910 1.603516 0
0 0.559039 29.304878 50.474987 0.894043 1.286377 0
0 -0.680944 29.304878 50.474987 0.846191 1.286377 0
0 0.612096 39.555489 44.851418 0.882812 1.603516 0
0 -0.734001 39.555489 44.851418 0.857910 1.603516 0
0 0.612096 35.141376 48.642559 0.894043 1.286377 0
0 -0.734001 35.141376 48.642559 0.846191 1.286377 0
0 0.562132 42.099430 38.691948 0.882812 1.603516 0
0 -0.684041 42.099453 38.691948 0.857910 1.603516 0
0 0.612096 39.555489 44.851418 0.894043 1.286377 0
0 -0.734001 39.555489 44.851418 0.846191 1.286377 0
0 0.407090 41.993759 32.743355 0.882812 1.603516 0
0 -0.528999 41.993759 32.743355 0.857910 1.603516 0
0 0.562132 42.099430 38.691948 0.894043 1.286377 0
0 -0.684041 42.099453 38.691948 0.846191 1.286377 0
0 -1.653401 41.003723 38.376804 0.968750 1.270996 0
0 -1.480893 41.238422 38.476063 0.993652 1.263916 0
0 -1.328022 41.053444 32.775139 0.969238 1.736816 0
0 -1.156466 41.288597 32.790218 0.993652 1.736816 0
0 -1.854146 38.733269 43.864079 0.968750 1.270996 0
0 -1.674422 38.939423 44.076954 0.993652 1.263916 0
0 -1.653401 41.003723 38.376804 0.969238 1.736816 0
0 -1.480893 41.238422 38.476063 0.993652 1.736816 0
0 -1.907687 36.859005 45.661652 0.968750 1.270996 0
0 -1.736953 37.010956 45.894600 0.993652 1.263916 0
0 -1.854146 38.733269 43.864079 0.969238 1.736816 0
0 -1.674422 38.939423 44.076954 0.993652 1.736816 0
0 -0.976532 15.052221 40.848598 0.487305 1.805176 0
0 -0.976818 15.184690 40.844528 0.494629 1.813477 0
0 -0.976532 15.052221 40.848598 0.318359 1.794922 0
0 -2.475088 18.264759 43.404263 0.530762 1.795410 0
0 -0.976818 15.184690 40.844528 0.320557 1.791016 0
0 -2.447634 18.397200 43.228008 0.532715 1.791992 0
0 -0.528999 41.993759 32.743355 0.192261 1.849609 0
0 -1.160557 41.490799 32.731232 0.199829 1.841309 0
0 -0.684041 42.099453 38.691948 0.260986 1.924805 0
0 -1.512930 41.443680 38.506313 0.268799 1.911133 0
0 -0.734001 39.555489 44.851418 0.365234 1.974121 0
0 -1.704548 39.023258 44.305893 0.367676 1.956543 0
0 -1.768296 36.932964 46.128799 0.415527 1.956543 0
0 -0.734001 35.141376 48.642559 0.465576 1.973633 0
0 -1.832044 34.842670 47.951687 0.463379 1.956543 0
0 -0.680944 29.304878 50.474987 0.560547 1.933594 0
0 -1.683430 29.188553 49.703583 0.554688 1.917480 0
0 -0.502573 23.627703 50.089321 0.627441 1.867676 0
0 -1.241693 23.598049 49.332352 0.620117 1.854492 0
0 -0.392948 17.996487 46.361805 0.654297 1.760254 0
0 -0.895568 18.011473 45.798809 0.648438 1.750977 0
0 -0.060955 14.264954 40.451172 0.631836 1.647461 0
0 2.327136 39.780273 32.757370 0.224243 1.816406 0
0 2.681727 39.692093 37.899044 0.286133 1.878418 0
0 3.662121 37.152733 32.847836 0.260986 1.782227 0
0 4.034838 36.849663 36.926067 0.313477 1.828125 0
0 2.934163 37.442810 42.842110 0.373047 1.914551 0
0 4.193325 35.008987 40.577885 0.379639 1.853516 0
0 2.925783 33.993000 46.061638 0.454346 1.917480 0
0 4.298442 32.741554 43.303082 0.440430 1.862305 0
0 2.828047 28.818861 47.657574 0.538086 1.881836 0
0 4.144213 28.335251 45.002819 0.515625 1.836426 0
0 2.303751 23.545242 47.344452 0.600098 1.823242 0
0 3.582576 23.541235 45.379166 0.579590 1.791992 0
0 1.687339 18.097492 44.478176 0.633789 1.730957 0
0 2.353184 18.264763 43.404270 0.620605 1.715820 0
0 0.281268 14.469007 40.572697 0.631348 1.649414 0
0 0.854627 15.052221 40.848598 0.627930 1.656250 0
0 -2.449041 39.780273 32.757374 0.224243 1.816406 0
0 -3.784025 37.152733 32.847836 0.260986 1.782227 0
0 -2.803632 39.692093 37.899048 0.286133 1.878418 0
0 -4.156743 36.849663 36.926067 0.313477 1.828125 0
0 -3.056067 37.442810 42.842110 0.373047 1.914551 0
0 -4.315229 35.008987 40.577885 0.379639 1.853516 0
0 -3.047688 33.993000 46.061638 0.454346 1.917480 0
0 -4.420347 32.741554 43.303082 0.440430 1.862305 0
0 -2.949952 28.818861 47.657574 0.538086 1.881836 0
0 -4.266122 28.335251 45.002819 0.515625 1.836426 0
0 -2.425655 23.545242 47.344452 0.600098 1.823242 0
0 -3.704476 23.541227 45.379166 0.579590 1.791992 0
0 -1.809244 18.097492 44.478176 0.633789 1.730957 0
0 -2.475088 18.264759 43.404263 0.620605 1.715820 0
0 -0.403172 14.469007 40.572697 0.631348 1.649414 0
0 -0.976532 15.052221 40.848598 0.627930 1.656250 0
0 0.773664 18.011473 45.798809 0.648438 1.750977 0
0 0.271043 17.996477 46.361797 0.654297 1.760254 0
0 1.119784 23.598049 49.332344 0.620117 1.854492 0
0 0.380669 23.627703 50.089321 0.627441 1.867676 0
0 1.561525 29.188553 49.703583 0.554688 1.917480 0
0 0.559039 29.304878 50.474987 0.560547 1.933594 0
0 1.710139 34.842670 47.951687 0.463379 1.956543 0
0 0.612096 35.141376 48.642559 0.465576 1.973633 0
0 1.646391 36.932964 46.128799 0.415527 1.956543 0
0 1.582639 39.023258 44.305893 0.367676 1.956543 0
0 0.612096 39.555489 44.851418 0.365234 1.974121 0
0 1.391021 41.443665 38.506313 0.268799 1.911133 0
0 0.562132 42.099430 38.691948 0.260986 1.924805 0
0 1.038653 41.490799 32.731224 0.199829 1.841309 0
0 0.407090 41.993759 32.743355 0.192261 1.849609 0
0 -1.444348 41.114048 32.736988 0.205200 1.835449 0
0 -1.797208 41.057877 38.372559 0.272461 1.903809 0
0 -2.002223 38.675156 43.983486 0.368896 1.947266 0
0 -2.051006 36.665352 45.759434 0.415039 1.947754 0
0 1.929101 36.665352 45.759434 0.415039 1.947754 0
0 1.880314 38.675156 43.983482 0.368896 1.947266 0
0 1.675304 41.057877 38.372559 0.272461 1.903809 0
0 1.322443 41.114048 32.736988 0.205200 1.835449 0
242
-0.530095 -0.203043 -0.823270
-0.000008 -0.413186 -0.910647
-0.545858 -0.288246 -0.786736
0.530084 -0.203029 -0.823280
0.545844 -0.288225 -0.786753
-0.000006 -0.845586 0.533840
-0.959913 -0.130882 -0.247866
-0.927026 -0.072654 -0.367892
-0.876638 -0.013054 -0.480973
-0.864569 -0.139194 -0.482851
-0.844373 -0.137736 -0.517749
-0.822801 -0.136054 -0.551804
-0.826612 -0.227494 -0.514741
-0.812499 -0.233266 -0.534258
-0.797888 -0.238895 -0.553448
-0.824465 -0.418985 -0.380408
-0.811095 -0.432817 -0.393439
-0.797287 -0.446417 -0.406257
-0.805403 -0.514509 -0.294289
-0.835817 -0.476215 -0.273184
-0.863859 -0.436571 -0.251304
-0.863718 -0.490586 -0.115394
-0.855551 -0.504428 -0.116552
-0.847162 -0.518139 -0.117679
0.140773 0.569828 -0.809616
0.151416 0.651564 -0.743329
-0.000000 0.573124 -0.819469
0.000005 0.659383 -0.751808
0.161600 0.595122 -0.787220
0.000010 0.505869 -0.862610
0.161587 0.267995 -0.949773
0.000000 0.110185 -0.993911
0.149713 -0.137584 -0.979110
-0.000000 -0.238954 -0.971031
0.149863 -0.464509 -0.872796
-0.000000 -0.595384 -0.803441
0.170505 -0.789255 -0.589919
-0.000000 -0.864126 -0.503275
0.164814 -0.945495 -0.280848
-0.000000 -0.986634 -0.162953
0.148457 -0.983476 0.103610
0.000000 -0.992200 0.124657
0.317677 -0.933615 -0.165666
0.351636 -0.918558 0.180564
0.334859 -0.821651 -0.461259
0.325783 -0.590338 -0.738490
0.300572 -0.229846 -0.925650
0.315508 0.111421 -0.942359
0.324593 0.491696 -0.808007
0.312975 0.650083 -0.692415
0.286953 0.599607 -0.747080
-0.000001 0.499887 -0.866091
-0.987654 -0.145660 -0.057640
-0.993982 -0.091977 -0.059491
-0.997403 -0.038024 -0.061168
0.452921 0.890894 0.034216
0.402795 0.914701 0.032824
0.351428 0.935690 0.031330
-0.988705 -0.123529 -0.084868
-0.987334 -0.131990 -0.088030
-0.985881 -0.140440 -0.091185
0.317405 0.872086 0.372452
0.137347 0.911651 0.387334
-0.047410 0.920031 0.388966
-0.975524 -0.133242 -0.174926
-0.985060 -0.098424 -0.141314
-0.992199 -0.063366 -0.107359
0.301147 0.655559 0.692497
-0.034683 0.677272 0.734914
-0.366523 0.621064 0.692778
-0.759667 0.634403 0.142963
-0.758399 0.639096 0.128015
-0.756942 0.643631 0.113036
0.805943 0.590587 -0.040774
0.801366 0.596777 -0.040852
0.796742 0.602932 -0.040928
0.827657 0.528666 0.188403
0.827960 0.528246 0.188250
0.828263 0.527826 0.188097
0.854970 0.370166 0.363322
0.850762 0.375552 0.367648
0.846498 0.380914 0.371949
0.484651 -0.027909 -0.874262
0.542411 -0.122450 -0.831142
0.931993 -0.204821 -0.299059
0.910439 -0.111936 -0.398210
0.871656 -0.016932 -0.489825
0.876629 -0.013045 -0.480990
0.927024 -0.072652 -0.367896
0.959915 -0.130887 -0.247856
0.822808 -0.136054 -0.551793
0.844372 -0.137736 -0.517750
0.864562 -0.139193 -0.482864
0.797880 -0.238897 -0.553458
0.812501 -0.233265 -0.534256
0.826623 -0.227490 -0.514726
0.797287 -0.446417 -0.406257
0.811092 -0.432822 -0.393441
0.824458 -0.418992 -0.380413
0.863861 -0.436568 -0.251303
0.835818 -0.476214 -0.273183
0.805403 -0.514509 -0.294289
0.847160 -0.518142 -0.117679
0.855551 -0.504428 -0.116552
0.863720 -0.490583 -0.115394
-0.151416 0.651565 -0.743328
-0.140776 0.569829 -0.809615
-0.161592 0.595124 -0.787220
-0.161584 0.267995 -0.949773
-0.149713 -0.137584 -0.979110
-0.149863 -0.464509 -0.872796
-0.170505 -0.789255 -0.589919
-0.164814 -0.945495 -0.280848
-0.148457 -0.983476 0.103610
-0.351636 -0.918558 0.180564
-0.317677 -0.933615 -0.165666
-0.334859 -0.821651 -0.461259
-0.325783 -0.590337 -0.738490
-0.300572 -0.229845 -0.925650
-0.315507 0.111421 -0.942359
-0.324597 0.491695 -0.808005
-0.312977 0.650084 -0.692413
-0.286956 0.599609 -0.747078
0.997403 -0.038026 -0.061167
0.993983 -0.091973 -0.059490
0.987655 -0.145652 -0.057639
-0.351428 0.935691 0.031330
-0.402795 0.914701 0.032824
-0.452921 0.890894 0.034216
0.985883 -0.140431 -0.091181
0.987338 -0.131972 -0.088023
0.988710 -0.123501 -0.084857
0.047377 0.920032 0.388968
-0.137363 0.911649 0.387334
-0.317405 0.872085 0.372453
0.992202 -0.063351 -0.107343
0.985062 -0.098414 -0.141304
0.975526 -0.133237 -0.174921
0.366525 0.621065 0.692776
0.034665 0.677274 0.734913
-0.301184 0.655553 0.692487
0.756944 0.643629 0.113038
0.758400 0.639095 0.128015
0.759668 0.634402 0.142961
0.000000 -0.551968 0.833866
0.000001 -0.551968 0.833866
0.000002 -0.551967 0.833866
0.000000 -0.067776 0.997701
0.000000 0.299544 0.954082
0.000000 0.299544 0.954083
0.000000 0.651546 0.758609
0.000017 0.924271 0.381736
0.000008 0.924271 0.381738
0.000000 0.924270 0.381739
0.000000 0.999842 -0.017761
0.000009 0.999842 -0.017763
0.000018 0.999842 -0.017765
-0.796744 0.602930 -0.040928
-0.801366 0.596777 -0.040852
-0.805942 0.590589 -0.040774
-0.828256 0.527836 0.188101
-0.827957 0.528250 0.188252
-0.827658 0.528664 0.188403
-0.846497 0.380914 0.371952
-0.850757 0.375556 0.367654
-0.854963 0.370175 0.363331
-0.542420 -0.122462 -0.831134
-0.484653 -0.027909 -0.874261
-0.871656 -0.016933 -0.489825
-0.910437 -0.111932 -0.398215
-0.931992 -0.204813 -0.299070
-0.600380 0.769214 -0.218754
-0.614548 0.779095 -0.123863
-0.631314 0.771637 0.077578
-0.617919 0.763450 0.187936
-0.614357 0.644486 0.455195
-0.610131 0.653614 0.447804
-0.701663 0.476914 0.529360
-0.571002 0.450596 0.686237
-0.709204 0.313334 0.631547
-0.598677 0.131276 0.790160
-0.762819 0.036162 0.645600
-0.660489 -0.206738 0.721813
-0.766142 -0.259664 0.587879
-0.620870 -0.540655 0.567637
-0.638483 -0.577673 0.508561
-0.000000 -0.850343 0.526229
0.843640 0.517697 -0.142338
0.865872 0.496203 0.063626
0.888675 0.444158 -0.113933
0.915149 0.396407 0.073243
0.898120 0.377641 0.225319
0.919632 0.322165 0.224692
0.879194 0.272805 0.390634
0.906375 0.204738 0.369549
0.879283 0.007673 0.476237
0.878262 -0.013124 0.477999
0.829915 -0.228504 0.508948
0.821475 -0.260021 0.507511
0.753082 -0.482211 0.447593
0.657420 -0.575610 0.486284
0.515455 -0.711223 0.477983
0.389304 -0.677794 0.623729
-0.843641 0.517697 -0.142338
-0.888675 0.444158 -0.113933
-0.865872 0.496202 0.063625
-0.915149 0.396407 0.073243
-0.898120 0.377640 0.225319
-0.919632 0.322165 0.224692
-0.879194 0.272805 0.390634
-0.906375 0.204738 0.369549
-0.879284 0.007673 0.476237
-0.878262 -0.013125 0.478000
-0.829915 -0.228504 0.508947
-0.821476 -0.260021 0.507510
-0.753082 -0.482211 0.447593
-0.657420 -0.575610 0.486284
-0.515456 -0.711223 0.477983
-0.389302 -0.677793 0.623731
0.638482 -0.577672 0.508562
0.620873 -0.540654 0.567635
0.766142 -0.259663 0.587878
0.660493 -0.206737 0.721809
0.762820 0.036162 0.645599
0.598677 0.131276 0.790160
0.558121 0.377450 0.738940
0.583082 0.444957 0.679727
0.487310 0.580767 0.652103
0.283697 0.723397 0.629454
0.620667 0.673444 0.401554
0.617916 0.763452 0.187936
0.631311 0.771640 0.077580
0.614543 0.779099 -0.123862
0.600375 0.769218 -0.218754
-0.786265 0.589703 -0.184494
-0.810971 0.583939 0.036623
-0.843080 0.449791 0.294795
-0.849030 0.360350 0.386388
0.849031 0.360350 0.386387
0.843080 0.449792 0.294796
0.810971 0.583939 0.036623
0.786265 0.589703 -0.184494
243
0 0 1 2 0 1 2 1
0 1 3 4 1 3 4 1
0 5 6 7 5 5 5 1
0 8 9 10 6 7 7 1
0 9 11 10 7 8 7 1
0 12 13 14 9 10 10 1
0 13 15 14 10 11 10 1
0 16 17 18 12 13 13 1
0 17 19 18 13 14 13 1
0 20 21 22 15 16 16 1
0 21 23 22 16 17 16 1
0 24 25 26 18 19 19 1
0 25 27 26 19 20 19 1
0 28 29 30 21 22 22 1
0 29 31 30 22 23 22 1
0 32 33 34 24 25 26 1
0 33 35 34 25 27 26 1
0 33 36 35 25 28 27 1
0 36 37 35 28 29 27 1
0 36 38 37 28 30 29 1
0 38 39 37 30 31 29 1
0 38 40 39 30 32 31 1
0 40 41 39 32 33 31 1
0 40 42 41 32 34 33 1
0 42 43 41 34 35 33 1
0 42 44 43 34 36 35 1
0 44 45 43 36 37 35 1
0 44 46 45 36 38 37 1
0 46 47 45 38 39 37 1
0 46 48 47 38 40 39 1
0 48 49 47 40 41 39 1
0 46 50 48 38 42 40 1
0 50 51 48 42 43 40 1
0 44 52 46 36 44 38 1
0 52 50 46 44 42 38 1
0 42 53 44 34 45 36 1
0 53 52 44 45 44 36 1
0 40 54 42 32 46 34 1
0 54 53 42 46 45 34 1
0 38 55 40 30 47 32 1
0 55 54 40 47 46 32 1
0 36 56 38 28 48 30 1
0 56 55 38 48 47 30 1
0 33 57 36 25 49 28 1
0 57 56 36 49 48 28 1
0 32 58 33 24 50 25 1
0 58 57 33 50 49 25 1
0 34 59 32 26 51 24 1
0 59 58 32 51 50 24 1
0 60 61 62 52 53 53 1
0 61 63 62 53 54 53 1
0 64 65 66 55 56 56 1
0 65 67 66 56 57 56 1
0 68 69 70 58 59 59 1
0 69 71 70 59 60 59 1
0 72 73 74 61 62 62 1
0 73 75 74 62 63 62 1
0 76 77 78 64 65 65 1
0 77 79 78 65 66 65 1
0 80 81 82 67 68 68 1
0 81 83 82 68 69 68 1
0 84 85 86 70 71 71 1
0 85 87 86 71 72 71 1
0 88 89 90 73 74 74 1
0 89 91 90 74 75 74 1
0 92 93 94 76 77 77 1
0 93 95 94 77 78 77 1
0 96 97 98 79 80 80 1
0 97 99 98 80 81 80 1
0 100 101 3 82 83 3 1
0 101 4 3 83 4 3 1
0 102 103 104 84 85 85 1
0 103 105 104 85 86 85 1
0 106 107 108 87 88 88 1
0 107 109 108 88 89 88 1
0 110 111 112 90 91 91 1
0 111 113 112 91 92 91 1
0 114 115 116 93 94 94 1
0 115 117 116 94 95 94 1
0 118 119 120 96 97 97 1
0 119 121 120 97 98 97 1
0 122 123 124 99 100 100 1
0 123 125 124 100 101 100 1
0 126 127 128 102 103 103 1
0 127 129 128 103 104 103 1
0 35 130 34 27 105 26 1
0 130 131 34 105 106 26 1
0 37 132 35 29 107 27 1
0 132 130 35 107 105 27 1
0 39 133 37 31 108 29 1
0 133 132 37 108 107 29 1
0 41 134 39 33 109 31 1
0 134 133 39 109 108 31 1
0 43 135 41 35 110 33 1
0 135 134 41 110 109 33 1
0 45 136 43 37 111 35 1
0 136 135 43 111 110 35 1
0 47 137 45 39 112 37 1
0 137 136 45 112 111 37 1
0 49 138 47 41 113 39 1
0 138 137 47 113 112 39 1
0 139 140 138 114 115 113 1
0 140 137 138 115 112 113 1
0 140 141 137 115 116 112 1
0 141 136 137 116 111 112 1
0 141 142 136 116 117 111 1
0 142 135 136 117 110 111 1
0 142 143 135 117 118 110 1
0 143 134 135 118 109 110 1
0 143 144 134 118 119 109 1
0 144 133 134 119 108 109 1
0 144 145 133 119 120 108 1
0 145 132 133 120 107 108 1
0 145 146 132 120 121 107 1
0 146 130 132 121 105 107 1
0 146 147 130 121 122 105 1
0 147 131 130 122 106 105 1
0 147 59 131 122 51 106 1
0 59 34 131 51 26 106 1
0 148 149 150 123 124 124 1
0 149 151 150 124 125 124 1
0 152 153 154 126 127 127 1
0 153 155 154 127 128 127 1
0 156 157 158 129 130 130 1
0 157 159 158 130 131 130 1
0 160 161 162 132 133 133 1
0 161 163 162 133 134 133 1
0 164 165 166 135 136 136 1
0 165 167 166 136 137 136 1
0 168 169 170 138 139 139 1
0 169 171 170 139 140 139 1
0 172 173 174 141 142 142 1
0 173 175 174 142 143 142 1
0 176 177 178 144 145 145 1
0 177 179 178 145 146 145 1
0 180 181 182 147 147 147 1
0 181 183 182 147 147 147 1
0 184 185 186 148 148 148 1
0 185 187 186 148 149 148 1
0 188 189 190 150 150 150 1
0 189 191 190 150 150 150 1
0 192 193 194 151 152 152 1
0 193 195 194 152 153 152 1
0 196 197 198 154 155 155 1
0 197 199 198 155 156 155 1
0 200 201 202 157 158 158 1
0 201 203 202 158 159 158 1
0 204 205 206 160 161 161 1
0 205 207 206 161 162 161 1
0 208 209 210 163 164 164 1
0 209 211 210 164 165 164 1
0 2 212 0 2 166 0 1
0 212 213 0 166 167 0 1
0 214 215 216 168 169 169 1
0 215 217 216 169 170 169 1
0 218 219 220 171 172 173 1
0 219 221 220 172 174 173 1
0 220 221 222 173 174 175 1
0 221 223 222 174 176 175 1
0 223 224 222 176 177 175 1
0 222 224 225 175 177 178 1
0 224 226 225 177 179 178 1
0 225 226 227 178 179 180 1
0 226 228 227 179 181 180 1
0 227 228 229 180 181 182 1
0 228 230 229 181 183 182 1
0 229 230 231 182 183 184 1
0 230 232 231 183 185 184 1
0 231 232 233 184 185 186 1
0 234 235 236 187 188 189 1
0 236 235 237 189 188 190 1
0 235 238 237 188 191 190 1
0 237 238 239 190 191 192 1
0 238 240 239 191 193 192 1
0 239 240 241 192 193 194 1
0 240 242 241 193 195 194 1
0 241 242 243 194 195 196 1
0 242 244 243 195 197 196 1
0 243 244 245 196 197 198 1
0 244 246 245 197 199 198 1
0 245 246 247 198 199 200 1
0 246 248 247 199 201 200 1
0 248 249 247 201 202 200 1
0 250 251 252 203 204 205 1
0 251 253 252 204 206 205 1
0 252 253 254 205 206 207 1
0 253 255 254 206 208 207 1
0 254 255 256 207 208 209 1
0 255 257 256 208 210 209 1
0 256 257 258 209 210 211 1
0 257 259 258 210 212 211 1
0 258 259 260 211 212 213 1
0 259 261 260 212 214 213 1
0 260 261 262 213 214 215 1
0 261 263 262 214 216 215 1
0 262 263 264 215 216 217 1
0 263 265 264 216 218 217 1
0 233 266 267 186 219 220 1
0 266 268 267 219 221 220 1
0 267 268 269 220 221 222 1
0 268 270 269 221 223 222 1
0 269 270 271 222 223 224 1
0 270 272 271 223 225 224 1
0 271 272 273 224 225 226 1
0 274 275 272 227 228 225 1
0 272 275 273 225 228 226 1
0 273 275 276 226 228 229 1
0 275 277 276 228 230 229 1
0 276 277 278 229 230 231 1
0 277 279 278 230 232 231 1
0 278 279 280 231 232 233 1
0 281 250 282 234 203 235 1
0 250 252 282 203 205 235 1
0 282 252 283 235 205 236 1
0 252 254 283 205 207 236 1
0 254 256 283 207 209 236 1
0 283 256 284 236 209 237 1
0 285 240 286 238 193 239 1
0 240 238 286 193 191 239 1
0 238 235 286 191 188 239 1
0 286 235 287 239 188 240 1
0 235 234 287 188 187 240 1
0 287 234 288 240 187 241 1
0 233 232 264 186 185 217 1
0 264 232 262 217 185 215 1
0 262 232 260 215 185 213 1
0 232 230 260 185 183 213 1
0 260 230 258 213 183 211 1
0 230 228 258 183 181 211 1
0 258 228 256 211 181 209 1
0 228 226 256 181 179 209 1
0 226 224 256 179 177 209 1
0 256 224 284 209 177 237 1
0 233 248 266 186 201 219 1
0 248 246 266 201 199 219 1
0 246 244 266 199 197 219 1
0 266 244 268 219 197 221 1
0 244 242 268 197 195 221 1
0 268 242 270 221 195 223 1
0 242 240 270 195 193 223 1
0 270 240 272 223 193 225 1
0 272 240 274 225 193 227 1
0 240 285 274 193 238 227 1

Materials: 5
"Tex_0003_0_dds"
1.000000 1.000000 1.000000 1.000000
0.800000 0.800000 0.800000 1.000000
0.500000 0.500000 0.500000 1.000000
0.000000 0.000000 0.000000 1.000000
0.185600
1.000000
"Tex_0003_0.png"
""
"Tex_0004_0_dds"
1.000000 1.000000 1.000000 1.000000
0.800000 0.800000 0.800000 1.000000
0.500000 0.500000 0.500000 1.000000
0.000000 0.000000 0.000000 1.000000
0.185600
1.000000
""
""
"Tex_0005_0_dds"
1.000000 1.000000 1.000000 1.000000
0.800000 0.800000 0.800000 1.000000
0.500000 0.500000 0.500000 1.000000
0.000000 0.000000 0.000000 1.000000
0.185600
1.000000
"Tex_0005_0.png"
""
"Tex_0006_0_dds"
1.000000 1.000000 1.000000 1.000000
0.800000 0.800000 0.800000 1.000000
0.500000 0.500000 0.500000 1.000000
0.000000 0.000000 0.000000 1.000000
0.185600
1.000000
"Tex_0006_0.png"
""
"Material01"
0.200000 0.200000 0.200000 0.710000
0.800000 0.800000 0.800000 0.710000
0.000000 0.000000 0.000000 0.710000
1.000000 1.000000 1.000000 0.710000
0.000000
0.710000
""
""

Bones: 1
"Camera"
""
8 0.000000 0.000000 0.000000 0.000000 -0.000000 0.000000
1
0 0 0 0
1
0 0 0 0
GroupComments: 0
MaterialComments: 0
BoneComments: 0
ModelComment: 0
