// MilkShape 3D ASCII

Frames: 30
Frame: 1

Meshes: 1
"Tex_0006_0_dds" 0 0
241
0 -14.741328 40.881985 8.117270 2.601562 -0.550781 -1
0 -13.423598 41.338844 3.139510 2.585938 -0.510742 -1
0 -9.771598 41.338844 9.464951 2.560547 -0.556641 -1
0 0.205832 43.004536 -0.512480 2.486328 -0.483398 -1
0 -3.446158 41.338844 13.116950 2.513672 -0.583984 -1
0 -8.423918 40.881985 14.434680 2.552734 -0.599609 -1
0 0.205832 39.272682 28.650890 2.486328 -0.684570 -1
0 -7.415678 39.304295 27.931370 2.539062 -0.684570 -1
0 -14.375849 39.272682 24.743738 2.585938 -0.657227 -1
0 -20.616507 39.304295 20.309858 2.632812 -0.630859 -1
0 -25.050377 39.272682 14.069201 2.660156 -0.583984 -1
0 -28.238016 39.304295 7.109030 2.687500 -0.537109 -1
0 -28.957539 39.272682 -0.512480 2.687500 -0.483398 -1
0 -17.053659 40.881985 -0.512480 2.621094 -0.483398 -1
0 -13.423598 41.338844 -4.164470 2.585938 -0.456055 -1
0 -28.238016 39.304295 -8.133989 2.687500 -0.429688 -1
0 -25.050386 39.272682 -15.094160 2.660156 -0.382812 -1
0 -14.741328 40.881985 -9.142230 2.601562 -0.416016 -1
0 -9.771598 41.338844 -10.489910 2.560547 -0.409180 -1
0 -20.616507 39.304295 -21.334820 2.632812 -0.335938 -1
0 -14.375849 39.272682 -25.768690 2.585938 -0.308594 -1
0 -8.423918 40.881985 -15.459641 2.552734 -0.367188 -1
0 -3.446158 41.338844 -14.141911 2.513672 -0.382812 -1
0 -7.415678 39.304295 -28.956329 2.539062 -0.282227 -1
0 0.205832 39.272682 -29.675850 2.486328 -0.282227 -1
0 0.205832 40.881985 -17.771971 2.486328 -0.348633 -1
0 3.857822 41.338844 -14.141911 2.458984 -0.382812 -1
0 7.827343 39.304295 -28.956329 2.431641 -0.282227 -1
0 14.787512 39.272682 -25.768700 2.384766 -0.308594 -1
0 8.835583 40.881985 -15.459641 2.419922 -0.367188 -1
0 10.183262 41.338844 -10.489910 2.412109 -0.409180 -1
0 15.152992 40.881985 -9.142230 2.369141 -0.416016 -1
0 13.835262 41.338844 -4.164470 2.384766 -0.456055 -1
0 21.028172 39.304295 -21.334820 2.337891 -0.335938 -1
0 25.462042 39.272682 -15.094160 2.312500 -0.382812 -1
0 28.649681 39.304295 -8.133989 2.285156 -0.429688 -1
0 29.369202 39.272682 -0.512480 2.285156 -0.483398 -1
0 17.465321 40.881985 -0.512480 2.351562 -0.483398 -1
0 13.835262 41.338844 3.139510 2.384766 -0.510742 -1
0 28.649681 39.304295 7.109030 2.285156 -0.537109 -1
0 25.462051 39.272682 14.069201 2.312500 -0.583984 -1
0 15.152992 40.881985 8.117270 2.369141 -0.550781 -1
0 10.183262 41.338844 9.464951 2.412109 -0.556641 -1
0 21.028172 39.304295 20.309858 2.337891 -0.630859 -1
0 14.787512 39.272682 24.743729 2.384766 -0.657227 -1
0 8.835583 40.881985 14.434680 2.419922 -0.599609 -1
0 3.857822 41.338844 13.116950 2.458984 -0.583984 -1
0 7.827343 39.304295 27.931370 2.431641 -0.684570 -1
0 0.205832 40.881985 16.747009 2.486328 -0.617188 -1
0 0.205832 34.465317 -65.235573 2.486328 0.020020 -1
0 17.296471 34.465317 -64.295609 2.351562 0.020020 -1
0 32.567383 34.465317 -56.564327 2.234375 -0.047852 -1
0 46.898331 34.465317 -47.204979 2.117188 -0.115234 -1
0 26.791952 28.890110 -99.733231 2.269531 0.321777 -1
0 50.519100 28.890110 -87.657623 2.083984 0.213867 -1
0 72.840454 28.890110 -73.147102 1.896484 0.105957 -1
0 87.350975 28.890110 -50.825745 1.789062 -0.081055 -1
0 56.257671 34.465317 -32.874031 2.050781 -0.231445 -1
0 30.666893 20.965311 -114.194679 2.242188 0.427734 -1
0 57.884594 20.965311 -100.415024 2.031250 0.305664 -1
0 83.426979 20.965311 -83.733627 1.819336 0.183594 -1
0 100.108368 20.965311 -58.191250 1.697266 -0.028320 -1
0 113.888031 20.965311 -30.973541 1.575195 -0.239258 -1
0 99.426582 28.890110 -27.098600 1.680664 -0.267578 -1
0 100.832367 28.890110 -0.512480 1.680664 -0.483398 -1
0 115.563339 20.965311 -0.512480 1.575195 -0.483398 -1
0 113.888031 20.965311 29.948582 1.575195 -0.727539 -1
0 99.426582 28.890110 26.073639 1.680664 -0.699219 -1
0 87.350975 28.890110 49.800789 1.789062 -0.885742 -1
0 100.108383 20.965311 57.166283 1.697266 -0.938477 -1
0 63.257771 12.092012 -109.721642 1.977539 0.396973 -1
0 91.194252 12.092012 -91.500900 1.742188 0.260742 -1
0 109.414993 12.092012 -63.564419 1.605469 0.024902 -1
0 124.498322 12.092012 -33.816563 1.469727 -0.210938 -1
0 126.309708 12.092012 -0.512480 1.469727 -0.483398 -1
0 124.498322 12.092012 32.791599 1.469727 -0.755859 -1
0 109.414993 12.092012 62.539463 1.605469 -0.991211 -1
0 83.426979 20.965311 82.708679 1.819336 -1.150391 -1
0 91.194252 12.092012 90.475952 1.742188 -1.228516 -1
0 127.562500 -1.284688 -34.637600 1.268555 -0.157227 -1
0 129.439346 -1.284688 -0.512480 1.268555 -0.483398 -1
0 127.562500 -1.284688 33.612640 1.268555 -0.809570 -1
0 112.125336 -1.284688 64.104286 1.431641 -1.091797 -1
0 93.437378 -1.284688 92.719078 1.594727 -1.375000 -1
0 63.257771 12.092012 108.696693 1.977539 -1.363281 -1
0 64.822586 -1.284688 111.407036 1.876953 -1.539062 -1
0 34.330956 -1.284688 126.844200 2.160156 -1.701172 -1
0 33.509914 12.092012 123.780022 2.212891 -1.500000 -1
0 0.205832 12.092012 125.591400 2.486328 -1.500000 -1
0 0.205832 -1.284688 128.721039 2.486328 -1.701172 -1
0 131.346024 -14.146488 -0.512480 1.066406 -0.483398 -1
0 129.444702 -14.146488 34.116970 1.066406 -0.863281 -1
0 113.776566 -14.146488 65.057625 1.256836 -1.193359 -1
0 94.815247 -14.146488 94.096947 1.447266 -1.521484 -1
0 65.775932 -14.146488 113.058266 1.776367 -1.712891 -1
0 34.835285 -14.146488 128.726395 2.105469 -1.902344 -1
0 0.205832 -14.146488 130.627731 2.486328 -1.902344 -1
0 -33.919285 -1.284688 126.844200 2.812500 -1.701172 -1
0 -34.423615 -14.146488 128.726395 2.867188 -1.902344 -1
0 95.308945 -18.784689 94.590645 1.421875 -1.548828 -1
0 66.119728 -18.784689 113.653740 1.758789 -1.742188 -1
0 35.015995 -18.784689 129.400787 2.095703 -1.937500 -1
0 0.205832 -18.784689 131.315308 2.486328 -1.937500 -1
0 -34.604324 -18.784689 129.400787 2.875000 -1.937500 -1
0 -65.364273 -14.146488 113.058266 3.195312 -1.712891 -1
0 -65.708076 -18.784689 113.653740 3.212891 -1.742188 -1
0 -94.897293 -18.784689 94.590645 3.550781 -1.548828 -1
0 -94.403595 -14.146488 94.096947 3.525391 -1.521484 -1
0 -113.364914 -14.146488 65.057625 3.714844 -1.193359 -1
0 66.379150 -22.284687 114.103073 1.741211 -1.773438 -1
0 35.668015 -22.284687 131.834167 2.087891 -1.972656 -1
0 0.205832 -22.284687 131.834167 2.486328 -1.972656 -1
0 -35.256344 -22.284687 131.834167 2.884766 -1.972656 -1
0 -65.967491 -22.284687 114.103073 3.230469 -1.773438 -1
0 -96.678642 -22.284687 96.371994 3.576172 -1.574219 -1
0 -114.409714 -22.284687 65.660843 3.775391 -1.228516 -1
0 -113.960388 -18.784689 65.401428 3.746094 -1.210938 -1
0 -129.707443 -18.784689 34.297680 3.939453 -0.873047 -1
0 -129.033051 -14.146488 34.116970 3.906250 -0.863281 -1
0 -130.934372 -14.146488 -0.512480 3.906250 -0.483398 -1
0 -131.621964 -18.784689 -0.512480 3.939453 -0.483398 -1
0 -129.707443 -18.784689 -35.322639 3.939453 -0.093750 -1
0 -129.033051 -14.146488 -35.141930 3.906250 -0.103516 -1
0 -113.364914 -14.146488 -66.082573 3.714844 0.226074 -1
0 -113.960388 -18.784689 -66.426376 3.746094 0.243652 -1
0 -94.897293 -18.784689 -95.615593 3.550781 0.581299 -1
0 -94.403595 -14.146488 -95.121895 3.525391 0.555664 -1
0 -65.364273 -14.146488 -114.083214 3.195312 0.745850 -1
0 -65.708076 -18.784689 -114.678688 3.212891 0.776123 -1
0 -34.604324 -18.784689 -130.425735 2.875000 0.970978 -1
0 -132.140808 -22.284687 34.949699 3.974609 -0.882812 -1
0 -132.140808 -22.284687 -0.512480 3.974609 -0.483398 -1
0 -132.140808 -22.284687 -35.974659 3.974609 -0.083984 -1
0 -114.409714 -22.284687 -66.685791 3.775391 0.261230 -1
0 -96.678642 -22.284687 -97.396942 3.576172 0.606934 -1
0 -65.967491 -22.284687 -115.128021 3.230469 0.806519 -1
0 -35.256344 -22.284687 -132.859116 2.884766 1.005993 -1
0 0.205832 -22.284687 -132.859116 2.486328 1.005993 -1
0 0.205832 -18.784689 -132.340256 2.486328 0.970978 -1
0 35.015995 -18.784689 -130.425735 2.095703 0.970978 -1
0 35.668015 -22.284687 -132.859116 2.087891 1.005993 -1
0 66.379150 -22.284687 -115.128021 1.741211 0.806519 -1
0 66.119728 -18.784689 -114.678688 1.758789 0.776123 -1
0 95.308945 -18.784689 -95.615593 1.421875 0.581299 -1
0 97.090302 -22.284687 -97.396942 1.395508 0.606934 -1
0 114.821373 -22.284687 -66.685791 1.196289 0.261230 -1
0 114.372040 -18.784689 -66.426376 1.226562 0.243652 -1
0 130.119095 -18.784689 -35.322639 1.032227 -0.093750 -1
0 132.552475 -22.284687 -35.974659 0.996582 -0.083984 -1
0 132.552475 -22.284687 -0.512480 0.996582 -0.483398 -1
0 129.444702 -14.146488 -35.141930 1.066406 -0.103516 -1
0 113.776566 -14.146488 -66.082573 1.256836 0.226074 -1
0 94.815247 -14.146488 -95.121895 1.447266 0.555664 -1
0 65.775932 -14.146488 -114.083214 1.776367 0.745850 -1
0 34.835285 -14.146488 -129.751343 2.105469 0.935974 -1
0 0.205832 -14.146488 -131.652679 2.486328 0.935974 -1
0 -34.423615 -14.146488 -129.751343 2.867188 0.935974 -1
0 93.437378 -1.284688 -93.744026 1.594727 0.408203 -1
0 64.822586 -1.284688 -112.431984 1.876953 0.571533 -1
0 34.330956 -1.284688 -127.869148 2.160156 0.734619 -1
0 0.205832 -1.284688 -129.745987 2.486328 0.734619 -1
0 -33.919285 -1.284688 -127.869148 2.812500 0.734619 -1
0 -64.410934 -1.284688 -112.431984 3.095703 0.571533 -1
0 -93.025726 -1.284688 -93.744026 3.376953 0.408203 -1
0 -111.713684 -1.284688 -65.129227 3.541016 0.125488 -1
0 33.509914 12.092012 -124.804970 2.212891 0.533447 -1
0 0.205832 12.092012 -126.616348 2.486328 0.533447 -1
0 -33.098248 12.092012 -124.804970 2.757812 0.533447 -1
0 -62.846107 12.092012 -109.721642 2.994141 0.396973 -1
0 -90.782600 12.092012 -91.500893 3.230469 0.260742 -1
0 -109.003342 12.092012 -63.564419 3.367188 0.024902 -1
0 -127.150848 -1.284688 -34.637600 3.703125 -0.157227 -1
0 -124.086670 12.092012 -33.816563 3.501953 -0.210938 -1
0 0.205832 20.965311 -115.869987 2.486328 0.427734 -1
0 -30.255228 20.965311 -114.194679 2.730469 0.427734 -1
0 -57.472939 20.965311 -100.415016 2.941406 0.305664 -1
0 -83.015320 20.965311 -83.733627 3.152344 0.183594 -1
0 -99.696724 20.965311 -58.191238 3.275391 -0.028320 -1
0 -113.476379 20.965311 -30.973541 3.396484 -0.239258 -1
0 0.205832 28.890110 -101.139008 2.486328 0.321777 -1
0 -26.380289 28.890110 -99.733231 2.701172 0.321777 -1
0 -50.107437 28.890110 -87.657623 2.888672 0.213867 -1
0 -72.428802 28.890110 -73.147102 3.076172 0.105957 -1
0 -86.939316 28.890110 -50.825745 3.183594 -0.081055 -1
0 -99.014923 28.890110 -27.098600 3.291016 -0.267578 -1
0 -100.420708 28.890110 -0.512480 3.291016 -0.483398 -1
0 -115.151688 20.965311 -0.512480 3.396484 -0.483398 -1
0 -16.884809 34.465317 -64.295609 2.621094 0.020020 -1
0 -32.155716 34.465317 -56.564320 2.738281 -0.047852 -1
0 -46.486668 34.465317 -47.204979 2.855469 -0.115234 -1
0 -55.846020 34.465317 -32.874031 2.921875 -0.231445 -1
0 -63.577297 34.465317 -17.603121 2.990234 -0.348633 -1
0 -64.517273 34.465317 -0.512480 2.990234 -0.483398 -1
0 -63.577297 34.465317 16.578159 2.990234 -0.618164 -1
0 -55.846008 34.465317 31.849070 2.921875 -0.735352 -1
0 -46.486668 34.465317 46.180023 2.855469 -0.851562 -1
0 -32.155716 34.465317 55.539371 2.738281 -0.918945 -1
0 -16.884809 34.465317 63.270653 2.621094 -0.986328 -1
0 0.205832 34.465317 64.210625 2.486328 -0.986328 -1
0 17.296471 34.465317 63.270653 2.351562 -0.986328 -1
0 32.567383 34.465317 55.539364 2.234375 -0.918945 -1
0 26.791952 28.890110 98.708282 2.269531 -1.289062 -1
0 0.205832 28.890110 100.114059 2.486328 -1.289062 -1
0 -26.380289 28.890110 98.708282 2.701172 -1.289062 -1
0 -50.107437 28.890110 86.632675 2.888672 -1.181641 -1
0 -72.428802 28.890110 72.122154 3.076172 -1.072266 -1
0 -86.939316 28.890110 49.800789 3.183594 -0.885742 -1
0 -99.014923 28.890110 26.073639 3.291016 -0.699219 -1
0 30.666893 20.965311 113.169731 2.242188 -1.394531 -1
0 0.205832 20.965311 114.845039 2.486328 -1.394531 -1
0 -30.255228 20.965311 113.169731 2.730469 -1.394531 -1
0 -57.472931 20.965311 99.390076 2.941406 -1.271484 -1
0 -83.015320 20.965311 82.708679 3.152344 -1.150391 -1
0 -99.696716 20.965311 57.166294 3.275391 -0.938477 -1
0 -113.476379 20.965311 29.948582 3.396484 -0.727539 -1
0 -33.098248 12.092012 123.780022 2.757812 -1.500000 -1
0 -62.846107 12.092012 108.696693 2.994141 -1.363281 -1
0 -90.782593 12.092012 90.475952 3.230469 -1.228516 -1
0 -109.003342 12.092012 62.539463 3.367188 -0.991211 -1
0 -124.086670 12.092012 32.791599 3.501953 -0.755859 -1
0 -125.898048 12.092012 -0.512480 3.501953 -0.483398 -1
0 -64.410927 -1.284688 111.407036 3.095703 -1.539062 -1
0 -93.025726 -1.284688 92.719078 3.376953 -1.375000 -1
0 -111.713684 -1.284688 64.104286 3.541016 -1.091797 -1
0 -127.150848 -1.284688 33.612640 3.703125 -0.809570 -1
0 -129.027679 -1.284688 -0.512480 3.703125 -0.483398 -1
0 72.840454 28.890110 72.122154 1.896484 -1.072266 -1
0 50.519100 28.890110 86.632675 2.083984 -1.181641 -1
0 57.884602 20.965311 99.390068 2.031250 -1.271484 -1
0 46.898331 34.465317 46.180023 2.117188 -0.851562 -1
0 56.257683 34.465317 31.849070 2.050781 -0.735352 -1
0 63.988964 34.465317 16.578159 1.982422 -0.618164 -1
0 64.928925 34.465317 -0.512480 1.982422 -0.483398 -1
0 63.988964 34.465317 -17.603121 1.982422 -0.348633 -1
0 112.125336 -1.284688 -65.129234 1.431641 0.125488 -1
0 114.372040 -18.784689 65.401428 1.226562 -1.210938 -1
0 130.119095 -18.784689 34.297680 1.032227 -0.873047 -1
0 132.033615 -18.784689 -0.512480 1.032227 -0.483398 -1
0 132.552475 -22.284687 34.949699 0.996582 -0.882812 -1
0 114.821373 -22.284687 65.660843 1.196289 -1.228516 -1
0 97.090302 -22.284687 96.371994 1.395508 -1.574219 -1
241
0.113397 -0.991390 -0.065470
0.121044 -0.992117 -0.032434
0.088610 -0.992117 -0.088610
-0 -1 -0
0.032434 -0.992117 -0.121044
0.065470 -0.991390 -0.113397
0 -0.991009 -0.133798
0.033986 -0.991341 -0.126838
0.066899 -0.991009 -0.115873
0.092852 -0.991341 -0.092852
0.115873 -0.991009 -0.066899
0.126838 -0.991341 -0.033986
0.133798 -0.991009 -0
0.130939 -0.991390 -0
0.121044 -0.992117 0.032434
0.126838 -0.991341 0.033986
0.115873 -0.991009 0.066899
0.113397 -0.991390 0.065470
0.088610 -0.992117 0.088610
0.092852 -0.991341 0.092852
0.066899 -0.991009 0.115873
0.065470 -0.991390 0.113397
0.032434 -0.992117 0.121044
0.033986 -0.991341 0.126838
0 -0.991009 0.133798
0 -0.991390 0.130939
-0.032434 -0.992117 0.121044
-0.033986 -0.991341 0.126838
-0.066899 -0.991009 0.115873
-0.065470 -0.991390 0.113397
-0.088610 -0.992117 0.088610
-0.113397 -0.991390 0.065470
-0.121044 -0.992117 0.032434
-0.092852 -0.991341 0.092852
-0.115873 -0.991009 0.066899
-0.126838 -0.991341 0.033986
-0.133798 -0.991009 0
-0.130939 -0.991390 0
-0.121044 -0.992117 -0.032434
-0.126838 -0.991341 -0.033986
-0.115873 -0.991009 -0.066899
-0.113397 -0.991390 -0.065470
-0.088610 -0.992117 -0.088610
-0.092852 -0.991341 -0.092852
-0.066899 -0.991009 -0.115873
-0.065470 -0.991390 -0.113397
-0.032434 -0.992117 -0.121044
-0.033986 -0.991341 -0.126838
0 -0.991390 -0.130939
-0 -0.989619 0.143715
-0.036443 -0.990038 0.136006
-0.071858 -0.989619 0.124461
-0.099563 -0.990038 0.099563
-0.081034 -0.949723 0.302424
-0.159276 -0.947905 0.275874
-0.221390 -0.949723 0.221390
-0.275874 -0.947905 0.159276
-0.124461 -0.989619 0.071858
-0.142445 -0.834924 0.531612
-0.278959 -0.829896 0.483171
-0.389167 -0.834924 0.389167
-0.483171 -0.829896 0.278959
-0.531612 -0.834924 0.142445
-0.302424 -0.949723 0.081034
-0.318552 -0.947905 -0
-0.557918 -0.829896 0
-0.531612 -0.834924 -0.142445
-0.302424 -0.949723 -0.081034
-0.275874 -0.947905 -0.159276
-0.483171 -0.829896 -0.278959
-0.424902 -0.527099 0.735952
-0.597550 -0.534665 0.597550
-0.735952 -0.527099 0.424902
-0.816269 -0.534666 0.218719
-0.849804 -0.527099 0
-0.816269 -0.534666 -0.218719
-0.735952 -0.527099 -0.424902
-0.389167 -0.834924 -0.389167
-0.597550 -0.534665 -0.597550
-0.948191 -0.190743 0.254067
-0.982286 -0.187386 0
-0.948191 -0.190743 -0.254067
-0.850685 -0.187386 -0.491143
-0.694124 -0.190743 -0.694124
-0.424902 -0.527099 -0.735952
-0.491143 -0.187386 -0.850685
-0.254067 -0.190743 -0.948191
-0.218719 -0.534666 -0.816269
0 -0.527099 -0.849804
0 -0.187387 -0.982286
-0.989206 -0.146531 0
-0.955096 -0.149323 -0.255917
-0.856677 -0.146532 -0.494603
-0.699179 -0.149324 -0.699179
-0.494603 -0.146532 -0.856677
-0.255917 -0.149323 -0.955096
0 -0.146531 -0.989206
0.254067 -0.190743 -0.948191
0.255917 -0.149323 -0.955096
-0.682144 -0.263363 -0.682144
-0.494595 -0.146641 -0.856664
-0.249682 -0.263363 -0.931826
0 -0.146641 -0.989190
0.249682 -0.263363 -0.931826
0.494603 -0.146532 -0.856678
0.494595 -0.146641 -0.856664
0.682144 -0.263362 -0.682144
0.699179 -0.149324 -0.699179
0.856677 -0.146532 -0.494603
-0.464790 -0.368620 -0.805040
-0.210063 -0.584186 -0.783965
0 -0.368622 -0.929579
0.210063 -0.584186 -0.783965
0.464790 -0.368619 -0.805041
0.573903 -0.584184 -0.573903
0.805041 -0.368617 -0.464790
0.856664 -0.146640 -0.494595
0.931826 -0.263362 -0.249682
0.955096 -0.149323 -0.255917
0.989206 -0.146532 0
0.989190 -0.146641 0
0.931826 -0.263362 0.249682
0.955096 -0.149323 0.255917
0.856677 -0.146532 0.494603
0.856664 -0.146640 0.494595
0.682144 -0.263362 0.682144
0.699179 -0.149324 0.699179
0.494603 -0.146532 0.856678
0.494595 -0.146641 0.856664
0.249682 -0.263363 0.931826
0.783966 -0.584184 -0.210063
0.929581 -0.368619 0
0.783966 -0.584184 0.210063
0.805041 -0.368617 0.464791
0.573903 -0.584184 0.573903
0.464790 -0.368619 0.805040
0.210063 -0.584186 0.783965
0 -0.368622 0.929579
0 -0.146641 0.989190
-0.249682 -0.263363 0.931826
-0.210063 -0.584186 0.783965
-0.464790 -0.368620 0.805040
-0.494595 -0.146641 0.856664
-0.682144 -0.263363 0.682144
-0.573902 -0.584185 0.573902
-0.805040 -0.368619 0.464790
-0.856664 -0.146641 0.494595
-0.931825 -0.263363 0.249682
-0.783965 -0.584186 0.210063
-0.929579 -0.368622 0
-0.955096 -0.149323 0.255917
-0.856677 -0.146532 0.494603
-0.699179 -0.149324 0.699179
-0.494603 -0.146532 0.856677
-0.255917 -0.149323 0.955096
0 -0.146531 0.989206
0.255917 -0.149323 0.955096
-0.694124 -0.190743 0.694124
-0.491143 -0.187386 0.850685
-0.254067 -0.190743 0.948191
0 -0.187387 0.982286
0.254067 -0.190743 0.948191
0.491143 -0.187386 0.850685
0.694124 -0.190743 0.694124
0.850685 -0.187386 0.491143
-0.218719 -0.534666 0.816269
0 -0.527099 0.849804
0.218718 -0.534666 0.816269
0.424902 -0.527099 0.735952
0.597550 -0.534666 0.597550
0.735952 -0.527099 0.424902
0.948191 -0.190743 0.254067
0.816269 -0.534666 0.218719
0 -0.829896 0.557918
0.142445 -0.834924 0.531612
0.278959 -0.829896 0.483171
0.389167 -0.834924 0.389167
0.483171 -0.829896 0.278959
0.531612 -0.834924 0.142445
0 -0.947905 0.318552
0.081034 -0.949723 0.302424
0.159276 -0.947905 0.275874
0.221390 -0.949723 0.221390
0.275874 -0.947905 0.159276
0.302424 -0.949723 0.081034
0.318552 -0.947905 -0
0.557918 -0.829896 0
0.036443 -0.990038 0.136006
0.071858 -0.989619 0.124461
0.099563 -0.990038 0.099563
0.124461 -0.989619 0.071858
0.136006 -0.990038 0.036443
0.143715 -0.989619 0
0.136006 -0.990038 -0.036443
0.124461 -0.989619 -0.071858
0.099563 -0.990038 -0.099563
0.071858 -0.989619 -0.124461
0.036443 -0.990038 -0.136006
-0 -0.989619 -0.143715
-0.036443 -0.990038 -0.136006
-0.071858 -0.989619 -0.124461
-0.081034 -0.949723 -0.302424
-0 -0.947905 -0.318552
0.081034 -0.949723 -0.302424
0.159276 -0.947905 -0.275874
0.221390 -0.949723 -0.221390
0.275874 -0.947905 -0.159276
0.302424 -0.949723 -0.081034
-0.142445 -0.834924 -0.531612
0 -0.829896 -0.557918
0.142445 -0.834924 -0.531612
0.278959 -0.829896 -0.483171
0.389167 -0.834924 -0.389167
0.483171 -0.829896 -0.278959
0.531612 -0.834924 -0.142445
0.218718 -0.534666 -0.816269
0.424902 -0.527099 -0.735952
0.597550 -0.534666 -0.597550
0.735952 -0.527099 -0.424902
0.816269 -0.534666 -0.218718
0.849804 -0.527099 0
0.491143 -0.187386 -0.850685
0.694124 -0.190743 -0.694124
0.850685 -0.187386 -0.491143
0.948191 -0.190743 -0.254067
0.982286 -0.187387 0
-0.221390 -0.949723 -0.221390
-0.159276 -0.947905 -0.275874
-0.278959 -0.829896 -0.483171
-0.099563 -0.990038 -0.099563
-0.124461 -0.989619 -0.071858
-0.136006 -0.990038 -0.036443
-0.143715 -0.989619 -0
-0.136006 -0.990038 0.036443
-0.850685 -0.187386 0.491143
-0.856664 -0.146641 -0.494595
-0.931825 -0.263363 -0.249682
-0.989190 -0.146643 0
-0.783965 -0.584186 -0.210063
-0.805040 -0.368619 -0.464790
-0.573902 -0.584185 -0.573902
456
0 0 1 2 0 1 2 1
0 1 3 2 1 3 2 1
0 3 4 2 3 4 2 1
0 2 4 5 2 4 5 1
0 6 7 4 6 7 4 1
0 7 8 4 7 8 4 1
0 4 8 5 4 8 5 1
0 5 8 2 5 8 2 1
0 8 9 2 8 9 2 1
0 9 10 2 9 10 2 1
0 2 10 0 2 10 0 1
0 0 10 1 0 10 1 1
0 10 11 1 10 11 1 1
0 11 12 1 11 12 1 1
0 1 12 13 1 12 13 1
0 13 12 14 13 12 14 1
0 12 15 14 12 15 14 1
0 14 15 16 14 15 16 1
0 17 18 14 17 18 14 1
0 18 3 14 18 3 14 1
0 3 1 14 3 1 14 1
0 14 1 13 14 1 13 1
0 14 16 17 14 16 17 1
0 17 16 18 17 16 18 1
0 16 19 18 16 19 18 1
0 19 20 18 19 20 18 1
0 18 20 21 18 20 21 1
0 21 20 22 21 20 22 1
0 20 23 22 20 23 22 1
0 23 24 22 23 24 22 1
0 22 24 25 22 24 25 1
0 25 24 26 25 24 26 1
0 24 27 26 24 27 26 1
0 27 28 26 27 28 26 1
0 26 28 29 26 28 29 1
0 28 30 29 28 30 29 1
0 25 26 22 25 26 22 1
0 26 3 22 26 3 22 1
0 3 18 22 3 18 22 1
0 22 18 21 22 18 21 1
0 31 32 30 31 32 30 1
0 32 3 30 32 3 30 1
0 3 26 30 3 26 30 1
0 30 26 29 30 26 29 1
0 28 33 30 28 33 30 1
0 33 34 30 33 34 30 1
0 30 34 31 30 34 31 1
0 31 34 32 31 34 32 1
0 34 35 32 34 35 32 1
0 35 36 32 35 36 32 1
0 32 36 37 32 36 37 1
0 37 36 38 37 36 38 1
0 36 39 38 36 39 38 1
0 39 40 38 39 40 38 1
0 38 40 41 38 40 41 1
0 41 40 42 41 40 42 1
0 40 43 42 40 43 42 1
0 42 43 44 42 43 44 1
0 41 42 38 41 42 38 1
0 42 3 38 42 3 38 1
0 3 32 38 3 32 38 1
0 38 32 37 38 32 37 1
0 42 44 45 42 44 45 1
0 45 44 46 45 44 46 1
0 44 47 46 44 47 46 1
0 47 6 46 47 6 46 1
0 46 6 48 46 6 48 1
0 6 4 48 6 4 48 1
0 48 4 46 48 4 46 1
0 4 3 46 4 3 46 1
0 3 42 46 3 42 46 1
0 46 42 45 46 42 45 1
0 49 50 24 49 50 24 1
0 24 50 27 24 50 27 1
0 27 50 28 27 50 28 1
0 50 51 28 50 51 28 1
0 51 52 28 51 52 28 1
0 28 52 33 28 52 33 1
0 53 54 50 53 54 50 1
0 50 54 51 50 54 51 1
0 51 54 52 51 54 52 1
0 54 55 52 54 55 52 1
0 55 56 52 55 56 52 1
0 52 56 57 52 56 57 1
0 53 58 54 53 58 54 1
0 58 59 54 58 59 54 1
0 59 60 54 59 60 54 1
0 54 60 55 54 60 55 1
0 55 60 56 55 60 56 1
0 60 61 56 60 61 56 1
0 61 62 56 61 62 56 1
0 56 62 63 56 62 63 1
0 63 62 64 63 62 64 1
0 62 65 64 62 65 64 1
0 65 66 64 65 66 64 1
0 64 66 67 64 66 67 1
0 67 66 68 67 66 68 1
0 66 69 68 66 69 68 1
0 59 70 60 59 70 60 1
0 70 71 60 70 71 60 1
0 71 72 60 71 72 60 1
0 60 72 61 60 72 61 1
0 61 72 62 61 72 62 1
0 72 73 62 72 73 62 1
0 73 74 62 73 74 62 1
0 62 74 65 62 74 65 1
0 65 74 66 65 74 66 1
0 74 75 66 74 75 66 1
0 75 76 66 75 76 66 1
0 66 76 69 66 76 69 1
0 69 76 77 69 76 77 1
0 76 78 77 76 78 77 1
0 73 79 74 73 79 74 1
0 79 80 74 79 80 74 1
0 80 81 74 80 81 74 1
0 74 81 75 74 81 75 1
0 75 81 76 75 81 76 1
0 81 82 76 81 82 76 1
0 82 83 76 82 83 76 1
0 76 83 78 76 83 78 1
0 78 83 84 78 83 84 1
0 83 85 84 83 85 84 1
0 85 86 84 85 86 84 1
0 84 86 87 84 86 87 1
0 87 86 88 87 86 88 1
0 86 89 88 86 89 88 1
0 80 90 81 80 90 81 1
0 90 91 81 90 91 81 1
0 91 92 81 91 92 81 1
0 81 92 82 81 92 82 1
0 82 92 83 82 92 83 1
0 92 93 83 92 93 83 1
0 93 94 83 93 94 83 1
0 83 94 85 83 94 85 1
0 85 94 86 85 94 86 1
0 94 95 86 94 95 86 1
0 95 96 86 95 96 86 1
0 86 96 89 86 96 89 1
0 89 96 97 89 96 97 1
0 96 98 97 96 98 97 1
0 92 99 93 92 99 93 1
0 93 99 94 93 99 94 1
0 99 100 94 99 100 94 1
0 100 101 94 100 101 94 1
0 94 101 95 94 101 95 1
0 95 101 96 95 101 96 1
0 101 102 96 101 102 96 1
0 102 103 96 102 103 96 1
0 96 103 98 96 103 98 1
0 98 103 104 98 103 104 1
0 103 105 104 103 105 104 1
0 105 106 104 105 106 104 1
0 104 106 107 104 106 107 1
0 106 108 107 106 108 107 1
0 99 109 100 99 109 100 1
0 100 109 101 100 109 101 1
0 109 110 101 109 110 101 1
0 110 111 101 110 111 101 1
0 101 111 102 101 111 102 1
0 102 111 103 102 111 103 1
0 111 112 103 111 112 103 1
0 112 113 103 112 113 103 1
0 103 113 105 103 113 105 1
0 105 113 106 105 113 106 1
0 113 114 106 113 114 106 1
0 114 115 106 114 115 106 1
0 106 115 116 106 115 116 1
0 115 117 116 115 117 116 1
0 106 116 108 106 116 108 1
0 116 117 108 116 117 108 1
0 108 117 118 108 117 118 1
0 118 117 119 118 117 119 1
0 117 120 119 117 120 119 1
0 120 121 119 120 121 119 1
0 119 121 122 119 121 122 1
0 122 121 123 122 121 123 1
0 121 124 123 121 124 123 1
0 124 125 123 124 125 123 1
0 123 125 126 123 125 126 1
0 126 125 127 126 125 127 1
0 125 128 127 125 128 127 1
0 128 129 127 128 129 127 1
0 115 130 117 115 130 117 1
0 130 131 117 130 131 117 1
0 117 131 120 117 131 120 1
0 120 131 121 120 131 121 1
0 131 132 121 131 132 121 1
0 132 133 121 132 133 121 1
0 121 133 124 121 133 124 1
0 124 133 125 124 133 125 1
0 133 134 125 133 134 125 1
0 134 135 125 134 135 125 1
0 125 135 128 125 135 128 1
0 128 135 129 128 135 129 1
0 135 136 129 135 136 129 1
0 129 136 137 129 136 137 1
0 129 137 138 129 137 138 1
0 138 137 139 138 137 139 1
0 137 140 139 137 140 139 1
0 140 141 139 140 141 139 1
0 139 141 142 139 141 142 1
0 142 141 143 142 141 143 1
0 141 144 143 141 144 143 1
0 144 145 143 144 145 143 1
0 143 145 146 143 145 146 1
0 146 145 147 146 145 147 1
0 145 148 147 145 148 147 1
0 147 148 149 147 148 149 1
0 90 150 147 90 150 147 1
0 150 151 147 150 151 147 1
0 147 151 146 147 151 146 1
0 146 151 143 146 151 143 1
0 151 152 143 151 152 143 1
0 152 153 143 152 153 143 1
0 143 153 142 143 153 142 1
0 142 153 139 142 153 139 1
0 153 154 139 153 154 139 1
0 154 155 139 154 155 139 1
0 139 155 138 139 155 138 1
0 138 155 129 138 155 129 1
0 155 156 129 155 156 129 1
0 129 156 127 129 156 127 1
0 152 157 153 152 157 153 1
0 157 158 153 157 158 153 1
0 158 159 153 158 159 153 1
0 153 159 154 153 159 154 1
0 154 159 155 154 159 155 1
0 159 160 155 159 160 155 1
0 160 161 155 160 161 155 1
0 155 161 156 155 161 156 1
0 156 161 127 156 161 127 1
0 161 162 127 161 162 127 1
0 162 163 127 162 163 127 1
0 127 163 126 127 163 126 1
0 126 163 123 126 163 123 1
0 163 164 123 163 164 123 1
0 158 70 159 158 70 159 1
0 70 165 159 70 165 159 1
0 165 166 159 165 166 159 1
0 159 166 160 159 166 160 1
0 160 166 161 160 166 161 1
0 166 167 161 166 167 161 1
0 167 168 161 167 168 161 1
0 161 168 162 161 168 162 1
0 162 168 163 162 168 163 1
0 168 169 163 168 169 163 1
0 169 170 163 169 170 163 1
0 163 170 164 163 170 164 1
0 164 170 171 164 170 171 1
0 170 172 171 170 172 171 1
0 59 58 70 59 58 70 1
0 70 58 165 70 58 165 1
0 165 58 166 165 58 166 1
0 58 173 166 58 173 166 1
0 173 174 166 173 174 166 1
0 166 174 167 166 174 167 1
0 167 174 168 167 174 168 1
0 174 175 168 174 175 168 1
0 175 176 168 175 176 168 1
0 168 176 169 168 176 169 1
0 169 176 170 169 176 170 1
0 176 177 170 176 177 170 1
0 177 178 170 177 178 170 1
0 178 172 170 178 172 170 1
0 53 179 58 53 179 58 1
0 58 179 173 58 179 173 1
0 173 179 174 173 179 174 1
0 179 180 174 179 180 174 1
0 180 181 174 180 181 174 1
0 174 181 175 174 181 175 1
0 175 181 176 175 181 176 1
0 181 182 176 181 182 176 1
0 182 183 176 182 183 176 1
0 176 183 177 176 183 177 1
0 177 183 178 177 183 178 1
0 183 184 178 183 184 178 1
0 184 185 178 184 185 178 1
0 185 186 178 185 186 178 1
0 53 50 179 53 50 179 1
0 50 49 179 50 49 179 1
0 49 187 179 49 187 179 1
0 179 187 180 179 187 180 1
0 180 187 181 180 187 181 1
0 187 188 181 187 188 181 1
0 188 189 181 188 189 181 1
0 181 189 182 181 189 182 1
0 182 189 183 182 189 183 1
0 189 190 183 189 190 183 1
0 190 191 183 190 191 183 1
0 183 191 184 183 191 184 1
0 184 191 185 184 191 185 1
0 191 192 185 191 192 185 1
0 49 24 187 49 24 187 1
0 24 23 187 24 23 187 1
0 23 20 187 23 20 187 1
0 187 20 188 187 20 188 1
0 188 20 189 188 20 189 1
0 20 19 189 20 19 189 1
0 19 16 189 19 16 189 1
0 189 16 190 189 16 190 1
0 190 16 191 190 16 191 1
0 16 15 191 16 15 191 1
0 15 12 191 15 12 191 1
0 191 12 192 191 12 192 1
0 192 12 193 192 12 193 1
0 12 11 193 12 11 193 1
0 11 10 193 11 10 193 1
0 193 10 194 193 10 194 1
0 194 10 195 194 10 195 1
0 10 9 195 10 9 195 1
0 9 8 195 9 8 195 1
0 195 8 196 195 8 196 1
0 196 8 197 196 8 197 1
0 8 7 197 8 7 197 1
0 7 6 197 7 6 197 1
0 197 6 198 197 6 198 1
0 198 6 199 198 6 199 1
0 6 47 199 6 47 199 1
0 47 44 199 47 44 199 1
0 44 200 199 44 200 199 1
0 201 202 199 201 202 199 1
0 199 202 198 199 202 198 1
0 198 202 197 198 202 197 1
0 202 203 197 202 203 197 1
0 203 204 197 203 204 197 1
0 197 204 196 197 204 196 1
0 196 204 195 196 204 195 1
0 204 205 195 204 205 195 1
0 205 206 195 205 206 195 1
0 195 206 194 195 206 194 1
0 194 206 193 194 206 193 1
0 206 207 193 206 207 193 1
0 207 185 193 207 185 193 1
0 193 185 192 193 185 192 1
0 201 208 202 201 208 202 1
0 208 209 202 208 209 202 1
0 209 210 202 209 210 202 1
0 202 210 203 202 210 203 1
0 203 210 204 203 210 204 1
0 210 211 204 210 211 204 1
0 211 212 204 211 212 204 1
0 204 212 205 204 212 205 1
0 205 212 206 205 212 206 1
0 212 213 206 212 213 206 1
0 213 214 206 213 214 206 1
0 206 214 207 206 214 207 1
0 207 214 185 207 214 185 1
0 214 186 185 214 186 185 1
0 209 88 210 209 88 210 1
0 88 215 210 88 215 210 1
0 215 216 210 215 216 210 1
0 210 216 211 210 216 211 1
0 211 216 212 211 216 212 1
0 216 217 212 216 217 212 1
0 217 218 212 217 218 212 1
0 212 218 213 212 218 213 1
0 213 218 214 213 218 214 1
0 218 219 214 218 219 214 1
0 219 220 214 219 220 214 1
0 214 220 186 214 220 186 1
0 186 220 178 186 220 178 1
0 220 172 178 220 172 178 1
0 89 97 88 89 97 88 1
0 88 97 215 88 97 215 1
0 215 97 216 215 97 216 1
0 97 221 216 97 221 216 1
0 221 222 216 221 222 216 1
0 216 222 217 216 222 217 1
0 217 222 218 217 222 218 1
0 222 223 218 222 223 218 1
0 223 224 218 223 224 218 1
0 218 224 219 218 224 219 1
0 219 224 220 219 224 220 1
0 224 225 220 224 225 220 1
0 225 171 220 225 171 220 1
0 220 171 172 220 171 172 1
0 98 104 97 98 104 97 1
0 97 104 221 97 104 221 1
0 221 104 222 221 104 222 1
0 104 107 222 104 107 222 1
0 107 108 222 107 108 222 1
0 222 108 223 222 108 223 1
0 223 108 224 223 108 224 1
0 108 118 224 108 118 224 1
0 118 119 224 118 119 224 1
0 224 119 225 224 119 225 1
0 225 119 171 225 119 171 1
0 119 122 171 119 122 171 1
0 122 123 171 122 123 171 1
0 171 123 164 171 123 164 1
0 69 77 68 69 77 68 1
0 68 77 226 68 77 226 1
0 226 77 227 226 77 227 1
0 77 228 227 77 228 227 1
0 228 208 227 228 208 227 1
0 227 208 201 227 208 201 1
0 201 199 227 201 199 227 1
0 199 200 227 199 200 227 1
0 200 229 227 200 229 227 1
0 227 229 226 227 229 226 1
0 226 229 68 226 229 68 1
0 229 230 68 229 230 68 1
0 230 231 68 230 231 68 1
0 68 231 67 68 231 67 1
0 67 231 64 67 231 64 1
0 231 232 64 231 232 64 1
0 232 233 64 232 233 64 1
0 64 233 63 64 233 63 1
0 63 233 56 63 233 56 1
0 233 57 56 233 57 56 1
0 200 44 229 200 44 229 1
0 44 43 229 44 43 229 1
0 43 40 229 43 40 229 1
0 229 40 230 229 40 230 1
0 230 40 231 230 40 231 1
0 40 39 231 40 39 231 1
0 39 36 231 39 36 231 1
0 231 36 232 231 36 232 1
0 232 36 233 232 36 233 1
0 36 35 233 36 35 233 1
0 35 34 233 35 34 233 1
0 233 34 57 233 34 57 1
0 57 34 52 57 34 52 1
0 34 33 52 34 33 52 1
0 158 157 70 158 157 70 1
0 70 157 71 70 157 71 1
0 71 157 72 71 157 72 1
0 157 234 72 157 234 72 1
0 234 79 72 234 79 72 1
0 72 79 73 72 79 73 1
0 152 151 157 152 151 157 1
0 157 151 234 157 151 234 1
0 234 151 79 234 151 79 1
0 151 150 79 151 150 79 1
0 150 90 79 150 90 79 1
0 79 90 80 79 90 80 1
0 99 92 235 99 92 235 1
0 235 92 236 235 92 236 1
0 92 91 236 92 91 236 1
0 91 90 236 91 90 236 1
0 236 90 237 236 90 237 1
0 90 147 237 90 147 237 1
0 147 149 237 147 149 237 1
0 237 149 236 237 149 236 1
0 149 238 236 149 238 236 1
0 238 239 236 238 239 236 1
0 236 239 235 236 239 235 1
0 235 239 99 235 239 99 1
0 239 240 99 239 240 99 1
0 99 240 109 99 240 109 1
0 78 84 77 78 84 77 1
0 77 84 228 77 84 228 1
0 228 84 208 228 84 208 1
0 84 87 208 84 87 208 1
0 87 88 208 87 88 208 1
0 208 88 209 208 88 209 1

Materials: 1
"Tex_0006_0_dds"
1 1 1 1
0.800000 0.800000 0.800000 1
0.500000 0.500000 0.500000 1
1 1 1 1
0.185600
1
"Tex_0006_0.ini"
""

Bones: 0
GroupComments: 0
MaterialComments: 0
BoneComments: 0
ModelComment: 0
