// MilkShape 3D ASCII

Frames: 30
Frame: 1

Meshes: 12
"Fucsia" 0 5
38
0 0.000214 -0.000002 0.000000 0.092277 0.261136 13
0 0.000000 -0.000002 0.000000 0.092277 0.261136 13
0 0.000183 -0.000002 0.000134 0.092277 0.261136 13
0 7.750000 0.000000 0.000000 0.092277 0.487760 15
0 6.711731 0.000000 3.875000 0.098307 0.487760 15
0 0.000183 -0.000002 0.000134 0.098307 0.261136 13
0 0.000092 0.000002 0.000229 0.092277 0.261136 13
0 0.000092 0.000002 0.000229 0.104336 0.261136 13
0 3.875000 0.000000 6.711697 0.104336 0.487760 15
0 0.000000 -0.000002 0.000263 0.092277 0.261136 13
0 0.000000 0.000000 7.750000 0.110366 0.487760 15
0 0.000000 -0.000002 0.000263 0.110366 0.261136 13
0 -0.000061 0.000002 0.000229 0.092277 0.261136 13
0 -0.000061 0.000002 0.000229 0.116395 0.261136 13
0 -3.875000 0.000000 6.711697 0.116395 0.487760 15
0 -0.000183 -0.000002 0.000134 0.092277 0.261136 13
0 -6.711670 0.000000 3.875000 0.122424 0.487760 15
0 -0.000183 -0.000002 0.000134 0.122424 0.261136 13
0 -0.000214 -0.000002 0.000000 0.092277 0.261136 13
0 -0.000214 -0.000002 0.000000 0.128454 0.261136 13
0 -7.750000 0.000000 0.000000 0.128454 0.487760 15
0 -0.000183 -0.000002 -0.000134 0.092277 0.261136 13
0 -6.711670 0.000000 -3.874998 0.134483 0.487760 15
0 -0.000183 -0.000002 -0.000134 0.134483 0.261136 13
0 -0.000061 0.000002 -0.000229 0.092277 0.261136 13
0 -0.000061 0.000002 -0.000229 0.140513 0.261136 13
0 -3.875000 0.000000 -6.711697 0.140513 0.487760 15
0 0.000000 -0.000002 -0.000263 0.092277 0.261136 13
0 0.000000 0.000000 -7.750000 0.146542 0.487760 15
0 0.000000 -0.000002 -0.000263 0.146542 0.261136 13
0 0.000092 0.000002 -0.000229 0.092277 0.261136 13
0 0.000092 0.000002 -0.000229 0.152572 0.261136 13
0 3.875000 0.000000 -6.711697 0.152572 0.487760 15
0 0.000183 -0.000002 -0.000134 0.092277 0.261136 13
0 6.711731 0.000000 -3.874998 0.158601 0.487760 15
0 0.000183 -0.000002 -0.000134 0.158601 0.261136 13
0 0.000214 -0.000002 0.000000 0.164630 0.261136 13
0 7.750000 0.000000 0.000000 0.164630 0.487760 15
37
0.000000 1.000000 0.000000
0.004040 0.999992 -0.000000
0.009057 0.999882 -0.012369
-0.000000 1.000000 -0.000000
-0.000000 1.000000 -0.000000
0.003911 0.999969 -0.006775
0.007823 0.999878 -0.013551
-0.012669 0.999843 -0.012375
-0.006950 0.999953 -0.006777
0.000000 1.000000 0.000000
0.011014 0.999939 0.000000
0.005503 0.999985 0.000000
0.011014 0.999939 -0.000000
0.024797 0.999634 -0.010856
0.012877 0.999899 -0.006045
-0.000000 1.000000 0.000000
-0.007943 0.999910 -0.010847
-0.003489 0.999976 -0.006043
-0.006977 0.999903 -0.012086
0.000000 1.000000 0.000000
0.000000 1.000000 0.000000
-0.007943 0.999910 0.010847
-0.003489 0.999976 0.006043
-0.006977 0.999903 0.012086
0.024797 0.999634 0.010856
0.012877 0.999899 0.006045
-0.000000 1.000000 -0.000000
0.005503 0.999985 -0.000000
0.011014 0.999939 0.000000
-0.012669 0.999843 0.012375
-0.006950 0.999953 0.006777
0.000000 1.000000 -0.000000
0.009057 0.999882 0.012369
0.003911 0.999969 0.006775
0.007823 0.999878 0.013551
-0.000000 1.000000 0.000000
-0.000000 1.000000 0.000000
36
0 0 1 2 0 1 2 2
0 3 0 4 3 4 5 1
0 0 5 4 4 6 5 1
0 2 1 6 2 1 7 2
0 4 5 7 5 6 8 1
0 4 7 8 5 8 9 1
0 6 1 9 7 1 10 2
0 8 7 10 9 8 11 1
0 7 11 10 8 12 11 1
0 9 1 12 10 1 13 2
0 10 11 13 11 12 14 1
0 10 13 14 11 14 15 1
0 12 1 15 13 1 16 2
0 14 13 16 15 14 17 1
0 13 17 16 14 18 17 1
0 15 1 18 16 1 0 2
0 16 17 19 17 18 19 1
0 16 19 20 17 19 20 1
0 18 1 21 0 1 21 2
0 20 19 22 20 19 22 1
0 19 23 22 19 23 22 1
0 21 1 24 21 1 24 2
0 22 23 25 22 23 25 1
0 22 25 26 22 25 26 1
0 24 1 27 24 1 10 2
0 26 25 28 26 25 27 1
0 25 29 28 25 28 27 1
0 27 1 30 10 1 29 2
0 28 29 31 27 28 30 1
0 28 31 32 27 30 31 1
0 30 1 33 29 1 32 2
0 32 31 34 31 30 33 1
0 31 35 34 30 34 33 1
0 33 1 0 32 1 0 2
0 34 35 36 33 34 35 1
0 34 36 37 33 35 36 1
"Verde" 0 5
38
0 0.000214 -0.000002 0.000000 0.822729 0.014072 16
0 0.000000 -0.000002 0.000000 0.822729 0.014072 16
0 0.000183 -0.000002 0.000134 0.822729 0.014072 16
0 7.750000 0.000000 0.000000 0.822729 0.240696 18
0 6.711731 0.000000 3.875000 0.828758 0.240696 18
0 0.000183 -0.000002 0.000134 0.828758 0.014072 16
0 0.000092 0.000002 0.000229 0.822729 0.014072 16
0 0.000092 0.000002 0.000229 0.834788 0.014072 16
0 3.875000 0.000000 6.711697 0.834788 0.240696 18
0 0.000000 -0.000002 0.000263 0.822729 0.014072 16
0 0.000000 0.000000 7.750000 0.840817 0.240696 18
0 0.000000 -0.000002 0.000263 0.840817 0.014072 16
0 -0.000061 0.000002 0.000229 0.822729 0.014072 16
0 -0.000061 0.000002 0.000229 0.846847 0.014072 16
0 -3.875000 0.000000 6.711697 0.846847 0.240696 18
0 -0.000183 -0.000002 0.000134 0.822729 0.014072 16
0 -6.711670 0.000000 3.875000 0.852876 0.240696 18
0 -0.000183 -0.000002 0.000134 0.852876 0.014072 16
0 -0.000214 -0.000002 0.000000 0.822729 0.014072 16
0 -0.000214 -0.000002 0.000000 0.858906 0.014072 16
0 -7.750000 0.000000 0.000000 0.858906 0.240696 18
0 -0.000183 -0.000002 -0.000134 0.822729 0.014072 16
0 -6.711670 0.000000 -3.874998 0.864935 0.240696 18
0 -0.000183 -0.000002 -0.000134 0.864935 0.014072 16
0 -0.000061 0.000002 -0.000229 0.822729 0.014072 16
0 -0.000061 0.000002 -0.000229 0.870964 0.014072 16
0 -3.875000 0.000000 -6.711697 0.870964 0.240696 18
0 0.000000 -0.000002 -0.000263 0.822729 0.014072 16
0 0.000000 0.000000 -7.750000 0.876994 0.240696 18
0 0.000000 -0.000002 -0.000263 0.876994 0.014072 16
0 0.000092 0.000002 -0.000229 0.822729 0.014072 16
0 0.000092 0.000002 -0.000229 0.883023 0.014072 16
0 3.875000 0.000000 -6.711697 0.883023 0.240696 18
0 0.000183 -0.000002 -0.000134 0.822729 0.014072 16
0 6.711731 0.000000 -3.874998 0.889053 0.240696 18
0 0.000183 -0.000002 -0.000134 0.889053 0.014072 16
0 0.000214 -0.000002 0.000000 0.895082 0.014072 16
0 7.750000 0.000000 0.000000 0.895082 0.240696 18
37
0.000000 1.000000 0.000000
0.004040 0.999992 -0.000000
0.009057 0.999882 -0.012369
-0.000000 1.000000 -0.000000
-0.000000 1.000000 -0.000000
0.003911 0.999969 -0.006775
0.007823 0.999878 -0.013551
-0.012669 0.999843 -0.012375
-0.006950 0.999953 -0.006777
0.000000 1.000000 0.000000
0.011014 0.999939 0.000000
0.005503 0.999985 0.000000
0.011014 0.999939 -0.000000
0.024797 0.999634 -0.010856
0.012877 0.999899 -0.006045
-0.000000 1.000000 0.000000
-0.007943 0.999910 -0.010847
-0.003489 0.999976 -0.006043
-0.006977 0.999903 -0.012086
0.000000 1.000000 0.000000
0.000000 1.000000 0.000000
-0.007943 0.999910 0.010847
-0.003489 0.999976 0.006043
-0.006977 0.999903 0.012086
0.024797 0.999634 0.010856
0.012877 0.999899 0.006045
-0.000000 1.000000 -0.000000
0.005503 0.999985 -0.000000
0.011014 0.999939 0.000000
-0.012669 0.999843 0.012375
-0.006950 0.999953 0.006777
0.000000 1.000000 -0.000000
0.009057 0.999882 0.012369
0.003911 0.999969 0.006775
0.007823 0.999878 0.013551
-0.000000 1.000000 0.000000
-0.000000 1.000000 0.000000
36
0 0 1 2 0 1 2 2
0 3 0 4 3 4 5 1
0 0 5 4 4 6 5 1
0 2 1 6 2 1 7 2
0 4 5 7 5 6 8 1
0 4 7 8 5 8 9 1
0 6 1 9 7 1 10 2
0 8 7 10 9 8 11 1
0 7 11 10 8 12 11 1
0 9 1 12 10 1 13 2
0 10 11 13 11 12 14 1
0 10 13 14 11 14 15 1
0 12 1 15 13 1 16 2
0 14 13 16 15 14 17 1
0 13 17 16 14 18 17 1
0 15 1 18 16 1 0 2
0 16 17 19 17 18 19 1
0 16 19 20 17 19 20 1
0 18 1 21 0 1 21 2
0 20 19 22 20 19 22 1
0 19 23 22 19 23 22 1
0 21 1 24 21 1 24 2
0 22 23 25 22 23 25 1
0 22 25 26 22 25 26 1
0 24 1 27 24 1 10 2
0 26 25 28 26 25 27 1
0 25 29 28 25 28 27 1
0 27 1 30 10 1 29 2
0 28 29 31 27 28 30 1
0 28 31 32 27 30 31 1
0 30 1 33 29 1 32 2
0 32 31 34 31 30 33 1
0 31 35 34 30 34 33 1
0 33 1 0 32 1 0 2
0 34 35 36 33 34 35 1
0 34 36 37 33 35 36 1
"Naranja" 0 5
38
0 0.000214 -0.300001 0.000000 0.335761 0.261136 28
0 0.000000 -0.300001 0.000000 0.335761 0.261136 28
0 0.000183 -0.300001 0.000134 0.335761 0.261136 28
0 7.750000 -0.299999 0.000000 0.335761 0.487761 30
0 6.711731 -0.299999 3.875000 0.341791 0.487761 30
0 0.000183 -0.300001 0.000134 0.341791 0.261136 28
0 0.000092 -0.299997 0.000229 0.335761 0.261136 28
0 0.000092 -0.299997 0.000229 0.347820 0.261136 28
0 3.875000 -0.299999 6.711697 0.347820 0.487761 30
0 0.000000 -0.300001 0.000263 0.335761 0.261136 28
0 0.000000 -0.299999 7.750000 0.353849 0.487761 30
0 0.000000 -0.300001 0.000263 0.353849 0.261136 28
0 -0.000061 -0.299997 0.000229 0.335761 0.261136 28
0 -0.000061 -0.299997 0.000229 0.359879 0.261136 28
0 -3.875000 -0.299999 6.711697 0.359879 0.487761 30
0 -0.000183 -0.300001 0.000134 0.335761 0.261136 28
0 -6.711670 -0.299999 3.875000 0.365908 0.487761 30
0 -0.000183 -0.300001 0.000134 0.365908 0.261136 28
0 -0.000214 -0.300001 0.000000 0.335761 0.261136 28
0 -0.000214 -0.300001 0.000000 0.371938 0.261136 28
0 -7.750000 -0.299999 0.000000 0.371938 0.487761 30
0 -0.000183 -0.300001 -0.000134 0.335761 0.261136 28
0 -6.711670 -0.299999 -3.874998 0.377967 0.487761 30
0 -0.000183 -0.300001 -0.000134 0.377967 0.261136 28
0 -0.000061 -0.299997 -0.000229 0.335761 0.261136 28
0 -0.000061 -0.299997 -0.000229 0.383997 0.261136 28
0 -3.875000 -0.299999 -6.711697 0.383997 0.487761 30
0 0.000000 -0.300001 -0.000263 0.335761 0.261136 28
0 0.000000 -0.299999 -7.750000 0.390026 0.487761 30
0 0.000000 -0.300001 -0.000263 0.390026 0.261136 28
0 0.000092 -0.299997 -0.000229 0.335761 0.261136 28
0 0.000092 -0.299997 -0.000229 0.396055 0.261136 28
0 3.875000 -0.299999 -6.711697 0.396055 0.487761 30
0 0.000183 -0.300001 -0.000134 0.335761 0.261136 28
0 6.711731 -0.299999 -3.874998 0.402085 0.487761 30
0 0.000183 -0.300001 -0.000134 0.402085 0.261136 28
0 0.000214 -0.300001 0.000000 0.408114 0.261136 28
0 7.750000 -0.299999 0.000000 0.408114 0.487761 30
37
0.000000 1.000000 0.000000
0.004034 0.999992 -0.000000
0.009043 0.999883 -0.012349
-0.000000 1.000000 -0.000000
-0.000000 1.000000 -0.000000
0.003905 0.999969 -0.006764
0.007811 0.999878 -0.013529
-0.012649 0.999844 -0.012355
-0.006939 0.999953 -0.006766
0.000000 1.000000 0.000000
0.010997 0.999940 0.000000
0.005494 0.999985 0.000000
0.010997 0.999940 -0.000000
0.024757 0.999635 -0.010838
0.012856 0.999899 -0.006036
-0.000000 1.000000 0.000000
-0.007930 0.999910 -0.010829
-0.003483 0.999976 -0.006033
-0.006966 0.999903 -0.012066
0.000000 1.000000 0.000000
0.000000 1.000000 0.000000
-0.007930 0.999910 0.010829
-0.003483 0.999976 0.006033
-0.006966 0.999903 0.012066
0.024757 0.999635 0.010838
0.012856 0.999899 0.006036
-0.000000 1.000000 -0.000000
0.005494 0.999985 -0.000000
0.010997 0.999940 0.000000
-0.012649 0.999844 0.012355
-0.006939 0.999953 0.006766
0.000000 1.000000 -0.000000
0.009043 0.999883 0.012349
0.003905 0.999969 0.006764
0.007811 0.999878 0.013529
-0.000000 1.000000 0.000000
-0.000000 1.000000 0.000000
36
0 0 1 2 0 1 2 2
0 3 0 4 3 4 5 1
0 0 5 4 4 6 5 1
0 2 1 6 2 1 7 2
0 4 5 7 5 6 8 1
0 4 7 8 5 8 9 1
0 6 1 9 7 1 10 2
0 8 7 10 9 8 11 1
0 7 11 10 8 12 11 1
0 9 1 12 10 1 13 2
0 10 11 13 11 12 14 1
0 10 13 14 11 14 15 1
0 12 1 15 13 1 16 2
0 14 13 16 15 14 17 1
0 13 17 16 14 18 17 1
0 15 1 18 16 1 0 2
0 16 17 19 17 18 19 1
0 16 19 20 17 19 20 1
0 18 1 21 0 1 21 2
0 20 19 22 20 19 22 1
0 19 23 22 19 23 22 1
0 21 1 24 21 1 24 2
0 22 23 25 22 23 25 1
0 22 25 26 22 25 26 1
0 24 1 27 24 1 10 2
0 26 25 28 26 25 27 1
0 25 29 28 25 28 27 1
0 27 1 30 10 1 29 2
0 28 29 31 27 28 30 1
0 28 31 32 27 30 31 1
0 30 1 33 29 1 32 2
0 32 31 34 31 30 33 1
0 31 35 34 30 34 33 1
0 33 1 0 32 1 0 2
0 34 35 36 33 34 35 1
0 34 36 37 33 35 36 1
"Light_Mat_6" 0 9
33
0 24.098059 -17.799685 -4.678475 0.357178 0.510058 12
0 20.865395 -21.046656 -6.617311 0.468506 0.510058 12
0 11.972870 -8.977369 -2.338095 0.384521 0.457081 12
0 10.356522 -10.600846 -3.307514 0.441162 0.457081 12
0 0.020502 0.021271 0.002280 0.411865 0.404346 12
0 20.865395 -21.046656 -6.617311 0.357178 0.510058 12
0 17.632742 -24.293579 -4.678475 0.468506 0.510058 12
0 10.356522 -10.600846 -3.307514 0.384521 0.457081 12
0 8.740203 -12.224290 -2.338095 0.441162 0.457081 12
0 12.642382 -8.304893 0.002280 0.384521 0.457081 12
0 11.972870 -8.977369 -2.338095 0.441162 0.457081 12
0 25.437040 -16.454782 0.002280 0.357178 0.510058 12
0 24.098059 -17.799685 -4.678475 0.468506 0.510058 12
0 11.972870 -8.977369 2.342654 0.384521 0.457081 12
0 12.642382 -8.304893 0.002280 0.441162 0.457081 12
0 24.098059 -17.799685 4.683039 0.357178 0.510058 12
0 25.437040 -16.454782 0.002280 0.468506 0.510058 12
0 8.740203 -12.224290 -2.338095 0.384521 0.457081 12
0 8.070700 -12.896767 0.002280 0.441162 0.457081 12
0 17.632742 -24.293579 -4.678475 0.357178 0.510058 12
0 16.293703 -25.638500 0.002280 0.468506 0.510058 12
0 8.070700 -12.896767 0.002280 0.384521 0.457081 12
0 8.740203 -12.224290 2.342654 0.441162 0.457081 12
0 16.293703 -25.638500 0.002280 0.357178 0.510058 12
0 17.632742 -24.293579 4.683039 0.468506 0.510058 12
0 10.356522 -10.600846 3.312078 0.384521 0.457081 12
0 11.972870 -8.977369 2.342654 0.441162 0.457081 12
0 20.865395 -21.046656 6.621875 0.357178 0.510058 12
0 24.098059 -17.799685 4.683039 0.468506 0.510058 12
0 8.740203 -12.224290 2.342654 0.384521 0.457081 12
0 10.356522 -10.600846 3.312078 0.441162 0.457081 12
0 17.632742 -24.293579 4.683039 0.357178 0.510058 12
0 20.865395 -21.046656 6.621875 0.468506 0.510058 12
33
0.126297 0.412860 -0.901995
0.126297 0.412861 -0.901995
0.127862 0.411534 -0.902381
0.128644 0.410870 -0.902572
-0.703248 0.710945 -0.000001
-0.411917 -0.128568 -0.902106
-0.411918 -0.128569 -0.902105
-0.413237 -0.127026 -0.901720
-0.413896 -0.126255 -0.901526
0.505624 0.779975 -0.368760
0.503585 0.781380 -0.368576
0.499498 0.784172 -0.368207
0.499498 0.784175 -0.368201
0.505622 0.779976 0.368760
0.503585 0.781380 0.368576
0.499497 0.784173 0.368206
0.499500 0.784174 0.368201
-0.785305 -0.498048 -0.367757
-0.783926 -0.500076 -0.367946
-0.781153 -0.504125 -0.368317
-0.781153 -0.504125 -0.368317
-0.785305 -0.498047 0.367757
-0.783926 -0.500076 0.367946
-0.781153 -0.504125 0.368317
-0.781153 -0.504125 0.368317
0.128645 0.410871 0.902572
0.127862 0.411535 0.902381
0.126298 0.412861 0.901995
0.126297 0.412861 0.901995
-0.413898 -0.126256 0.901525
-0.413238 -0.127027 0.901720
-0.411919 -0.128569 0.902105
-0.411917 -0.128568 0.902106
24
0 0 1 2 0 1 2 1
0 1 3 2 1 3 2 1
0 2 3 4 2 3 4 1
0 5 6 7 5 6 7 1
0 6 8 7 6 8 7 1
0 7 8 4 7 8 4 1
0 4 9 10 4 9 10 1
0 9 11 10 9 11 10 1
0 10 11 12 10 11 12 1
0 4 13 14 4 13 14 1
0 13 15 14 13 15 14 1
0 14 15 16 14 15 16 1
0 4 17 18 4 17 18 1
0 17 19 18 17 19 18 1
0 18 19 20 18 19 20 1
0 4 21 22 4 21 22 1
0 21 23 22 21 23 22 1
0 22 23 24 22 23 24 1
0 4 25 26 4 25 26 1
0 25 27 26 25 27 26 1
0 26 27 28 26 27 28 1
0 4 29 30 4 29 30 1
0 29 31 30 29 31 30 1
0 30 31 32 30 31 32 1
"Light_Mat_2" 0 9
33
0 24.098059 -17.799685 -4.678475 0.357178 0.510058 4
0 20.865395 -21.046656 -6.617311 0.468506 0.510058 4
0 11.972870 -8.977369 -2.338095 0.384521 0.457081 4
0 10.356522 -10.600846 -3.307514 0.441162 0.457081 4
0 0.020502 0.021271 0.002280 0.411865 0.404346 4
0 20.865395 -21.046656 -6.617311 0.357178 0.510058 4
0 17.632742 -24.293579 -4.678475 0.468506 0.510058 4
0 10.356522 -10.600846 -3.307514 0.384521 0.457081 4
0 8.740203 -12.224290 -2.338095 0.441162 0.457081 4
0 12.642382 -8.304893 0.002280 0.384521 0.457081 4
0 11.972870 -8.977369 -2.338095 0.441162 0.457081 4
0 25.437040 -16.454782 0.002280 0.357178 0.510058 4
0 24.098059 -17.799685 -4.678475 0.468506 0.510058 4
0 11.972870 -8.977369 2.342654 0.384521 0.457081 4
0 12.642382 -8.304893 0.002280 0.441162 0.457081 4
0 24.098059 -17.799685 4.683039 0.357178 0.510058 4
0 25.437040 -16.454782 0.002280 0.468506 0.510058 4
0 8.740203 -12.224290 -2.338095 0.384521 0.457081 4
0 8.070700 -12.896767 0.002280 0.441162 0.457081 4
0 17.632742 -24.293579 -4.678475 0.357178 0.510058 4
0 16.293703 -25.638500 0.002280 0.468506 0.510058 4
0 8.070700 -12.896767 0.002280 0.384521 0.457081 4
0 8.740203 -12.224290 2.342654 0.441162 0.457081 4
0 16.293703 -25.638500 0.002280 0.357178 0.510058 4
0 17.632742 -24.293579 4.683039 0.468506 0.510058 4
0 10.356522 -10.600846 3.312078 0.384521 0.457081 4
0 11.972870 -8.977369 2.342654 0.441162 0.457081 4
0 20.865395 -21.046656 6.621875 0.357178 0.510058 4
0 24.098059 -17.799685 4.683039 0.468506 0.510058 4
0 8.740203 -12.224290 2.342654 0.384521 0.457081 4
0 10.356522 -10.600846 3.312078 0.441162 0.457081 4
0 17.632742 -24.293579 4.683039 0.357178 0.510058 4
0 20.865395 -21.046656 6.621875 0.468506 0.510058 4
33
0.126297 0.412860 -0.901995
0.126297 0.412861 -0.901995
0.127862 0.411534 -0.902381
0.128644 0.410870 -0.902572
-0.703248 0.710945 -0.000001
-0.411917 -0.128568 -0.902106
-0.411918 -0.128569 -0.902105
-0.413237 -0.127026 -0.901720
-0.413896 -0.126255 -0.901526
0.505624 0.779975 -0.368760
0.503585 0.781380 -0.368576
0.499498 0.784172 -0.368207
0.499498 0.784175 -0.368201
0.505622 0.779976 0.368760
0.503585 0.781380 0.368576
0.499497 0.784173 0.368206
0.499500 0.784174 0.368201
-0.785305 -0.498048 -0.367757
-0.783926 -0.500076 -0.367946
-0.781153 -0.504125 -0.368317
-0.781153 -0.504125 -0.368317
-0.785305 -0.498047 0.367757
-0.783926 -0.500076 0.367946
-0.781153 -0.504125 0.368317
-0.781153 -0.504125 0.368317
0.128645 0.410871 0.902572
0.127862 0.411535 0.902381
0.126298 0.412861 0.901995
0.126297 0.412861 0.901995
-0.413898 -0.126256 0.901525
-0.413238 -0.127027 0.901720
-0.411919 -0.128569 0.902105
-0.411917 -0.128568 0.902106
24
0 0 1 2 0 1 2 1
0 1 3 2 1 3 2 1
0 2 3 4 2 3 4 1
0 5 6 7 5 6 7 1
0 6 8 7 6 8 7 1
0 7 8 4 7 8 4 1
0 4 9 10 4 9 10 1
0 9 11 10 9 11 10 1
0 10 11 12 10 11 12 1
0 4 13 14 4 13 14 1
0 13 15 14 13 15 14 1
0 14 15 16 14 15 16 1
0 4 17 18 4 17 18 1
0 17 19 18 17 19 18 1
0 18 19 20 18 19 20 1
0 4 21 22 4 21 22 1
0 21 23 22 21 23 22 1
0 22 23 24 22 23 24 1
0 4 25 26 4 25 26 1
0 25 27 26 25 27 26 1
0 26 27 28 26 27 28 1
0 4 29 30 4 29 30 1
0 29 31 30 29 31 30 1
0 30 31 32 30 31 32 1
"Light_Mat_4" 0 9
33
0 24.098059 -17.799685 -4.678475 0.357178 0.510058 8
0 20.865395 -21.046656 -6.617311 0.468506 0.510058 8
0 11.972870 -8.977369 -2.338095 0.384521 0.457081 8
0 10.356522 -10.600846 -3.307514 0.441162 0.457081 8
0 0.020502 0.021271 0.002280 0.411865 0.404346 8
0 20.865395 -21.046656 -6.617311 0.357178 0.510058 8
0 17.632742 -24.293579 -4.678475 0.468506 0.510058 8
0 10.356522 -10.600846 -3.307514 0.384521 0.457081 8
0 8.740203 -12.224290 -2.338095 0.441162 0.457081 8
0 12.642382 -8.304893 0.002280 0.384521 0.457081 8
0 11.972870 -8.977369 -2.338095 0.441162 0.457081 8
0 25.437040 -16.454782 0.002280 0.357178 0.510058 8
0 24.098059 -17.799685 -4.678475 0.468506 0.510058 8
0 11.972870 -8.977369 2.342654 0.384521 0.457081 8
0 12.642382 -8.304893 0.002280 0.441162 0.457081 8
0 24.098059 -17.799685 4.683039 0.357178 0.510058 8
0 25.437040 -16.454782 0.002280 0.468506 0.510058 8
0 8.740203 -12.224290 -2.338095 0.384521 0.457081 8
0 8.070700 -12.896767 0.002280 0.441162 0.457081 8
0 17.632742 -24.293579 -4.678475 0.357178 0.510058 8
0 16.293703 -25.638500 0.002280 0.468506 0.510058 8
0 8.070700 -12.896767 0.002280 0.384521 0.457081 8
0 8.740203 -12.224290 2.342654 0.441162 0.457081 8
0 16.293703 -25.638500 0.002280 0.357178 0.510058 8
0 17.632742 -24.293579 4.683039 0.468506 0.510058 8
0 10.356522 -10.600846 3.312078 0.384521 0.457081 8
0 11.972870 -8.977369 2.342654 0.441162 0.457081 8
0 20.865395 -21.046656 6.621875 0.357178 0.510058 8
0 24.098059 -17.799685 4.683039 0.468506 0.510058 8
0 8.740203 -12.224290 2.342654 0.384521 0.457081 8
0 10.356522 -10.600846 3.312078 0.441162 0.457081 8
0 17.632742 -24.293579 4.683039 0.357178 0.510058 8
0 20.865395 -21.046656 6.621875 0.468506 0.510058 8
33
0.126297 0.412860 -0.901995
0.126297 0.412861 -0.901995
0.127862 0.411534 -0.902381
0.128644 0.410870 -0.902572
-0.703248 0.710945 -0.000001
-0.411917 -0.128568 -0.902106
-0.411918 -0.128569 -0.902105
-0.413237 -0.127026 -0.901720
-0.413896 -0.126255 -0.901526
0.505624 0.779975 -0.368760
0.503585 0.781380 -0.368576
0.499498 0.784172 -0.368207
0.499498 0.784175 -0.368201
0.505622 0.779976 0.368760
0.503585 0.781380 0.368576
0.499497 0.784173 0.368206
0.499500 0.784174 0.368201
-0.785305 -0.498048 -0.367757
-0.783926 -0.500076 -0.367946
-0.781153 -0.504125 -0.368317
-0.781153 -0.504125 -0.368317
-0.785305 -0.498047 0.367757
-0.783926 -0.500076 0.367946
-0.781153 -0.504125 0.368317
-0.781153 -0.504125 0.368317
0.128645 0.410871 0.902572
0.127862 0.411535 0.902381
0.126298 0.412861 0.901995
0.126297 0.412861 0.901995
-0.413898 -0.126256 0.901525
-0.413238 -0.127027 0.901720
-0.411919 -0.128569 0.902105
-0.411917 -0.128568 0.902106
24
0 0 1 2 0 1 2 1
0 1 3 2 1 3 2 1
0 2 3 4 2 3 4 1
0 5 6 7 5 6 7 1
0 6 8 7 6 8 7 1
0 7 8 4 7 8 4 1
0 4 9 10 4 9 10 1
0 9 11 10 9 11 10 1
0 10 11 12 10 11 12 1
0 4 13 14 4 13 14 1
0 13 15 14 13 15 14 1
0 14 15 16 14 15 16 1
0 4 17 18 4 17 18 1
0 17 19 18 17 19 18 1
0 18 19 20 18 19 20 1
0 4 21 22 4 21 22 1
0 21 23 22 21 23 22 1
0 22 23 24 22 23 24 1
0 4 25 26 4 25 26 1
0 25 27 26 25 27 26 1
0 26 27 28 26 27 28 1
0 4 29 30 4 29 30 1
0 29 31 30 29 31 30 1
0 30 31 32 30 31 32 1
"Light_Mat_3" 0 9
33
0 24.098059 -17.799685 -4.678475 0.357178 0.510058 6
0 20.865395 -21.046656 -6.617311 0.468506 0.510058 6
0 11.972870 -8.977369 -2.338095 0.384521 0.457081 6
0 10.356522 -10.600846 -3.307514 0.441162 0.457081 6
0 0.020502 0.021271 0.002280 0.411865 0.404346 6
0 20.865395 -21.046656 -6.617311 0.357178 0.510058 6
0 17.632742 -24.293579 -4.678475 0.468506 0.510058 6
0 10.356522 -10.600846 -3.307514 0.384521 0.457081 6
0 8.740203 -12.224290 -2.338095 0.441162 0.457081 6
0 12.642382 -8.304893 0.002280 0.384521 0.457081 6
0 11.972870 -8.977369 -2.338095 0.441162 0.457081 6
0 25.437040 -16.454782 0.002280 0.357178 0.510058 6
0 24.098059 -17.799685 -4.678475 0.468506 0.510058 6
0 11.972870 -8.977369 2.342654 0.384521 0.457081 6
0 12.642382 -8.304893 0.002280 0.441162 0.457081 6
0 24.098059 -17.799685 4.683039 0.357178 0.510058 6
0 25.437040 -16.454782 0.002280 0.468506 0.510058 6
0 8.740203 -12.224290 -2.338095 0.384521 0.457081 6
0 8.070700 -12.896767 0.002280 0.441162 0.457081 6
0 17.632742 -24.293579 -4.678475 0.357178 0.510058 6
0 16.293703 -25.638500 0.002280 0.468506 0.510058 6
0 8.070700 -12.896767 0.002280 0.384521 0.457081 6
0 8.740203 -12.224290 2.342654 0.441162 0.457081 6
0 16.293703 -25.638500 0.002280 0.357178 0.510058 6
0 17.632742 -24.293579 4.683039 0.468506 0.510058 6
0 10.356522 -10.600846 3.312078 0.384521 0.457081 6
0 11.972870 -8.977369 2.342654 0.441162 0.457081 6
0 20.865395 -21.046656 6.621875 0.357178 0.510058 6
0 24.098059 -17.799685 4.683039 0.468506 0.510058 6
0 8.740203 -12.224290 2.342654 0.384521 0.457081 6
0 10.356522 -10.600846 3.312078 0.441162 0.457081 6
0 17.632742 -24.293579 4.683039 0.357178 0.510058 6
0 20.865395 -21.046656 6.621875 0.468506 0.510058 6
33
0.126297 0.412860 -0.901995
0.126297 0.412861 -0.901995
0.127862 0.411534 -0.902381
0.128644 0.410870 -0.902572
-0.703248 0.710945 -0.000001
-0.411917 -0.128568 -0.902106
-0.411918 -0.128569 -0.902105
-0.413237 -0.127026 -0.901720
-0.413896 -0.126255 -0.901526
0.505624 0.779975 -0.368760
0.503585 0.781380 -0.368576
0.499498 0.784172 -0.368207
0.499498 0.784175 -0.368201
0.505622 0.779976 0.368760
0.503585 0.781380 0.368576
0.499497 0.784173 0.368206
0.499500 0.784174 0.368201
-0.785305 -0.498048 -0.367757
-0.783926 -0.500076 -0.367946
-0.781153 -0.504125 -0.368317
-0.781153 -0.504125 -0.368317
-0.785305 -0.498047 0.367757
-0.783926 -0.500076 0.367946
-0.781153 -0.504125 0.368317
-0.781153 -0.504125 0.368317
0.128645 0.410871 0.902572
0.127862 0.411535 0.902381
0.126298 0.412861 0.901995
0.126297 0.412861 0.901995
-0.413898 -0.126256 0.901525
-0.413238 -0.127027 0.901720
-0.411919 -0.128569 0.902105
-0.411917 -0.128568 0.902106
24
0 0 1 2 0 1 2 1
0 1 3 2 1 3 2 1
0 2 3 4 2 3 4 1
0 5 6 7 5 6 7 1
0 6 8 7 6 8 7 1
0 7 8 4 7 8 4 1
0 4 9 10 4 9 10 1
0 9 11 10 9 11 10 1
0 10 11 12 10 11 12 1
0 4 13 14 4 13 14 1
0 13 15 14 13 15 14 1
0 14 15 16 14 15 16 1
0 4 17 18 4 17 18 1
0 17 19 18 17 19 18 1
0 18 19 20 18 19 20 1
0 4 21 22 4 21 22 1
0 21 23 22 21 23 22 1
0 22 23 24 22 23 24 1
0 4 25 26 4 25 26 1
0 25 27 26 25 27 26 1
0 26 27 28 26 27 28 1
0 4 29 30 4 29 30 1
0 29 31 30 29 31 30 1
0 30 31 32 30 31 32 1
"Azul" 0 5
38
0 0.000214 -0.000002 0.000000 0.607890 0.014072 19
0 0.000000 -0.000002 0.000000 0.607890 0.014072 19
0 0.000183 -0.000002 0.000134 0.607890 0.014072 19
0 7.750000 0.000000 0.000000 0.607890 0.240696 21
0 6.711731 0.000000 3.875000 0.613920 0.240696 21
0 0.000183 -0.000002 0.000134 0.613920 0.014072 19
0 0.000092 0.000002 0.000229 0.607890 0.014072 19
0 0.000092 0.000002 0.000229 0.619949 0.014072 19
0 3.875000 0.000000 6.711697 0.619949 0.240696 21
0 0.000000 -0.000002 0.000263 0.607890 0.014072 19
0 0.000000 0.000000 7.750000 0.625978 0.240696 21
0 0.000000 -0.000002 0.000263 0.625978 0.014072 19
0 -0.000061 0.000002 0.000229 0.607890 0.014072 19
0 -0.000061 0.000002 0.000229 0.632008 0.014072 19
0 -3.875000 0.000000 6.711697 0.632008 0.240696 21
0 -0.000183 -0.000002 0.000134 0.607890 0.014072 19
0 -6.711670 0.000000 3.875000 0.638037 0.240696 21
0 -0.000183 -0.000002 0.000134 0.638037 0.014072 19
0 -0.000214 -0.000002 0.000000 0.607890 0.014072 19
0 -0.000214 -0.000002 0.000000 0.644067 0.014072 19
0 -7.750000 0.000000 0.000000 0.644067 0.240696 21
0 -0.000183 -0.000002 -0.000134 0.607890 0.014072 19
0 -6.711670 0.000000 -3.874998 0.650096 0.240696 21
0 -0.000183 -0.000002 -0.000134 0.650096 0.014072 19
0 -0.000061 0.000002 -0.000229 0.607890 0.014072 19
0 -0.000061 0.000002 -0.000229 0.656126 0.014072 19
0 -3.875000 0.000000 -6.711697 0.656126 0.240696 21
0 0.000000 -0.000002 -0.000263 0.607890 0.014072 19
0 0.000000 0.000000 -7.750000 0.662155 0.240696 21
0 0.000000 -0.000002 -0.000263 0.662155 0.014072 19
0 0.000092 0.000002 -0.000229 0.607890 0.014072 19
0 0.000092 0.000002 -0.000229 0.668184 0.014072 19
0 3.875000 0.000000 -6.711697 0.668184 0.240696 21
0 0.000183 -0.000002 -0.000134 0.607890 0.014072 19
0 6.711731 0.000000 -3.874998 0.674214 0.240696 21
0 0.000183 -0.000002 -0.000134 0.674214 0.014072 19
0 0.000214 -0.000002 0.000000 0.680243 0.014072 19
0 7.750000 0.000000 0.000000 0.680243 0.240696 21
37
0.000000 1.000000 0.000000
0.004040 0.999992 -0.000000
0.009057 0.999882 -0.012369
-0.000000 1.000000 -0.000000
-0.000000 1.000000 -0.000000
0.003911 0.999969 -0.006775
0.007823 0.999878 -0.013551
-0.012669 0.999843 -0.012375
-0.006950 0.999953 -0.006777
0.000000 1.000000 0.000000
0.011014 0.999939 0.000000
0.005503 0.999985 0.000000
0.011014 0.999939 -0.000000
0.024797 0.999634 -0.010856
0.012877 0.999899 -0.006045
-0.000000 1.000000 0.000000
-0.007943 0.999910 -0.010847
-0.003489 0.999976 -0.006043
-0.006977 0.999903 -0.012086
0.000000 1.000000 0.000000
0.000000 1.000000 0.000000
-0.007943 0.999910 0.010847
-0.003489 0.999976 0.006043
-0.006977 0.999903 0.012086
0.024797 0.999634 0.010856
0.012877 0.999899 0.006045
-0.000000 1.000000 -0.000000
0.005503 0.999985 -0.000000
0.011014 0.999939 0.000000
-0.012669 0.999843 0.012375
-0.006950 0.999953 0.006777
0.000000 1.000000 -0.000000
0.009057 0.999882 0.012369
0.003911 0.999969 0.006775
0.007823 0.999878 0.013551
-0.000000 1.000000 0.000000
-0.000000 1.000000 0.000000
36
0 0 1 2 0 1 2 2
0 3 0 4 3 4 5 1
0 0 5 4 4 6 5 1
0 2 1 6 2 1 7 2
0 4 5 7 5 6 8 1
0 4 7 8 5 8 9 1
0 6 1 9 7 1 10 2
0 8 7 10 9 8 11 1
0 7 11 10 8 12 11 1
0 9 1 12 10 1 13 2
0 10 11 13 11 12 14 1
0 10 13 14 11 14 15 1
0 12 1 15 13 1 16 2
0 14 13 16 15 14 17 1
0 13 17 16 14 18 17 1
0 15 1 18 16 1 0 2
0 16 17 19 17 18 19 1
0 16 19 20 17 19 20 1
0 18 1 21 0 1 21 2
0 20 19 22 20 19 22 1
0 19 23 22 19 23 22 1
0 21 1 24 21 1 24 2
0 22 23 25 22 23 25 1
0 22 25 26 22 25 26 1
0 24 1 27 24 1 10 2
0 26 25 28 26 25 27 1
0 25 29 28 25 28 27 1
0 27 1 30 10 1 29 2
0 28 29 31 27 28 30 1
0 28 31 32 27 30 31 1
0 30 1 33 29 1 32 2
0 32 31 34 31 30 33 1
0 31 35 34 30 34 33 1
0 33 1 0 32 1 0 2
0 34 35 36 33 34 35 1
0 34 36 37 33 35 36 1
"Light_Mat_1" 0 9
33
0 24.098059 -17.799685 -4.678475 0.357178 0.510058 2
0 20.865395 -21.046656 -6.617311 0.468506 0.510058 2
0 11.972870 -8.977369 -2.338095 0.384521 0.457081 2
0 10.356522 -10.600846 -3.307514 0.441162 0.457081 2
0 0.020502 0.021271 0.002280 0.411865 0.404346 2
0 20.865395 -21.046656 -6.617311 0.357178 0.510058 2
0 17.632742 -24.293579 -4.678475 0.468506 0.510058 2
0 10.356522 -10.600846 -3.307514 0.384521 0.457081 2
0 8.740203 -12.224290 -2.338095 0.441162 0.457081 2
0 12.642382 -8.304893 0.002280 0.384521 0.457081 2
0 11.972870 -8.977369 -2.338095 0.441162 0.457081 2
0 25.437040 -16.454782 0.002280 0.357178 0.510058 2
0 24.098059 -17.799685 -4.678475 0.468506 0.510058 2
0 11.972870 -8.977369 2.342654 0.384521 0.457081 2
0 12.642382 -8.304893 0.002280 0.441162 0.457081 2
0 24.098059 -17.799685 4.683039 0.357178 0.510058 2
0 25.437040 -16.454782 0.002280 0.468506 0.510058 2
0 8.740203 -12.224290 -2.338095 0.384521 0.457081 2
0 8.070700 -12.896767 0.002280 0.441162 0.457081 2
0 17.632742 -24.293579 -4.678475 0.357178 0.510058 2
0 16.293703 -25.638500 0.002280 0.468506 0.510058 2
0 8.070700 -12.896767 0.002280 0.384521 0.457081 2
0 8.740203 -12.224290 2.342654 0.441162 0.457081 2
0 16.293703 -25.638500 0.002280 0.357178 0.510058 2
0 17.632742 -24.293579 4.683039 0.468506 0.510058 2
0 10.356522 -10.600846 3.312078 0.384521 0.457081 2
0 11.972870 -8.977369 2.342654 0.441162 0.457081 2
0 20.865395 -21.046656 6.621875 0.357178 0.510058 2
0 24.098059 -17.799685 4.683039 0.468506 0.510058 2
0 8.740203 -12.224290 2.342654 0.384521 0.457081 2
0 10.356522 -10.600846 3.312078 0.441162 0.457081 2
0 17.632742 -24.293579 4.683039 0.357178 0.510058 2
0 20.865395 -21.046656 6.621875 0.468506 0.510058 2
33
0.126297 0.412860 -0.901995
0.126297 0.412861 -0.901995
0.127862 0.411534 -0.902381
0.128644 0.410870 -0.902572
-0.703248 0.710945 -0.000001
-0.411917 -0.128568 -0.902106
-0.411918 -0.128569 -0.902105
-0.413237 -0.127026 -0.901720
-0.413896 -0.126255 -0.901526
0.505624 0.779975 -0.368760
0.503585 0.781380 -0.368576
0.499498 0.784172 -0.368207
0.499498 0.784175 -0.368201
0.505622 0.779976 0.368760
0.503585 0.781380 0.368576
0.499497 0.784173 0.368206
0.499500 0.784174 0.368201
-0.785305 -0.498048 -0.367757
-0.783926 -0.500076 -0.367946
-0.781153 -0.504125 -0.368317
-0.781153 -0.504125 -0.368317
-0.785305 -0.498047 0.367757
-0.783926 -0.500076 0.367946
-0.781153 -0.504125 0.368317
-0.781153 -0.504125 0.368317
0.128645 0.410871 0.902572
0.127862 0.411535 0.902381
0.126298 0.412861 0.901995
0.126297 0.412861 0.901995
-0.413898 -0.126256 0.901525
-0.413238 -0.127027 0.901720
-0.411919 -0.128569 0.902105
-0.411917 -0.128568 0.902106
24
0 0 1 2 0 1 2 1
0 1 3 2 1 3 2 1
0 2 3 4 2 3 4 1
0 5 6 7 5 6 7 1
0 6 8 7 6 8 7 1
0 7 8 4 7 8 4 1
0 4 9 10 4 9 10 1
0 9 11 10 9 11 10 1
0 10 11 12 10 11 12 1
0 4 13 14 4 13 14 1
0 13 15 14 13 15 14 1
0 14 15 16 14 15 16 1
0 4 17 18 4 17 18 1
0 17 19 18 17 19 18 1
0 18 19 20 18 19 20 1
0 4 21 22 4 21 22 1
0 21 23 22 21 23 22 1
0 22 23 24 22 23 24 1
0 4 25 26 4 25 26 1
0 25 27 26 25 27 26 1
0 26 27 28 26 27 28 1
0 4 29 30 4 29 30 1
0 29 31 30 29 31 30 1
0 30 31 32 30 31 32 1
"Light_Mat_5" 0 9
33
0 24.098059 -17.799685 -4.678475 0.357178 0.510058 10
0 20.865395 -21.046656 -6.617311 0.468506 0.510058 10
0 11.972870 -8.977369 -2.338095 0.384521 0.457081 10
0 10.356522 -10.600846 -3.307514 0.441162 0.457081 10
0 0.020502 0.021271 0.002280 0.411865 0.404346 10
0 20.865395 -21.046656 -6.617311 0.357178 0.510058 10
0 17.632742 -24.293579 -4.678475 0.468506 0.510058 10
0 10.356522 -10.600846 -3.307514 0.384521 0.457081 10
0 8.740203 -12.224290 -2.338095 0.441162 0.457081 10
0 12.642382 -8.304893 0.002280 0.384521 0.457081 10
0 11.972870 -8.977369 -2.338095 0.441162 0.457081 10
0 25.437040 -16.454782 0.002280 0.357178 0.510058 10
0 24.098059 -17.799685 -4.678475 0.468506 0.510058 10
0 11.972870 -8.977369 2.342654 0.384521 0.457081 10
0 12.642382 -8.304893 0.002280 0.441162 0.457081 10
0 24.098059 -17.799685 4.683039 0.357178 0.510058 10
0 25.437040 -16.454782 0.002280 0.468506 0.510058 10
0 8.740203 -12.224290 -2.338095 0.384521 0.457081 10
0 8.070700 -12.896767 0.002280 0.441162 0.457081 10
0 17.632742 -24.293579 -4.678475 0.357178 0.510058 10
0 16.293703 -25.638500 0.002280 0.468506 0.510058 10
0 8.070700 -12.896767 0.002280 0.384521 0.457081 10
0 8.740203 -12.224290 2.342654 0.441162 0.457081 10
0 16.293703 -25.638500 0.002280 0.357178 0.510058 10
0 17.632742 -24.293579 4.683039 0.468506 0.510058 10
0 10.356522 -10.600846 3.312078 0.384521 0.457081 10
0 11.972870 -8.977369 2.342654 0.441162 0.457081 10
0 20.865395 -21.046656 6.621875 0.357178 0.510058 10
0 24.098059 -17.799685 4.683039 0.468506 0.510058 10
0 8.740203 -12.224290 2.342654 0.384521 0.457081 10
0 10.356522 -10.600846 3.312078 0.441162 0.457081 10
0 17.632742 -24.293579 4.683039 0.357178 0.510058 10
0 20.865395 -21.046656 6.621875 0.468506 0.510058 10
33
0.126297 0.412860 -0.901995
0.126297 0.412861 -0.901995
0.127862 0.411534 -0.902381
0.128644 0.410870 -0.902572
-0.703248 0.710945 -0.000001
-0.411917 -0.128568 -0.902106
-0.411918 -0.128569 -0.902105
-0.413237 -0.127026 -0.901720
-0.413896 -0.126255 -0.901526
0.505624 0.779975 -0.368760
0.503585 0.781380 -0.368576
0.499498 0.784172 -0.368207
0.499498 0.784175 -0.368201
0.505622 0.779976 0.368760
0.503585 0.781380 0.368576
0.499497 0.784173 0.368206
0.499500 0.784174 0.368201
-0.785305 -0.498048 -0.367757
-0.783926 -0.500076 -0.367946
-0.781153 -0.504125 -0.368317
-0.781153 -0.504125 -0.368317
-0.785305 -0.498047 0.367757
-0.783926 -0.500076 0.367946
-0.781153 -0.504125 0.368317
-0.781153 -0.504125 0.368317
0.128645 0.410871 0.902572
0.127862 0.411535 0.902381
0.126298 0.412861 0.901995
0.126297 0.412861 0.901995
-0.413898 -0.126256 0.901525
-0.413238 -0.127027 0.901720
-0.411919 -0.128569 0.902105
-0.411917 -0.128568 0.902106
24
0 0 1 2 0 1 2 1
0 1 3 2 1 3 2 1
0 2 3 4 2 3 4 1
0 5 6 7 5 6 7 1
0 6 8 7 6 8 7 1
0 7 8 4 7 8 4 1
0 4 9 10 4 9 10 1
0 9 11 10 9 11 10 1
0 10 11 12 10 11 12 1
0 4 13 14 4 13 14 1
0 13 15 14 13 15 14 1
0 14 15 16 14 15 16 1
0 4 17 18 4 17 18 1
0 17 19 18 17 19 18 1
0 18 19 20 18 19 20 1
0 4 21 22 4 21 22 1
0 21 23 22 21 23 22 1
0 22 23 24 22 23 24 1
0 4 25 26 4 25 26 1
0 25 27 26 25 27 26 1
0 26 27 28 26 27 28 1
0 4 29 30 4 29 30 1
0 29 31 30 29 31 30 1
0 30 31 32 30 31 32 1
"Morado" 0 5
38
0 0.000214 -0.300001 0.000000 0.095858 0.515362 25
0 0.000000 -0.300001 0.000000 0.095858 0.515362 25
0 0.000183 -0.300001 0.000134 0.095858 0.515362 25
0 7.750000 -0.299999 0.000000 0.095858 0.741986 27
0 6.711731 -0.299999 3.875000 0.101887 0.741986 27
0 0.000183 -0.300001 0.000134 0.101887 0.515362 25
0 0.000092 -0.299997 0.000229 0.095858 0.515362 25
0 0.000092 -0.299997 0.000229 0.107917 0.515362 25
0 3.875000 -0.299999 6.711697 0.107917 0.741986 27
0 0.000000 -0.300001 0.000263 0.095858 0.515362 25
0 0.000000 -0.299999 7.750000 0.113946 0.741986 27
0 0.000000 -0.300001 0.000263 0.113946 0.515362 25
0 -0.000061 -0.299997 0.000229 0.095858 0.515362 25
0 -0.000061 -0.299997 0.000229 0.119976 0.515362 25
0 -3.875000 -0.299999 6.711697 0.119976 0.741986 27
0 -0.000183 -0.300001 0.000134 0.095858 0.515362 25
0 -6.711670 -0.299999 3.875000 0.126005 0.741986 27
0 -0.000183 -0.300001 0.000134 0.126005 0.515362 25
0 -0.000214 -0.300001 0.000000 0.095858 0.515362 25
0 -0.000214 -0.300001 0.000000 0.132035 0.515362 25
0 -7.750000 -0.299999 0.000000 0.132035 0.741986 27
0 -0.000183 -0.300001 -0.000134 0.095858 0.515362 25
0 -6.711670 -0.299999 -3.874998 0.138064 0.741986 27
0 -0.000183 -0.300001 -0.000134 0.138064 0.515362 25
0 -0.000061 -0.299997 -0.000229 0.095858 0.515362 25
0 -0.000061 -0.299997 -0.000229 0.144093 0.515362 25
0 -3.875000 -0.299999 -6.711697 0.144093 0.741986 27
0 0.000000 -0.300001 -0.000263 0.095858 0.515362 25
0 0.000000 -0.299999 -7.750000 0.150123 0.741986 27
0 0.000000 -0.300001 -0.000263 0.150123 0.515362 25
0 0.000092 -0.299997 -0.000229 0.095858 0.515362 25
0 0.000092 -0.299997 -0.000229 0.156152 0.515362 25
0 3.875000 -0.299999 -6.711697 0.156152 0.741986 27
0 0.000183 -0.300001 -0.000134 0.095858 0.515362 25
0 6.711731 -0.299999 -3.874998 0.162182 0.741986 27
0 0.000183 -0.300001 -0.000134 0.162182 0.515362 25
0 0.000214 -0.300001 0.000000 0.168211 0.515362 25
0 7.750000 -0.299999 0.000000 0.168211 0.741986 27
37
0.000000 1.000000 0.000000
0.004034 0.999992 -0.000000
0.009043 0.999883 -0.012349
-0.000000 1.000000 -0.000000
-0.000000 1.000000 -0.000000
0.003905 0.999969 -0.006764
0.007811 0.999878 -0.013529
-0.012649 0.999844 -0.012355
-0.006939 0.999953 -0.006766
0.000000 1.000000 0.000000
0.010997 0.999940 0.000000
0.005494 0.999985 0.000000
0.010997 0.999940 -0.000000
0.024757 0.999635 -0.010838
0.012856 0.999899 -0.006036
-0.000000 1.000000 0.000000
-0.007930 0.999910 -0.010829
-0.003483 0.999976 -0.006033
-0.006966 0.999903 -0.012066
0.000000 1.000000 0.000000
0.000000 1.000000 0.000000
-0.007930 0.999910 0.010829
-0.003483 0.999976 0.006033
-0.006966 0.999903 0.012066
0.024757 0.999635 0.010838
0.012856 0.999899 0.006036
-0.000000 1.000000 -0.000000
0.005494 0.999985 -0.000000
0.010997 0.999940 0.000000
-0.012649 0.999844 0.012355
-0.006939 0.999953 0.006766
0.000000 1.000000 -0.000000
0.009043 0.999883 0.012349
0.003905 0.999969 0.006764
0.007811 0.999878 0.013529
-0.000000 1.000000 0.000000
-0.000000 1.000000 0.000000
36
0 0 1 2 0 1 2 2
0 3 0 4 3 4 5 1
0 0 5 4 4 6 5 1
0 2 1 6 2 1 7 2
0 4 5 7 5 6 8 1
0 4 7 8 5 8 9 1
0 6 1 9 7 1 10 2
0 8 7 10 9 8 11 1
0 7 11 10 8 12 11 1
0 9 1 12 10 1 13 2
0 10 11 13 11 12 14 1
0 10 13 14 11 14 15 1
0 12 1 15 13 1 16 2
0 14 13 16 15 14 17 1
0 13 17 16 14 18 17 1
0 15 1 18 16 1 0 2
0 16 17 19 17 18 19 1
0 16 19 20 17 19 20 1
0 18 1 21 0 1 21 2
0 20 19 22 20 19 22 1
0 19 23 22 19 23 22 1
0 21 1 24 21 1 24 2
0 22 23 25 22 23 25 1
0 22 25 26 22 25 26 1
0 24 1 27 24 1 10 2
0 26 25 28 26 25 27 1
0 25 29 28 25 28 27 1
0 27 1 30 10 1 29 2
0 28 29 31 27 28 30 1
0 28 31 32 27 30 31 1
0 30 1 33 29 1 32 2
0 32 31 34 31 30 33 1
0 31 35 34 30 34 33 1
0 33 1 0 32 1 0 2
0 34 35 36 33 34 35 1
0 34 36 37 33 35 36 1
"Amarillo" 0 5
38
0 0.000214 -0.000002 0.000000 0.332181 0.003330 22
0 0.000000 -0.000002 0.000000 0.332181 0.003330 22
0 0.000183 -0.000002 0.000134 0.332181 0.003330 22
0 7.750000 0.000000 0.000000 0.332181 0.229954 24
0 6.711731 0.000000 3.875000 0.338210 0.229954 24
0 0.000183 -0.000002 0.000134 0.338210 0.003330 22
0 0.000092 0.000002 0.000229 0.332181 0.003330 22
0 0.000092 0.000002 0.000229 0.344239 0.003330 22
0 3.875000 0.000000 6.711697 0.344239 0.229954 24
0 0.000000 -0.000002 0.000263 0.332181 0.003330 22
0 0.000000 0.000000 7.750000 0.350269 0.229954 24
0 0.000000 -0.000002 0.000263 0.350269 0.003330 22
0 -0.000061 0.000002 0.000229 0.332181 0.003330 22
0 -0.000061 0.000002 0.000229 0.356298 0.003330 22
0 -3.875000 0.000000 6.711697 0.356298 0.229954 24
0 -0.000183 -0.000002 0.000134 0.332181 0.003330 22
0 -6.711670 0.000000 3.875000 0.362328 0.229954 24
0 -0.000183 -0.000002 0.000134 0.362328 0.003330 22
0 -0.000214 -0.000002 0.000000 0.332181 0.003330 22
0 -0.000214 -0.000002 0.000000 0.368357 0.003330 22
0 -7.750000 0.000000 0.000000 0.368357 0.229954 24
0 -0.000183 -0.000002 -0.000134 0.332181 0.003330 22
0 -6.711670 0.000000 -3.874998 0.374386 0.229954 24
0 -0.000183 -0.000002 -0.000134 0.374386 0.003330 22
0 -0.000061 0.000002 -0.000229 0.332181 0.003330 22
0 -0.000061 0.000002 -0.000229 0.380416 0.003330 22
0 -3.875000 0.000000 -6.711697 0.380416 0.229954 24
0 0.000000 -0.000002 -0.000263 0.332181 0.003330 22
0 0.000000 0.000000 -7.750000 0.386445 0.229954 24
0 0.000000 -0.000002 -0.000263 0.386445 0.003330 22
0 0.000092 0.000002 -0.000229 0.332181 0.003330 22
0 0.000092 0.000002 -0.000229 0.392475 0.003330 22
0 3.875000 0.000000 -6.711697 0.392475 0.229954 24
0 0.000183 -0.000002 -0.000134 0.332181 0.003330 22
0 6.711731 0.000000 -3.874998 0.398504 0.229954 24
0 0.000183 -0.000002 -0.000134 0.398504 0.003330 22
0 0.000214 -0.000002 0.000000 0.404534 0.003330 22
0 7.750000 0.000000 0.000000 0.404534 0.229954 24
37
0.000000 1.000000 0.000000
0.004040 0.999992 -0.000000
0.009057 0.999882 -0.012369
-0.000000 1.000000 -0.000000
-0.000000 1.000000 -0.000000
0.003911 0.999969 -0.006775
0.007823 0.999878 -0.013551
-0.012669 0.999843 -0.012375
-0.006950 0.999953 -0.006777
0.000000 1.000000 0.000000
0.011014 0.999939 0.000000
0.005503 0.999985 0.000000
0.011014 0.999939 -0.000000
0.024797 0.999634 -0.010856
0.012877 0.999899 -0.006045
-0.000000 1.000000 0.000000
-0.007943 0.999910 -0.010847
-0.003489 0.999976 -0.006043
-0.006977 0.999903 -0.012086
0.000000 1.000000 0.000000
0.000000 1.000000 0.000000
-0.007943 0.999910 0.010847
-0.003489 0.999976 0.006043
-0.006977 0.999903 0.012086
0.024797 0.999634 0.010856
0.012877 0.999899 0.006045
-0.000000 1.000000 -0.000000
0.005503 0.999985 -0.000000
0.011014 0.999939 0.000000
-0.012669 0.999843 0.012375
-0.006950 0.999953 0.006777
0.000000 1.000000 -0.000000
0.009057 0.999882 0.012369
0.003911 0.999969 0.006775
0.007823 0.999878 0.013551
-0.000000 1.000000 0.000000
-0.000000 1.000000 0.000000
36
0 0 1 2 0 1 2 2
0 3 0 4 3 4 5 1
0 0 5 4 4 6 5 1
0 2 1 6 2 1 7 2
0 4 5 7 5 6 8 1
0 4 7 8 5 8 9 1
0 6 1 9 7 1 10 2
0 8 7 10 9 8 11 1
0 7 11 10 8 12 11 1
0 9 1 12 10 1 13 2
0 10 11 13 11 12 14 1
0 10 13 14 11 14 15 1
0 12 1 15 13 1 16 2
0 14 13 16 15 14 17 1
0 13 17 16 14 18 17 1
0 15 1 18 16 1 0 2
0 16 17 19 17 18 19 1
0 16 19 20 17 19 20 1
0 18 1 21 0 1 21 2
0 20 19 22 20 19 22 1
0 19 23 22 19 23 22 1
0 21 1 24 21 1 24 2
0 22 23 25 22 23 25 1
0 22 25 26 22 25 26 1
0 24 1 27 24 1 10 2
0 26 25 28 26 25 27 1
0 25 29 28 25 28 27 1
0 27 1 30 10 1 29 2
0 28 29 31 27 28 30 1
0 28 31 32 27 30 31 1
0 30 1 33 29 1 32 2
0 32 31 34 31 30 33 1
0 31 35 34 30 34 33 1
0 33 1 0 32 1 0 2
0 34 35 36 33 34 35 1
0 34 36 37 33 35 36 1

Materials: 10
"Tex_0000_0_dds"
0.403922 0.403922 0.403922 1.000000
0.000000 0.000000 0.000000 1.000000
0.000000 0.000000 0.000000 1.000000
1.000000 1.000000 1.000000 1.000000
0.185600
1.000000
"Tex_0000_0.png"
""
"Tex_0001_0_dds"
1.000000 1.000000 1.000000 1.000000
0.800000 0.800000 0.800000 1.000000
0.500000 0.500000 0.500000 1.000000
0.000000 0.000000 0.000000 1.000000
0.185600
1.000000
"Tex_0001_0.png"
""
"Tex_0002_0_dds"
0.290196 0.290196 0.290196 1.000000
0.000000 0.000000 0.000000 1.000000
0.000000 0.000000 0.000000 1.000000
1.000000 1.000000 1.000000 1.000000
0.185600
1.000000
"Tex_0002_0.png"
""
"Tex_0003_0_dds"
1.000000 1.000000 1.000000 1.000000
0.800000 0.800000 0.800000 1.000000
0.500000 0.500000 0.500000 1.000000
1.000000 1.000000 1.000000 1.000000
0.185600
1.000000
"Tex_0003_0.ini"
""
"Tex_0004_0_dds"
0.403922 0.403922 0.403922 1.000000
0.000000 0.000000 0.000000 1.000000
0.000000 0.000000 0.000000 1.000000
1.000000 1.000000 1.000000 1.000000
0.185600
1.000000
"Tex_0004_0.png"
""
"Tex_0005_0_dds"
1.000000 1.000000 1.000000 1.000000
0.800000 0.800000 0.800000 1.000000
0.500000 0.500000 0.500000 1.000000
1.000000 1.000000 1.000000 1.000000
0.185600
1.000000
"Tex_0005_0.png"
""
"Tex_0006_0_dds"
1.000000 1.000000 1.000000 1.000000
0.800000 0.800000 0.800000 1.000000
0.500000 0.500000 0.500000 1.000000
1.000000 1.000000 1.000000 1.000000
0.185600
1.000000
"Tex_0006_0.ini"
""
"Material01"
0.000000 0.000000 0.000000 0.870000
0.000000 0.000000 0.000000 0.870000
0.000000 0.000000 0.000000 0.870000
0.000000 0.000000 0.000000 0.870000
0.000000
0.870000
"Shadow.png"
""
"Material01"
0.200000 0.200000 0.200000 0.530000
0.800000 0.800000 0.800000 0.530000
0.000000 0.000000 0.000000 0.530000
1.000000 1.000000 1.000000 0.530000
0.000000
0.530000
"Tex_0005_1.png"
""
"Light_Mat"
1.000000 1.000000 1.000000 1.000000
1.000000 1.000000 1.000000 1.000000
1.000000 1.000000 1.000000 1.000000
1.000000 1.000000 1.000000 1.000000
0.185600
1.000000
"Tex_0010_1.png"
""

Bones: 37
"Camara"
""
8 0.000000 0.000000 0.000000 0.000000 -0.000000 0.000000
2
0.000000 0.000000 20.500000 0.000000
100.000000 0.000000 20.500000 0.000000
2
0.000000 3.141592 0.523599 -3.141592
100.000000 3.141592 0.523599 -3.141592
"LuzArriba1"
"Camara"
8 0.000000 0.000000 0.000000 0.000000 -0.000000 0.000000
2
0.000000 0.000004 -0.000046 41.999992
100.000000 0.000004 -0.000046 41.999992
2
0.000000 -3.141588 1.535889 -3.141588
100.000000 -3.141588 1.535889 -3.141588
"LuzArriba1A"
"LuzArriba1"
8 0.000000 0.000000 0.000000 0.000000 -0.000000 0.000000
49
0.000000 0.000000 0.000000 0.000000
3.000000 0.000000 0.000000 0.000000
5.000000 0.000000 0.000000 0.000000
7.000000 0.000000 0.000000 0.000000
9.000000 0.000000 0.000000 0.000000
11.000000 0.000000 0.000000 0.000000
13.000000 0.000000 0.000000 0.000000
15.000000 0.000000 0.000000 0.000000
17.000000 0.000000 0.000000 0.000000
19.000000 0.000000 0.000000 0.000000
21.000000 0.000000 0.000000 0.000000
23.000000 0.000000 0.000000 0.000000
25.000000 0.000000 0.000000 0.000000
27.000000 0.000000 0.000000 0.000000
29.000000 0.000000 0.000000 0.000000
31.000000 0.000000 0.000000 0.000000
33.000000 0.000000 0.000000 0.000000
35.000000 0.000000 0.000000 0.000000
37.000000 0.000000 0.000000 0.000000
39.000000 0.000000 0.000000 0.000000
41.000000 0.000000 0.000000 0.000000
43.000000 0.000000 0.000000 0.000000
45.000000 0.000000 0.000000 0.000000
47.000000 0.000000 0.000000 0.000000
49.000000 0.000000 0.000000 0.000000
51.000000 0.000000 0.000000 0.000000
53.000000 0.000000 0.000000 0.000000
55.000000 0.000000 0.000000 0.000000
57.000000 0.000000 0.000000 0.000000
59.000000 0.000000 0.000000 0.000000
61.000000 0.000000 0.000000 0.000000
63.000000 0.000000 0.000000 0.000000
65.000000 0.000000 0.000000 0.000000
67.000000 0.000000 0.000000 0.000000
69.000000 0.000000 0.000000 0.000000
71.000000 0.000000 0.000000 0.000000
73.000000 0.000000 0.000000 0.000000
75.000000 0.000000 0.000000 0.000000
77.000000 0.000000 0.000000 0.000000
79.000000 0.000000 0.000000 0.000000
81.000000 0.000000 0.000000 0.000000
83.000000 0.000000 0.000000 0.000000
85.000000 0.000000 0.000000 0.000000
87.000000 0.000000 0.000000 0.000000
89.000000 0.000000 0.000000 0.000000
91.000000 0.000000 0.000000 0.000000
93.000000 0.000000 0.000000 0.000000
95.000000 0.000000 0.000000 0.000000
100.000000 0.000000 0.000000 0.000000
49
0.000000 0.000000 0.000000 -0.157079
3.000000 0.000000 0.000000 -0.158785
5.000000 0.000000 0.000000 -0.157079
7.000000 0.000000 0.000000 -0.149224
9.000000 0.000000 0.000000 -0.135170
11.000000 0.000000 0.000000 -0.115540
13.000000 0.000000 0.000000 -0.090958
15.000000 0.000000 0.000000 -0.062047
17.000000 0.000000 0.000000 -0.029431
19.000000 0.000000 -0.000000 0.006266
21.000000 0.000000 -0.000000 0.044423
23.000000 0.000000 -0.000000 0.084415
25.000000 0.000000 -0.000000 0.125619
27.000000 0.000000 -0.000000 0.167411
29.000000 0.000000 -0.000000 0.209168
31.000000 0.000000 -0.000000 0.250267
33.000000 0.000000 -0.000000 0.290084
35.000000 0.000000 -0.000000 0.327997
37.000000 0.000000 -0.000000 0.363380
39.000000 0.000000 -0.000000 0.395612
41.000000 0.000000 -0.000000 0.424069
43.000000 0.000000 -0.000000 0.448127
45.000000 0.000000 -0.000000 0.467163
47.000000 0.000000 -0.000000 0.480554
49.000000 0.000000 -0.000000 0.487676
51.000000 0.000000 -0.000000 0.487932
53.000000 0.000000 -0.000000 0.481318
55.000000 0.000000 -0.000000 0.468427
57.000000 0.000000 -0.000000 0.449875
59.000000 0.000000 -0.000000 0.426280
61.000000 0.000000 -0.000000 0.398258
63.000000 0.000000 -0.000000 0.366429
65.000000 0.000000 -0.000000 0.331408
67.000000 0.000000 -0.000000 0.293813
69.000000 0.000000 -0.000000 0.254261
71.000000 0.000000 -0.000000 0.213371
73.000000 0.000000 -0.000000 0.171758
75.000000 0.000000 -0.000000 0.130040
77.000000 0.000000 -0.000000 0.088836
79.000000 0.000000 -0.000000 0.048761
81.000000 0.000000 -0.000000 0.010433
83.000000 0.000000 0.000000 -0.025529
85.000000 0.000000 0.000000 -0.058510
87.000000 0.000000 0.000000 -0.087891
89.000000 0.000000 0.000000 -0.113057
91.000000 0.000000 0.000000 -0.133388
93.000000 0.000000 0.000000 -0.148268
95.000000 0.000000 0.000000 -0.157079
100.000000 0.000000 0.000000 -0.157079
"LuzArriba2"
"Camara"
8 0.000000 0.000000 0.000000 0.000000 -0.000000 0.000000
2
0.000000 -0.000000 0.000006 -42.000000
100.000000 -0.000000 0.000006 -42.000000
2
0.000000 0.000000 -1.570795 0.000000
100.000000 0.000000 -1.570795 0.000000
"LuzArriba2A"
"LuzArriba2"
8 0.000000 0.000000 0.000000 0.000000 -0.000000 0.000000
49
0.000000 0.000000 0.000000 0.000000
3.000000 0.000000 0.000000 0.000000
5.000000 0.000000 0.000000 0.000000
7.000000 0.000000 0.000000 0.000000
9.000000 0.000000 0.000000 0.000000
11.000000 0.000000 0.000000 0.000000
13.000000 0.000000 0.000000 0.000000
15.000000 0.000000 0.000000 0.000000
17.000000 0.000000 0.000000 0.000000
19.000000 0.000000 0.000000 0.000000
21.000000 0.000000 0.000000 0.000000
23.000000 0.000000 0.000000 0.000000
25.000000 0.000000 0.000000 0.000000
27.000000 0.000000 0.000000 0.000000
29.000000 0.000000 0.000000 0.000000
31.000000 0.000000 0.000000 0.000000
33.000000 0.000000 0.000000 0.000000
35.000000 0.000000 0.000000 0.000000
37.000000 0.000000 0.000000 0.000000
39.000000 0.000000 0.000000 0.000000
41.000000 0.000000 0.000000 0.000000
43.000000 0.000000 0.000000 0.000000
45.000000 0.000000 0.000000 0.000000
47.000000 0.000000 0.000000 0.000000
49.000000 0.000000 0.000000 0.000000
51.000000 0.000000 0.000000 0.000000
53.000000 0.000000 0.000000 0.000000
55.000000 0.000000 0.000000 0.000000
57.000000 0.000000 0.000000 0.000000
59.000000 0.000000 0.000000 0.000000
61.000000 0.000000 0.000000 0.000000
63.000000 0.000000 0.000000 0.000000
65.000000 0.000000 0.000000 0.000000
67.000000 0.000000 0.000000 0.000000
69.000000 0.000000 0.000000 0.000000
71.000000 0.000000 0.000000 0.000000
73.000000 0.000000 0.000000 0.000000
75.000000 0.000000 0.000000 0.000000
77.000000 0.000000 0.000000 0.000000
79.000000 0.000000 0.000000 0.000000
81.000000 0.000000 0.000000 0.000000
83.000000 0.000000 0.000000 0.000000
85.000000 0.000000 0.000000 0.000000
87.000000 0.000000 0.000000 0.000000
89.000000 0.000000 0.000000 0.000000
91.000000 0.000000 0.000000 0.000000
93.000000 0.000000 0.000000 0.000000
95.000000 0.000000 0.000000 0.000000
100.000000 0.000000 0.000000 0.000000
49
0.000000 0.000000 0.000000 -0.157079
3.000000 0.000000 0.000000 -0.158785
5.000000 0.000000 0.000000 -0.157079
7.000000 0.000000 0.000000 -0.149224
9.000000 0.000000 0.000000 -0.135170
11.000000 0.000000 0.000000 -0.115540
13.000000 0.000000 0.000000 -0.090958
15.000000 0.000000 0.000000 -0.062047
17.000000 0.000000 0.000000 -0.029431
19.000000 0.000000 -0.000000 0.006266
21.000000 0.000000 -0.000000 0.044423
23.000000 0.000000 -0.000000 0.084415
25.000000 0.000000 -0.000000 0.125619
27.000000 0.000000 -0.000000 0.167411
29.000000 0.000000 -0.000000 0.209168
31.000000 0.000000 -0.000000 0.250267
33.000000 0.000000 -0.000000 0.290084
35.000000 0.000000 -0.000000 0.327997
37.000000 0.000000 -0.000000 0.363380
39.000000 0.000000 -0.000000 0.395612
41.000000 0.000000 -0.000000 0.424069
43.000000 0.000000 -0.000000 0.448127
45.000000 0.000000 -0.000000 0.467163
47.000000 0.000000 -0.000000 0.480554
49.000000 0.000000 -0.000000 0.487676
51.000000 0.000000 -0.000000 0.487932
53.000000 0.000000 -0.000000 0.481318
55.000000 0.000000 -0.000000 0.468427
57.000000 0.000000 -0.000000 0.449875
59.000000 0.000000 -0.000000 0.426280
61.000000 0.000000 -0.000000 0.398258
63.000000 0.000000 -0.000000 0.366429
65.000000 0.000000 -0.000000 0.331408
67.000000 0.000000 -0.000000 0.293813
69.000000 0.000000 -0.000000 0.254261
71.000000 0.000000 -0.000000 0.213371
73.000000 0.000000 -0.000000 0.171758
75.000000 0.000000 -0.000000 0.130040
77.000000 0.000000 -0.000000 0.088836
79.000000 0.000000 -0.000000 0.048761
81.000000 0.000000 -0.000000 0.010433
83.000000 0.000000 0.000000 -0.025529
85.000000 0.000000 0.000000 -0.058510
87.000000 0.000000 0.000000 -0.087891
89.000000 0.000000 0.000000 -0.113057
91.000000 0.000000 0.000000 -0.133388
93.000000 0.000000 0.000000 -0.148268
95.000000 0.000000 0.000000 -0.157079
100.000000 0.000000 0.000000 -0.157079
"LuzArriba3"
"Camara"
8 0.000000 0.000000 0.000000 0.000000 -0.000000 0.000000
2
0.000000 36.373074 0.000000 -21.000004
100.000000 36.373074 0.000000 -21.000004
2
0.000000 3.141592 -0.506145 -3.141592
100.000000 3.141592 -0.506145 -3.141592
"LuzArriba3A"
"LuzArriba3"
8 0.000000 0.000000 0.000000 0.000000 -0.000000 0.000000
49
0.000000 0.000000 0.000000 0.000000
3.000000 0.000000 0.000000 0.000000
5.000000 0.000000 0.000000 0.000000
7.000000 0.000000 0.000000 0.000000
9.000000 0.000000 0.000000 0.000000
11.000000 0.000000 0.000000 0.000000
13.000000 0.000000 0.000000 0.000000
15.000000 0.000000 0.000000 0.000000
17.000000 0.000000 0.000000 0.000000
19.000000 0.000000 0.000000 0.000000
21.000000 0.000000 0.000000 0.000000
23.000000 0.000000 0.000000 0.000000
25.000000 0.000000 0.000000 0.000000
27.000000 0.000000 0.000000 0.000000
29.000000 0.000000 0.000000 0.000000
31.000000 0.000000 0.000000 0.000000
33.000000 0.000000 0.000000 0.000000
35.000000 0.000000 0.000000 0.000000
37.000000 0.000000 0.000000 0.000000
39.000000 0.000000 0.000000 0.000000
41.000000 0.000000 0.000000 0.000000
43.000000 0.000000 0.000000 0.000000
45.000000 0.000000 0.000000 0.000000
47.000000 0.000000 0.000000 0.000000
49.000000 0.000000 0.000000 0.000000
51.000000 0.000000 0.000000 0.000000
53.000000 0.000000 0.000000 0.000000
55.000000 0.000000 0.000000 0.000000
57.000000 0.000000 0.000000 0.000000
59.000000 0.000000 0.000000 0.000000
61.000000 0.000000 0.000000 0.000000
63.000000 0.000000 0.000000 0.000000
65.000000 0.000000 0.000000 0.000000
67.000000 0.000000 0.000000 0.000000
69.000000 0.000000 0.000000 0.000000
71.000000 0.000000 0.000000 0.000000
73.000000 0.000000 0.000000 0.000000
75.000000 0.000000 0.000000 0.000000
77.000000 0.000000 0.000000 0.000000
79.000000 0.000000 0.000000 0.000000
81.000000 0.000000 0.000000 0.000000
83.000000 0.000000 0.000000 0.000000
85.000000 0.000000 0.000000 0.000000
87.000000 0.000000 0.000000 0.000000
89.000000 0.000000 0.000000 0.000000
91.000000 0.000000 0.000000 0.000000
93.000000 0.000000 0.000000 0.000000
95.000000 0.000000 0.000000 0.000000
100.000000 0.000000 0.000000 0.000000
49
0.000000 0.000000 0.000000 -0.157079
3.000000 0.000000 0.000000 -0.158785
5.000000 0.000000 0.000000 -0.157079
7.000000 0.000000 0.000000 -0.149224
9.000000 0.000000 0.000000 -0.135170
11.000000 0.000000 0.000000 -0.115540
13.000000 0.000000 0.000000 -0.090958
15.000000 0.000000 0.000000 -0.062047
17.000000 0.000000 0.000000 -0.029431
19.000000 0.000000 -0.000000 0.006266
21.000000 0.000000 -0.000000 0.044423
23.000000 0.000000 -0.000000 0.084415
25.000000 0.000000 -0.000000 0.125619
27.000000 0.000000 -0.000000 0.167411
29.000000 0.000000 -0.000000 0.209168
31.000000 0.000000 -0.000000 0.250267
33.000000 0.000000 -0.000000 0.290084
35.000000 0.000000 -0.000000 0.327997
37.000000 0.000000 -0.000000 0.363380
39.000000 0.000000 -0.000000 0.395612
41.000000 0.000000 -0.000000 0.424069
43.000000 0.000000 -0.000000 0.448127
45.000000 0.000000 -0.000000 0.467163
47.000000 0.000000 -0.000000 0.480554
49.000000 0.000000 -0.000000 0.487676
51.000000 0.000000 -0.000000 0.487932
53.000000 0.000000 -0.000000 0.481318
55.000000 0.000000 -0.000000 0.468427
57.000000 0.000000 -0.000000 0.449875
59.000000 0.000000 -0.000000 0.426280
61.000000 0.000000 -0.000000 0.398258
63.000000 0.000000 -0.000000 0.366429
65.000000 0.000000 -0.000000 0.331408
67.000000 0.000000 -0.000000 0.293813
69.000000 0.000000 -0.000000 0.254261
71.000000 0.000000 -0.000000 0.213371
73.000000 0.000000 -0.000000 0.171758
75.000000 0.000000 -0.000000 0.130040
77.000000 0.000000 -0.000000 0.088836
79.000000 0.000000 -0.000000 0.048761
81.000000 0.000000 -0.000000 0.010433
83.000000 0.000000 0.000000 -0.025529
85.000000 0.000000 0.000000 -0.058510
87.000000 0.000000 0.000000 -0.087891
89.000000 0.000000 0.000000 -0.113057
91.000000 0.000000 0.000000 -0.133388
93.000000 0.000000 0.000000 -0.148268
95.000000 0.000000 0.000000 -0.157079
100.000000 0.000000 0.000000 -0.157079
"LuzArriba4"
"Camara"
8 0.000000 0.000000 0.000000 0.000000 -0.000000 0.000000
2
0.000000 -36.373055 0.000000 21.000006
100.000000 -36.373055 0.000000 21.000006
2
0.000000 0.000000 0.523599 0.000000
100.000000 0.000000 0.523599 0.000000
"LuzArriba4A"
"LuzArriba4"
8 0.000000 0.000000 0.000000 0.000000 -0.000000 0.000000
49
0.000000 0.000000 0.000000 0.000000
3.000000 0.000000 0.000000 0.000000
5.000000 0.000000 0.000000 0.000000
7.000000 0.000000 0.000000 0.000000
9.000000 0.000000 0.000000 0.000000
11.000000 0.000000 0.000000 0.000000
13.000000 0.000000 0.000000 0.000000
15.000000 0.000000 0.000000 0.000000
17.000000 0.000000 0.000000 0.000000
19.000000 0.000000 0.000000 0.000000
21.000000 0.000000 0.000000 0.000000
23.000000 0.000000 0.000000 0.000000
25.000000 0.000000 0.000000 0.000000
27.000000 0.000000 0.000000 0.000000
29.000000 0.000000 0.000000 0.000000
31.000000 0.000000 0.000000 0.000000
33.000000 0.000000 0.000000 0.000000
35.000000 0.000000 0.000000 0.000000
37.000000 0.000000 0.000000 0.000000
39.000000 0.000000 0.000000 0.000000
41.000000 0.000000 0.000000 0.000000
43.000000 0.000000 0.000000 0.000000
45.000000 0.000000 0.000000 0.000000
47.000000 0.000000 0.000000 0.000000
49.000000 0.000000 0.000000 0.000000
51.000000 0.000000 0.000000 0.000000
53.000000 0.000000 0.000000 0.000000
55.000000 0.000000 0.000000 0.000000
57.000000 0.000000 0.000000 0.000000
59.000000 0.000000 0.000000 0.000000
61.000000 0.000000 0.000000 0.000000
63.000000 0.000000 0.000000 0.000000
65.000000 0.000000 0.000000 0.000000
67.000000 0.000000 0.000000 0.000000
69.000000 0.000000 0.000000 0.000000
71.000000 0.000000 0.000000 0.000000
73.000000 0.000000 0.000000 0.000000
75.000000 0.000000 0.000000 0.000000
77.000000 0.000000 0.000000 0.000000
79.000000 0.000000 0.000000 0.000000
81.000000 0.000000 0.000000 0.000000
83.000000 0.000000 0.000000 0.000000
85.000000 0.000000 0.000000 0.000000
87.000000 0.000000 0.000000 0.000000
89.000000 0.000000 0.000000 0.000000
91.000000 0.000000 0.000000 0.000000
93.000000 0.000000 0.000000 0.000000
95.000000 0.000000 0.000000 0.000000
100.000000 0.000000 0.000000 0.000000
49
0.000000 0.000000 0.000000 -0.157079
3.000000 0.000000 0.000000 -0.158785
5.000000 0.000000 0.000000 -0.157079
7.000000 0.000000 0.000000 -0.149224
9.000000 0.000000 0.000000 -0.135170
11.000000 0.000000 0.000000 -0.115540
13.000000 0.000000 0.000000 -0.090958
15.000000 0.000000 0.000000 -0.062047
17.000000 0.000000 0.000000 -0.029431
19.000000 0.000000 -0.000000 0.006266
21.000000 0.000000 -0.000000 0.044423
23.000000 0.000000 -0.000000 0.084415
25.000000 0.000000 -0.000000 0.125619
27.000000 0.000000 -0.000000 0.167411
29.000000 0.000000 -0.000000 0.209168
31.000000 0.000000 -0.000000 0.250267
33.000000 0.000000 -0.000000 0.290084
35.000000 0.000000 -0.000000 0.327997
37.000000 0.000000 -0.000000 0.363380
39.000000 0.000000 -0.000000 0.395612
41.000000 0.000000 -0.000000 0.424069
43.000000 0.000000 -0.000000 0.448127
45.000000 0.000000 -0.000000 0.467163
47.000000 0.000000 -0.000000 0.480554
49.000000 0.000000 -0.000000 0.487676
51.000000 0.000000 -0.000000 0.487932
53.000000 0.000000 -0.000000 0.481318
55.000000 0.000000 -0.000000 0.468427
57.000000 0.000000 -0.000000 0.449875
59.000000 0.000000 -0.000000 0.426280
61.000000 0.000000 -0.000000 0.398258
63.000000 0.000000 -0.000000 0.366429
65.000000 0.000000 -0.000000 0.331408
67.000000 0.000000 -0.000000 0.293813
69.000000 0.000000 -0.000000 0.254261
71.000000 0.000000 -0.000000 0.213371
73.000000 0.000000 -0.000000 0.171758
75.000000 0.000000 -0.000000 0.130040
77.000000 0.000000 -0.000000 0.088836
79.000000 0.000000 -0.000000 0.048761
81.000000 0.000000 -0.000000 0.010433
83.000000 0.000000 0.000000 -0.025529
85.000000 0.000000 0.000000 -0.058510
87.000000 0.000000 0.000000 -0.087891
89.000000 0.000000 0.000000 -0.113057
91.000000 0.000000 0.000000 -0.133388
93.000000 0.000000 0.000000 -0.148268
95.000000 0.000000 0.000000 -0.157079
100.000000 0.000000 0.000000 -0.157079
"LuzArriba5"
"Camara"
8 0.000000 0.000000 0.000000 0.000000 -0.000000 0.000000
2
0.000000 36.373089 0.000000 20.999989
100.000000 36.373089 0.000000 20.999989
2
0.000000 -3.141592 0.523600 -3.141592
100.000000 -3.141592 0.523600 -3.141592
"LuzArriba5A"
"LuzArriba5"
8 0.000000 0.000000 0.000000 0.000000 -0.000000 0.000000
49
0.000000 0.000000 0.000000 0.000000
3.000000 0.000000 0.000000 0.000000
5.000000 0.000000 0.000000 0.000000
7.000000 0.000000 0.000000 0.000000
9.000000 0.000000 0.000000 0.000000
11.000000 0.000000 0.000000 0.000000
13.000000 0.000000 0.000000 0.000000
15.000000 0.000000 0.000000 0.000000
17.000000 0.000000 0.000000 0.000000
19.000000 0.000000 0.000000 0.000000
21.000000 0.000000 0.000000 0.000000
23.000000 0.000000 0.000000 0.000000
25.000000 0.000000 0.000000 0.000000
27.000000 0.000000 0.000000 0.000000
29.000000 0.000000 0.000000 0.000000
31.000000 0.000000 0.000000 0.000000
33.000000 0.000000 0.000000 0.000000
35.000000 0.000000 0.000000 0.000000
37.000000 0.000000 0.000000 0.000000
39.000000 0.000000 0.000000 0.000000
41.000000 0.000000 0.000000 0.000000
43.000000 0.000000 0.000000 0.000000
45.000000 0.000000 0.000000 0.000000
47.000000 0.000000 0.000000 0.000000
49.000000 0.000000 0.000000 0.000000
51.000000 0.000000 0.000000 0.000000
53.000000 0.000000 0.000000 0.000000
55.000000 0.000000 0.000000 0.000000
57.000000 0.000000 0.000000 0.000000
59.000000 0.000000 0.000000 0.000000
61.000000 0.000000 0.000000 0.000000
63.000000 0.000000 0.000000 0.000000
65.000000 0.000000 0.000000 0.000000
67.000000 0.000000 0.000000 0.000000
69.000000 0.000000 0.000000 0.000000
71.000000 0.000000 0.000000 0.000000
73.000000 0.000000 0.000000 0.000000
75.000000 0.000000 0.000000 0.000000
77.000000 0.000000 0.000000 0.000000
79.000000 0.000000 0.000000 0.000000
81.000000 0.000000 0.000000 0.000000
83.000000 0.000000 0.000000 0.000000
85.000000 0.000000 0.000000 0.000000
87.000000 0.000000 0.000000 0.000000
89.000000 0.000000 0.000000 0.000000
91.000000 0.000000 0.000000 0.000000
93.000000 0.000000 0.000000 0.000000
95.000000 0.000000 0.000000 0.000000
100.000000 0.000000 0.000000 0.000000
49
0.000000 0.000000 0.000000 -0.157079
3.000000 0.000000 0.000000 -0.158785
5.000000 0.000000 0.000000 -0.157079
7.000000 0.000000 0.000000 -0.149224
9.000000 0.000000 0.000000 -0.135170
11.000000 0.000000 0.000000 -0.115540
13.000000 0.000000 0.000000 -0.090958
15.000000 0.000000 0.000000 -0.062047
17.000000 0.000000 0.000000 -0.029431
19.000000 0.000000 -0.000000 0.006266
21.000000 0.000000 -0.000000 0.044423
23.000000 0.000000 -0.000000 0.084415
25.000000 0.000000 -0.000000 0.125619
27.000000 0.000000 -0.000000 0.167411
29.000000 0.000000 -0.000000 0.209168
31.000000 0.000000 -0.000000 0.250267
33.000000 0.000000 -0.000000 0.290084
35.000000 0.000000 -0.000000 0.327997
37.000000 0.000000 -0.000000 0.363380
39.000000 0.000000 -0.000000 0.395612
41.000000 0.000000 -0.000000 0.424069
43.000000 0.000000 -0.000000 0.448127
45.000000 0.000000 -0.000000 0.467163
47.000000 0.000000 -0.000000 0.480554
49.000000 0.000000 -0.000000 0.487676
51.000000 0.000000 -0.000000 0.487932
53.000000 0.000000 -0.000000 0.481318
55.000000 0.000000 -0.000000 0.468427
57.000000 0.000000 -0.000000 0.449875
59.000000 0.000000 -0.000000 0.426280
61.000000 0.000000 -0.000000 0.398258
63.000000 0.000000 -0.000000 0.366429
65.000000 0.000000 -0.000000 0.331408
67.000000 0.000000 -0.000000 0.293813
69.000000 0.000000 -0.000000 0.254261
71.000000 0.000000 -0.000000 0.213371
73.000000 0.000000 -0.000000 0.171758
75.000000 0.000000 -0.000000 0.130040
77.000000 0.000000 -0.000000 0.088836
79.000000 0.000000 -0.000000 0.048761
81.000000 0.000000 -0.000000 0.010433
83.000000 0.000000 0.000000 -0.025529
85.000000 0.000000 0.000000 -0.058510
87.000000 0.000000 0.000000 -0.087891
89.000000 0.000000 0.000000 -0.113057
91.000000 0.000000 0.000000 -0.133388
93.000000 0.000000 0.000000 -0.148268
95.000000 0.000000 0.000000 -0.157079
100.000000 0.000000 0.000000 -0.157079
"LuzArriba6"
"Camara"
8 0.000000 0.000000 0.000000 0.000000 -0.000000 0.000000
2
0.000000 -36.373077 0.000000 -20.999987
100.000000 -36.373077 0.000000 -20.999987
2
0.000000 0.000000 -0.523599 0.000000
100.000000 0.000000 -0.523599 0.000000
"LuzArriba6A"
"LuzArriba6"
8 0.000000 0.000000 0.000000 0.000000 -0.000000 0.000000
49
0.000000 0.000000 0.000000 0.000000
3.000000 0.000000 0.000000 0.000000
5.000000 0.000000 0.000000 0.000000
7.000000 0.000000 0.000000 0.000000
9.000000 0.000000 0.000000 0.000000
11.000000 0.000000 0.000000 0.000000
13.000000 0.000000 0.000000 0.000000
15.000000 0.000000 0.000000 0.000000
17.000000 0.000000 0.000000 0.000000
19.000000 0.000000 0.000000 0.000000
21.000000 0.000000 0.000000 0.000000
23.000000 0.000000 0.000000 0.000000
25.000000 0.000000 0.000000 0.000000
27.000000 0.000000 0.000000 0.000000
29.000000 0.000000 0.000000 0.000000
31.000000 0.000000 0.000000 0.000000
33.000000 0.000000 0.000000 0.000000
35.000000 0.000000 0.000000 0.000000
37.000000 0.000000 0.000000 0.000000
39.000000 0.000000 0.000000 0.000000
41.000000 0.000000 0.000000 0.000000
43.000000 0.000000 0.000000 0.000000
45.000000 0.000000 0.000000 0.000000
47.000000 0.000000 0.000000 0.000000
49.000000 0.000000 0.000000 0.000000
51.000000 0.000000 0.000000 0.000000
53.000000 0.000000 0.000000 0.000000
55.000000 0.000000 0.000000 0.000000
57.000000 0.000000 0.000000 0.000000
59.000000 0.000000 0.000000 0.000000
61.000000 0.000000 0.000000 0.000000
63.000000 0.000000 0.000000 0.000000
65.000000 0.000000 0.000000 0.000000
67.000000 0.000000 0.000000 0.000000
69.000000 0.000000 0.000000 0.000000
71.000000 0.000000 0.000000 0.000000
73.000000 0.000000 0.000000 0.000000
75.000000 0.000000 0.000000 0.000000
77.000000 0.000000 0.000000 0.000000
79.000000 0.000000 0.000000 0.000000
81.000000 0.000000 0.000000 0.000000
83.000000 0.000000 0.000000 0.000000
85.000000 0.000000 0.000000 0.000000
87.000000 0.000000 0.000000 0.000000
89.000000 0.000000 0.000000 0.000000
91.000000 0.000000 0.000000 0.000000
93.000000 0.000000 0.000000 0.000000
95.000000 0.000000 0.000000 0.000000
100.000000 0.000000 0.000000 0.000000
49
0.000000 0.000000 0.000000 -0.157079
3.000000 0.000000 0.000000 -0.158785
5.000000 0.000000 0.000000 -0.157079
7.000000 0.000000 0.000000 -0.149224
9.000000 0.000000 0.000000 -0.135170
11.000000 0.000000 0.000000 -0.115540
13.000000 0.000000 0.000000 -0.090958
15.000000 0.000000 0.000000 -0.062047
17.000000 0.000000 0.000000 -0.029431
19.000000 0.000000 -0.000000 0.006266
21.000000 0.000000 -0.000000 0.044423
23.000000 0.000000 -0.000000 0.084415
25.000000 0.000000 -0.000000 0.125619
27.000000 0.000000 -0.000000 0.167411
29.000000 0.000000 -0.000000 0.209168
31.000000 0.000000 -0.000000 0.250267
33.000000 0.000000 -0.000000 0.290084
35.000000 0.000000 -0.000000 0.327997
37.000000 0.000000 -0.000000 0.363380
39.000000 0.000000 -0.000000 0.395612
41.000000 0.000000 -0.000000 0.424069
43.000000 0.000000 -0.000000 0.448127
45.000000 0.000000 -0.000000 0.467163
47.000000 0.000000 -0.000000 0.480554
49.000000 0.000000 -0.000000 0.487676
51.000000 0.000000 -0.000000 0.487932
53.000000 0.000000 -0.000000 0.481318
55.000000 0.000000 -0.000000 0.468427
57.000000 0.000000 -0.000000 0.449875
59.000000 0.000000 -0.000000 0.426280
61.000000 0.000000 -0.000000 0.398258
63.000000 0.000000 -0.000000 0.366429
65.000000 0.000000 -0.000000 0.331408
67.000000 0.000000 -0.000000 0.293813
69.000000 0.000000 -0.000000 0.254261
71.000000 0.000000 -0.000000 0.213371
73.000000 0.000000 -0.000000 0.171758
75.000000 0.000000 -0.000000 0.130040
77.000000 0.000000 -0.000000 0.088836
79.000000 0.000000 -0.000000 0.048761
81.000000 0.000000 -0.000000 0.010433
83.000000 0.000000 0.000000 -0.025529
85.000000 0.000000 0.000000 -0.058510
87.000000 0.000000 0.000000 -0.087891
89.000000 0.000000 0.000000 -0.113057
91.000000 0.000000 0.000000 -0.133388
93.000000 0.000000 0.000000 -0.148268
95.000000 0.000000 0.000000 -0.157079
100.000000 0.000000 0.000000 -0.157079
"Fucsia1"
""
8 0.000000 0.000000 0.000000 0.000000 -0.000000 0.000000
2
0.000000 0.166623 23.350000 43.843094
100.000000 0.166623 23.350000 43.843094
2
0.000000 0.000000 -0.645772 0.000000
100.000000 0.000000 -0.645772 0.000000
"Fucsia2"
"Fucsia1"
8 0.000000 0.000000 0.000000 0.000000 -0.000000 0.000000
5
0.000000 28.321430 0.000000 37.476189
25.000000 28.321430 0.000000 37.476185
50.000000 28.321430 0.000000 37.476185
75.000000 28.321430 0.000000 37.476185
100.000000 28.321430 0.000000 37.476185
5
0.000000 0.000000 -0.000000 0.000000
25.000000 -0.000000 1.570796 0.000000
50.000000 -3.141592 -0.000000 -3.141592
75.000000 0.000000 -1.570795 0.000000
100.000000 0.000000 -0.000000 0.000000
"Fucsia3"
"Fucsia2"
24 0.000000 0.000000 0.000000 0.000000 -0.000000 0.000000
2
0.000000 -15.583330 -45.576923 11.000000
100.000000 -15.583330 -45.576923 11.000000
1
1.000000 0.000000 -0.000000 0.000000
"Verde1"
""
24 0.000000 0.000000 0.000000 0.000000 -0.000000 0.000000
2
0.000000 38.351849 23.350000 21.555553
100.000000 38.351849 23.350000 21.555553
1
1.000000 0.000000 -0.000000 0.000000
"Verde2"
"Verde1"
8 0.000000 0.000000 0.000000 0.000000 -0.000000 0.000000
5
0.000000 45.833332 0.000000 12.833328
25.000000 45.833332 0.000000 12.833328
50.000000 45.833332 0.000000 12.833328
75.000000 45.833332 0.000000 12.833328
100.000000 45.833332 0.000000 12.833328
5
0.000000 0.000000 -0.000000 0.000000
25.000000 -0.000000 1.570796 0.000000
50.000000 -3.141592 -0.000000 -3.141592
75.000000 0.000000 -1.570796 0.000000
100.000000 0.000000 -0.000000 0.000000
"Verde3"
"Verde2"
24 0.000000 0.000000 0.000000 0.000000 -0.000000 0.000000
2
0.000000 -19.500000 -45.576923 -6.500000
100.000000 -19.500000 -45.576923 -6.500000
1
1.000000 0.000000 -0.000000 0.000000
"Azul1"
""
8 0.000000 0.000000 0.000000 0.000000 -0.000000 0.000000
2
0.000000 39.673473 23.350000 -23.244898
100.000000 39.673473 23.350000 -23.244898
1
0.000000 0.000000 -0.000000 0.000000
"Azul2"
"Azul1"
8 0.000000 0.000000 0.000000 0.000000 -0.000000 0.000000
5
0.000000 55.457146 0.000000 -24.457144
25.000000 55.457142 0.000000 -24.457144
50.000000 55.457142 0.000000 -24.457144
75.000000 55.457142 0.000000 -24.457144
100.000000 55.457142 0.000000 -24.457144
5
0.000000 0.000000 -0.000000 0.000000
25.000000 0.000000 -1.570796 0.000000
50.000000 -3.141592 -0.000000 -3.141592
75.000000 -0.000000 1.570795 0.000000
100.000000 0.000000 -0.000000 0.000000
"Azul3"
"Azul2"
8 0.000000 0.000000 0.000000 0.000000 -0.000000 0.000000
2
0.000000 -6.000000 -45.576923 14.999996
100.000000 -6.000000 -45.576923 14.999996
1
0.000000 0.000000 -0.000000 0.000000
"Amarillo1"
""
8 0.000000 0.000000 0.000000 0.000000 -0.000000 0.000000
2
0.000000 0.216946 23.350000 -45.800003
100.000000 0.216946 23.350000 -45.800003
1
0.000000 0.000000 -0.000000 0.000000
"Amarillo2"
"Amarillo1"
8 0.000000 0.000000 0.000000 0.000000 -0.000000 0.000000
5
0.000000 0.000000 0.000000 -56.666664
25.000000 0.000000 0.000000 -56.666664
50.000000 0.000000 0.000000 -56.666664
75.000000 0.000000 0.000000 -56.666664
100.000000 0.000000 0.000000 -56.666664
5
0.000000 0.000000 -0.000000 0.000000
25.000000 -0.000000 1.570796 0.000000
50.000000 -3.141592 -0.000000 -3.141592
75.000000 0.000000 -1.570796 0.000000
100.000000 0.000000 -0.000000 0.000000
"Amarillo3"
"Amarillo2"
24 0.000000 0.000000 0.000000 0.000000 -0.000000 0.000000
2
0.000000 0.000000 -45.576923 18.333336
100.000000 0.000000 -45.576923 18.333336
1
1.000000 0.000000 -0.000000 0.000000
"Morado1"
""
8 0.000000 0.000000 0.000000 0.000000 -0.000000 0.000000
2
0.000000 -38.000008 23.350000 -22.888885
100.000000 -38.000008 23.350000 -22.888885
1
75.000000 0.000000 -0.000000 0.000000
"Morado2"
"Morado1"
8 0.000000 0.000000 0.000000 0.000000 -0.000000 0.000000
5
0.000000 -24.236107 0.000000 -14.666664
25.000000 -24.236107 0.000000 -14.666664
50.000000 -24.236107 0.000000 -14.666664
75.000000 -24.236107 0.000000 -14.666664
100.000000 -24.236107 0.000000 -14.666664
5
0.000000 0.000000 -0.000000 0.000000
25.000000 -0.000000 1.570796 0.000000
50.000000 -3.141592 -0.000000 -3.141592
75.000000 0.000000 -1.570795 0.000000
100.000000 0.000000 -0.000000 0.000000
"Morado3"
"Morado2"
8 0.000000 0.000000 0.000000 0.000000 -0.000000 0.000000
2
0.000000 -11.799998 -45.576923 -8.000002
100.000000 -11.799998 -45.576923 -8.000002
1
0.000000 0.000000 -0.000000 0.000000
"Naranja1"
""
8 0.000000 0.000000 0.000000 0.000000 -0.000000 0.000000
2
0.000000 -38.210529 23.350000 21.473684
100.000000 -38.210529 23.350000 21.473684
1
0.000000 0.000000 -0.000000 0.000000
"Naranja2"
"Naranja1"
8 0.000000 0.000000 0.000000 0.000000 -0.000000 0.000000
5
0.000000 -32.578945 0.000000 15.294733
25.000000 -32.578945 0.000000 15.294733
50.000000 -32.578945 0.000000 15.294733
75.000000 -32.578945 0.000000 15.294733
100.000000 -32.578945 0.000000 15.294733
5
0.000000 0.000000 -1.570796 0.000000
25.000000 0.000000 -0.000000 0.000000
50.000000 -0.000000 1.570796 0.000000
75.000000 -3.141592 -0.000000 -3.141592
100.000000 0.000000 -1.570795 0.000000
"Naranja3"
"Naranja2"
24 0.000000 0.000000 0.000000 0.000000 -0.000000 0.000000
2
0.000000 -18.111115 -45.576923 -7.833328
100.000000 -18.111115 -45.576923 -7.833328
1
1.000000 0.000000 -0.000000 0.000000
"Suelo1"
""
8 0.000000 0.000000 0.000000 0.000000 -0.000000 0.000000
5
0.000000 36.599998 -22.226923 0.000000
25.000000 36.599998 -22.226923 0.000000
50.000000 36.599998 -22.226923 0.000000
75.000000 36.599998 -22.226923 0.000000
100.000000 36.599998 -22.226923 0.000000
5
0.000000 0.000000 -0.000000 0.000000
25.000000 -0.000000 1.570796 0.000000
50.000000 -3.141592 -0.000000 -3.141592
75.000000 0.000000 -1.570795 0.000000
100.000000 0.000000 -0.000000 0.000000
"Suelo2"
""
8 0.000000 0.000000 0.000000 0.000000 -0.000000 0.000000
5
0.000000 21.199997 -22.226923 -36.400005
25.000000 21.199997 -22.226923 -36.400005
50.000000 21.199997 -22.226923 -36.400005
75.000000 21.199997 -22.226923 -36.400005
100.000000 21.199997 -22.226923 -36.400005
5
0.000000 0.000000 -0.000000 0.000000
25.000000 -3.141592 -1.535890 -3.141592
50.000000 -3.141592 0.034906 -3.141592
75.000000 0.000000 1.535891 0.000000
100.000000 0.000000 -0.000000 0.000000
"Suelo3"
""
8 0.000000 0.000000 0.000000 0.000000 -0.000000 0.000000
5
0.000000 -21.200001 -22.226923 -36.400002
25.000000 -21.200001 -22.226923 -36.400002
50.000000 -21.200001 -22.226923 -36.400002
75.000000 -21.200001 -22.226923 -36.400002
100.000000 -21.200001 -22.226923 -36.400002
5
0.000000 0.000000 -0.000000 0.000000
25.000000 -0.000000 1.570796 0.000000
50.000000 -3.141592 -0.000000 -3.141592
75.000000 0.000000 -1.570795 0.000000
100.000000 0.000000 -0.000000 0.000000
"Suelo4"
""
8 0.000000 0.000000 0.000000 0.000000 -0.000000 0.000000
5
0.000000 -41.600002 -22.226923 0.000002
25.000000 -41.600002 -22.226923 0.000002
50.000000 -41.600002 -22.226923 0.000002
75.000000 -41.600002 -22.226923 0.000002
100.000000 -41.600002 -22.226923 0.000002
5
0.000000 0.000000 -0.000000 0.000000
25.000000 0.000000 -1.570796 0.000000
50.000000 -3.141592 -0.000000 -3.141592
75.000000 -0.000000 1.570795 0.000000
100.000000 0.000000 -0.000000 0.000000
"Suelo5"
""
8 0.000000 0.000000 0.000000 0.000000 -0.000000 0.000000
5
0.000000 -20.800003 -22.226923 36.600002
25.000000 -20.800003 -22.226923 36.600002
50.000000 -20.800003 -22.226923 36.600002
75.000000 -20.800003 -22.226923 36.600002
100.000000 -20.800003 -22.226923 36.600002
5
0.000000 0.000000 -0.000000 0.000000
25.000000 -0.000000 1.570796 0.000000
50.000000 -3.141592 -0.000000 -3.141592
75.000000 0.000000 -1.570795 0.000000
100.000000 0.000000 -0.017455 0.000000
"Suelo6"
""
8 0.000000 0.000000 0.000000 0.000000 -0.000000 0.000000
5
0.000000 21.000000 -22.226923 36.200001
25.000000 21.000000 -22.226923 36.200001
50.000000 21.000000 -22.226923 36.200001
75.000000 21.000000 -22.226923 36.200001
100.000000 21.000000 -22.226923 36.200001
5
0.000000 0.000000 -0.000000 0.000000
25.000000 0.000000 -1.570796 0.000000
50.000000 -3.141592 -0.000000 -3.141592
75.000000 -0.000000 1.570795 0.000000
100.000000 0.000000 -0.000000 0.000000
GroupComments: 0
MaterialComments: 0
BoneComments: 0
ModelComment: 0
