// MilkShape 3D ASCII

Frames: 30
Frame: 1

Meshes: 1
"Duplicate00" 0 0
92
0 0.883608 -1.523817 0.475092 0.167969 1.644531 0
0 1.083608 -1.523817 0.475092 0.019531 1.644531 0
0 0.883608 0.476185 -0.024903 0.167969 1.792969 0
0 1.083608 0.476185 -0.024903 0.019531 1.792969 0
0 1.083608 0.476185 -0.524907 0.167969 1.644531 0
0 1.083608 -1.523817 -1.024905 0.019531 1.644531 0
0 0.883608 0.476185 -0.524907 0.167969 1.792969 0
0 0.883608 -1.523817 -1.024905 0.019531 1.792969 0
0 1.083608 0.476185 -0.024903 0.167969 1.644531 0
0 1.083608 0.476185 -0.524907 0.167969 1.792969 0
0 1.083608 -1.523817 -1.024905 0.019531 1.792969 0
0 0.883608 -1.523817 -1.024905 0.167969 1.644531 0
0 0.883608 -1.523817 0.475092 0.019531 1.644531 0
0 0.883608 0.476185 -0.024903 0.019531 1.792969 0
0 0.883608 0.476185 -0.024903 0.167969 1.644531 0
0 1.083608 0.476185 -0.024903 0.019531 1.644531 0
0 1.083608 0.476185 -0.524907 0.019531 1.792969 0
0 -1.516392 -2.023815 1.275096 0.019531 1.843750 0
0 1.483608 -2.023815 1.275096 0.167969 1.843750 0
0 -1.386332 -1.523817 1.166716 0.019531 1.796875 0
0 1.353548 -1.523817 1.166716 0.167969 1.796875 0
0 1.353548 -1.523817 -1.116515 0.019531 1.796875 0
0 1.483608 -2.023815 -1.224905 0.019531 1.843750 0
0 -1.386332 -1.523817 -1.116515 0.167969 1.796875 0
0 -1.516392 -2.023815 -1.224905 0.167969 1.843750 0
0 1.353548 -1.523817 1.166716 0.019531 1.796875 0
0 1.483608 -2.023815 1.275096 0.019531 1.843750 0
0 1.353548 -1.523817 -1.116515 0.167969 1.796875 0
0 1.483608 -2.023815 -1.224905 0.167969 1.843750 0
0 -1.516392 -2.023815 -1.224905 0.019531 1.843750 0
0 -1.516392 -2.023815 1.275096 0.167969 1.843750 0
0 -1.386332 -1.523817 -1.116515 0.019531 1.796875 0
0 -1.386332 -1.523817 1.166716 0.167969 1.796875 0
0 -1.386332 -1.523817 1.166716 0.167969 1.644531 0
0 1.353548 -1.523817 1.166716 0.019531 1.644531 0
0 -1.386332 -1.523817 -1.116515 0.167969 1.792969 0
0 1.353548 -1.523817 -1.116515 0.019531 1.792969 0
0 -1.116392 -1.523817 0.475092 0.167969 1.644531 0
0 -0.916392 -1.523817 0.475092 0.019531 1.644531 0
0 -1.116392 0.476185 -0.024903 0.167969 1.792969 0
0 -0.916392 0.476185 -0.024903 0.019531 1.792969 0
0 -0.916392 0.476185 -0.524907 0.167969 1.644531 0
0 -0.916392 -1.523817 -1.024905 0.019531 1.644531 0
0 -1.116392 0.476185 -0.524907 0.167969 1.792969 0
0 -1.116392 -1.523817 -1.024905 0.019531 1.792969 0
0 -0.916392 0.476185 -0.024903 0.167969 1.644531 0
0 -0.916392 0.476185 -0.524907 0.167969 1.792969 0
0 -0.916392 -1.523817 -1.024905 0.019531 1.792969 0
0 -1.116392 -1.523817 -1.024905 0.167969 1.644531 0
0 -1.116392 -1.523817 0.475092 0.019531 1.644531 0
0 -1.116392 0.476185 -0.024903 0.019531 1.792969 0
0 -1.116392 0.476185 -0.024903 0.167969 1.644531 0
0 -0.916392 0.476185 -0.024903 0.019531 1.644531 0
0 -0.916392 0.476185 -0.524907 0.019531 1.792969 0
0 0.983608 -0.025524 -1.224905 0.156250 1.796875 1
0 -0.016392 -0.026035 -1.524906 0.093750 1.687500 1
0 0.483608 0.840506 -1.226386 0.031250 1.796875 1
0 0.483608 0.840506 -1.226386 0.156250 1.796875 1
0 -0.516392 0.840506 -1.226386 0.031250 1.796875 1
0 -0.516392 0.840506 -1.226386 0.156250 1.796875 1
0 -1.016392 -0.025524 -1.224905 0.031250 1.796875 1
0 0.483608 0.844765 1.273616 0.031250 1.640625 1
0 -0.516392 0.844765 1.273616 0.156250 1.640625 1
0 -1.016392 -0.025524 -1.224905 0.156250 1.796875 1
0 -0.516392 -0.891546 -1.223425 0.031250 1.796875 1
0 -0.516392 0.844765 1.273616 0.031250 1.640625 1
0 -1.016392 -0.021254 1.275096 0.156250 1.640625 1
0 -0.516392 -0.891546 -1.223425 0.156250 1.796875 1
0 0.483608 -0.891546 -1.223425 0.031250 1.796875 1
0 -1.016392 -0.021254 1.275096 0.031250 1.640625 1
0 -0.516392 -0.887278 1.276576 0.156250 1.640625 1
0 0.483608 0.844765 1.273616 0.156250 1.640625 1
0 0.983608 -0.025524 -1.224905 0.031250 1.796875 1
0 0.983608 -0.021254 1.275096 0.031250 1.640625 1
0 0.483608 -0.891546 -1.223425 0.156250 1.796875 1
0 -0.516392 -0.887278 1.276576 0.031250 1.640625 1
0 0.483608 -0.887278 1.276576 0.156250 1.640625 1
0 0.483608 -0.887278 1.276576 0.031250 1.640625 1
0 0.983608 -0.021254 1.275096 0.156250 1.640625 1
0 0.483608 0.844765 1.273616 0.270752 1.750000 1
0 -0.016392 -0.021254 1.275096 0.380127 1.703125 1
0 0.983608 -0.021254 1.275096 0.270752 1.656250 1
0 -0.516392 0.844765 1.273616 0.270752 1.750000 1
0 0.483608 0.844765 1.273616 0.270752 1.656250 1
0 -1.016392 -0.021254 1.275096 0.270752 1.750000 1
0 -0.516392 0.844765 1.273616 0.270752 1.656250 1
0 -0.516392 -0.887278 1.276576 0.270752 1.750000 1
0 -1.016392 -0.021254 1.275096 0.270752 1.656250 1
0 0.483608 -0.887278 1.276576 0.270752 1.750000 1
0 -0.516392 -0.887278 1.276576 0.270752 1.656250 1
0 0.983608 -0.021254 1.275096 0.270752 1.750000 1
0 0.483608 -0.887278 1.276576 0.270752 1.656250 1
41
0 0.242533 0.970143
0.707107 0.171497 0.685995
0 0.242535 -0.970143
-0.535666 0.665584 -0.519673
1 0 0
-1 0 0
0 1 0
0 0.211841 0.977304
0 0.211841 0.977304
0 0.211861 -0.977300
0 0.211861 -0.977300
0.967794 0.251743 0
0.967794 0.251743 0
-0.967794 0.251743 0
-0.967794 0.251743 0
0.753494 -0.221527 -0.619009
0 -0.001710 -0.999999
0.119210 0.909207 -0.398914
0.567680 0.541251 -0.620312
-0.728380 0.557501 -0.398316
-0.185817 0.761721 -0.620688
-0.847588 -0.352384 -0.396762
0 0.999999 -0.001704
-0.753495 0.219407 -0.619763
-0.119209 -0.910563 -0.395809
-0.866024 0.500002 -0.000852
-0.866025 0.499999 -0.000853
-0.567677 -0.543370 -0.618459
0.728379 -0.558860 -0.396409
-0.866025 -0.499999 0.000854
-0.866025 -0.500000 0.000854
0.866025 0.499999 -0.000853
0.847589 0.351025 -0.397963
0.866024 0.500002 -0.000854
0.185816 -0.763836 -0.618083
0 -0.999999 0.001707
0.866025 -0.499999 0.000854
0.866025 -0.500000 0.000854
0 0.001709 0.999999
0 0.001709 0.999999
0 0.001709 0.999999
54
0 0 1 2 0 1 0 1
0 1 3 2 1 0 0 1
0 4 5 6 2 2 3 1
0 5 7 6 2 2 3 1
0 8 1 9 4 1 4 1
0 1 10 9 1 4 4 1
0 11 12 6 5 5 3 1
0 12 13 6 5 5 3 1
0 14 15 6 6 6 3 1
0 15 16 6 6 6 3 1
0 17 18 19 7 8 8 1
0 18 20 19 8 8 8 1
0 21 22 23 9 9 9 1
0 22 24 23 9 10 9 1
0 25 26 27 11 12 12 1
0 26 28 27 12 12 12 1
0 29 30 31 13 13 13 1
0 30 32 31 13 14 13 1
0 33 34 35 6 6 6 1
0 34 36 35 6 6 6 1
0 37 38 39 0 1 0 1
0 38 40 39 1 0 0 1
0 41 42 43 2 2 3 1
0 42 44 43 2 2 3 1
0 45 38 46 4 1 4 1
0 38 47 46 1 4 4 1
0 48 49 43 5 5 3 1
0 49 50 43 5 5 3 1
0 51 52 43 6 6 3 1
0 52 53 43 6 6 3 1
0 54 55 56 15 16 17 1
0 57 55 58 18 16 19 1
0 59 55 60 20 16 21 1
0 61 56 62 22 17 22 1
0 56 59 62 17 20 22 1
0 63 55 64 23 16 24 1
0 65 58 66 25 19 26 1
0 58 63 66 19 23 26 1
0 67 55 68 27 16 28 1
0 69 60 70 29 21 30 1
0 60 67 70 21 27 30 1
0 57 71 72 18 31 32 1
0 71 73 72 31 33 32 1
0 74 55 72 34 16 32 1
0 75 64 76 35 24 35 1
0 64 74 76 24 34 35 1
0 77 68 78 36 28 37 1
0 68 54 78 28 15 37 1
0 79 80 81 38 39 38 1
0 82 80 83 38 39 38 1
0 84 80 85 38 39 38 1
0 86 80 87 40 39 40 1
0 88 80 89 40 39 40 1
0 90 80 91 40 39 40 1

Materials: 2
"Tex_0002_0_dds"
0.290196 0.290196 0.290196 1
0 0 0 1
0 0 0 1
1 1 1 1
0.185600
1
"Tex_0002_0.png"
""
"Tex_0005_0_dds"
1 1 1 1
0.800000 0.800000 0.800000 1
0.500000 0.500000 0.500000 1
1 1 1 1
0.185600
1
"Tex_0005_0.png"
""

Bones: 2
"joint1"
""
8 0 0 0 0 -0 0
2
0 0 -20.259933 -46.287766
120.000015 0 -20.259933 -46.287766
1
0 0 -0 0
"joint2"
"joint1"
8 0 0 0 0 -0 0
1
0 0 0 0
51
0 0 -0 0
2.400000 0 -0 0
4.800000 -0.006208 0 0
7.200000 -0.019355 0 0
9.600000 -0.038799 0 0
12 -0.063901 0 0
14.400001 -0.094021 0 0
16.800001 -0.128517 0 0
19.200001 -0.166749 0 0
21.600000 -0.208078 0 0
24 -0.251863 0 0
26.400002 -0.297464 0 0
28.800001 -0.344239 0 0
31.200003 -0.391550 0 0
33.600002 -0.438756 0 0
36 -0.485216 0 0
38.400002 -0.530290 0 0
40.800003 -0.573339 0 0
43.200001 -0.613720 0 0
45.600002 -0.650795 0 0
48 -0.683923 0 0
50.400002 -0.712463 0 0
52.800003 -0.735776 0 0
55.200001 -0.753220 0 0
57.600002 -0.764157 0 0
60.000008 -0.767945 0 0
62.400005 -0.764157 0 0
64.800003 -0.753220 0 0
67.200005 -0.735776 0 0
69.600006 -0.712463 0 0
72 -0.683923 0 0
74.400002 -0.650795 0 0
76.800003 -0.613720 0 0
79.200005 -0.573339 0 0
81.600006 -0.530290 0 0
84 -0.485216 0 0
86.400002 -0.438756 0 0
88.800003 -0.391550 0 0
91.200005 -0.344239 0 0
93.600006 -0.297464 0 0
96 -0.251863 0 0
98.400002 -0.208078 0 0
100.800003 -0.166749 0 0
103.200005 -0.128517 0 0
105.600006 -0.094021 0 0
108.000008 -0.063901 0 0
110.400002 -0.038799 0 0
112.800003 -0.019355 0 0
115.200005 -0.006208 0 0
117.600006 0 -0 0
120.000015 0 -0 0
GroupComments: 0
MaterialComments: 0
BoneComments: 0
ModelComment: 0
