// MilkShape 3D ASCII

Frames: 120
Frame: 109

Meshes: 1
"Cylinder05" 0 0
42
0 0.003678 0 0.255436 0.568932 0.029468 1
0 1.795265 -0.000001 13.231662 0.568932 0.961250 1
0 0.003498 -0.000141 0.255436 0.568931 0.029468 1
0 1.710106 -0.537665 13.231662 0.568931 0.961250 1
0 1.462967 -1.022706 13.231662 0.568930 0.961250 1
0 0.002975 -0.000269 0.255436 0.568930 0.029468 1
0 0.002161 -0.000370 0.255436 0.568929 0.029468 1
0 1.078039 -1.407634 13.231662 0.568929 0.961250 1
0 0.592999 -1.654770 13.231662 0.568928 0.961250 1
0 0.001135 -0.000437 0.255436 0.568928 0.029468 1
0 -0.000002 -0.000454 0.255436 0.568927 0.029468 1
0 0.055331 -1.739933 13.231662 0.568927 0.961250 1
0 -0.482338 -1.654770 13.231662 0.568926 0.961250 1
0 -0.001139 -0.000437 0.255436 0.568926 0.029468 1
0 -0.002165 -0.000370 0.255436 0.568925 0.029468 1
0 -0.967375 -1.407634 13.231662 0.568925 0.961250 1
0 -1.352302 -1.022706 13.231662 0.568923 0.961250 1
0 -0.002979 -0.000269 0.255436 0.568923 0.029468 1
0 -0.003502 -0.000141 0.255436 0.568922 0.029468 1
0 -1.599443 -0.537665 13.231662 0.568922 0.961250 1
0 -1.684599 -0.000001 13.231662 0.568921 0.961250 1
0 -0.003682 0 0.255436 0.568921 0.029468 1
0 -0.003502 0.000145 0.255436 0.568920 0.029468 1
0 -1.599443 0.537666 13.231662 0.568920 0.961250 1
0 -1.352302 1.022703 13.231662 0.568919 0.961250 1
0 -0.002979 0.000275 0.255436 0.568919 0.029468 1
0 -0.002165 0.000378 0.255436 0.568918 0.029468 1
0 -0.967375 1.407632 13.231662 0.568918 0.961250 1
0 -0.482338 1.654774 13.231662 0.568917 0.961250 1
0 -0.001139 0.000439 0.255436 0.568917 0.029468 1
0 -0.000002 0.000462 0.255436 0.568916 0.029468 1
0 0.055331 1.739933 13.231662 0.568916 0.961250 1
0 0.592999 1.654774 13.231662 0.568915 0.961250 1
0 0.001135 0.000439 0.255436 0.568915 0.029468 1
0 0.002161 0.000378 0.255436 0.568914 0.029468 1
0 1.078039 1.407632 13.231662 0.568914 0.961250 1
0 1.462967 1.022703 13.231662 0.568913 0.961250 1
0 0.002975 0.000275 0.255436 0.568913 0.029468 1
0 0.003498 0.000145 0.255436 0.568911 0.029468 1
0 1.710106 0.537666 13.231662 0.568911 0.961250 1
0 1.795265 -0.000001 13.231662 0.568910 0.961250 1
0 0.003678 0 0.255436 0.568910 0.029468 1
42
0.614426 -0.784400 -0.084832
0.855359 -0.504393 -0.118103
0.749004 -0.650412 -0.126317
0.942142 -0.306124 -0.136589
0.526223 -0.841038 -0.125477
0.179866 -0.978861 -0.097365
0.348793 -0.928527 -0.127206
0.582375 -0.801595 -0.135218
0.173770 -0.975855 -0.132332
0.039701 -0.990960 -0.128148
-0.000007 -0.991521 -0.129948
-0.000013 -0.991134 -0.132863
-0.173838 -0.976039 -0.130876
-0.039704 -0.991003 -0.127815
-0.349002 -0.928844 -0.124281
-0.582779 -0.802110 -0.130337
-0.526642 -0.841423 -0.121063
-0.179887 -0.979007 -0.095844
-0.749705 -0.650796 -0.120030
-0.943150 -0.306442 -0.128692
-0.991710 -0.002645 -0.128472
-0.991691 -0.006824 -0.128462
-0.752626 0.647359 -0.120334
-0.943149 0.306443 -0.128692
-0.527941 0.840598 -0.121132
-0.182869 0.978428 -0.096108
-0.348242 0.929123 -0.124332
-0.582784 0.802107 -0.130337
-0.173722 0.976060 -0.130875
-0.039487 0.991013 -0.127808
-0.000007 0.991507 -0.130056
-0.000013 0.991135 -0.132862
0.173654 0.975875 -0.132330
0.039484 0.990970 -0.128139
0.348033 0.928806 -0.127251
0.582380 0.801592 -0.135218
0.527522 0.840212 -0.125557
0.182847 0.978280 -0.097654
0.751922 0.646973 -0.126646
0.942141 0.306126 -0.136589
0.858750 0.498487 -0.118571
0.624977 0.775860 -0.086289
40
0 0 1 2 0 1 2 1
0 1 3 2 1 3 2 1
0 2 3 4 2 3 4 1
0 2 4 5 2 4 5 1
0 5 4 6 5 4 6 1
0 4 7 6 4 7 6 1
0 6 7 8 6 7 8 1
0 6 8 9 6 8 9 1
0 9 8 10 9 8 10 1
0 8 11 10 8 11 10 1
0 10 11 12 10 11 12 1
0 10 12 13 10 12 13 1
0 13 12 14 13 12 14 1
0 12 15 14 12 15 14 1
0 14 15 16 14 15 16 1
0 14 16 17 14 16 17 1
0 17 16 18 17 16 18 1
0 16 19 18 16 19 18 1
0 18 19 20 18 19 20 1
0 18 20 21 18 20 21 1
0 21 20 22 21 20 22 1
0 20 23 22 20 23 22 1
0 22 23 24 22 23 24 1
0 22 24 25 22 24 25 1
0 25 24 26 25 24 26 1
0 24 27 26 24 27 26 1
0 26 27 28 26 27 28 1
0 26 28 29 26 28 29 1
0 29 28 30 29 28 30 1
0 28 31 30 28 31 30 1
0 30 31 32 30 31 32 1
0 30 32 33 30 32 33 1
0 33 32 34 33 32 34 1
0 32 35 34 32 35 34 1
0 34 35 36 34 35 36 1
0 34 36 37 34 36 37 1
0 37 36 38 37 36 38 1
0 36 39 38 36 39 38 1
0 38 39 40 38 39 40 1
0 38 40 41 38 40 41 1

Materials: 1
"Tex_0005_0_dds"
1 1 1 1
0.800000 0.800000 0.800000 1
0.500000 0.500000 0.500000 1
1 1 1 1
0.185600
1
"Light_1.ini"
""

Bones: 2
"joint1"
""
8 0 0 0 0 -0 0
2
0 0 -20.259933 -46.287766
120.000015 0 -20.259933 -46.287766
1
0 0 -0 0
"joint2"
"joint1"
24 0 0 0 0 -0 0
1
0 0 0 0
51
0 0 -0 0
2.400000 0 -0 0
4.800000 -0.006208 0 0
7.200000 -0.019355 0 0
9.600000 -0.038799 0 0
12 -0.063901 0 0
14.400001 -0.094021 0 0
16.800001 -0.128517 0 0
19.200001 -0.166749 0 0
21.600000 -0.208078 0 0
24 -0.251863 0 0
26.400002 -0.297464 0 0
28.800001 -0.344239 0 0
31.200003 -0.391550 0 0
33.600002 -0.438756 0 0
36 -0.485216 0 0
38.400002 -0.530290 0 0
40.800003 -0.573339 0 0
43.200001 -0.613720 0 0
45.600002 -0.650795 0 0
48 -0.683923 0 0
50.400002 -0.712463 0 0
52.800003 -0.735776 0 0
55.200001 -0.753220 0 0
57.600002 -0.764157 0 0
60.000008 -0.767945 0 0
62.400005 -0.764157 0 0
64.800003 -0.753220 0 0
67.200005 -0.735776 0 0
69.600006 -0.712463 0 0
72 -0.683923 0 0
74.400002 -0.650795 0 0
76.800003 -0.613720 0 0
79.200005 -0.573339 0 0
81.600006 -0.530290 0 0
84 -0.485216 0 0
86.400002 -0.438756 0 0
88.800003 -0.391550 0 0
91.200005 -0.344239 0 0
93.600006 -0.297464 0 0
96 -0.251863 0 0
98.400002 -0.208078 0 0
100.800003 -0.166749 0 0
103.200005 -0.128517 0 0
105.600006 -0.094021 0 0
108.000008 -0.063901 0 0
110.400002 -0.038799 0 0
112.800003 -0.019355 0 0
115.200005 -0.006208 0 0
117.600006 0 -0 0
120.000015 0 -0 0
GroupComments: 0
MaterialComments: 0
BoneComments: 0
ModelComment: 0
