// MilkShape 3D ASCII

Frames: 120
Frame: 65

Meshes: 11
"Duplicate04" 0 0
14
0 -0.121275 0.043285 -0.135353 0.187711 0.254017 1
0 -0.379211 -0.370095 0.213504 0.187556 0.255637 1
0 0.052454 -0.070650 -0.074785 0.187400 0.254017 1
0 0.537452 -0.200922 0.124955 0.186661 0.253677 1
0 0.197365 0.209791 0.036998 0.187400 0.253335 1
0 0.197608 0.102123 -0.166173 0.187400 0.253335 1
0 0.455293 0.623194 -0.311863 0.187556 0.251716 1
0 0.023869 0.216068 -0.226748 0.187711 0.253335 1
0 -0.461348 0.454031 -0.223296 0.188450 0.253677 1
0 0.038738 -0.182925 -0.633185 0.187556 0.253677 1
0 0.037362 0.436010 0.534834 0.187556 0.253677 1
0 0.052209 0.037033 0.128394 0.187400 0.254017 1
0 0.023637 0.323723 -0.023563 0.187711 0.253335 1
0 -0.121523 0.150950 0.067820 0.187711 0.254017 1
14
0.809380 0.363234 0.461482
0.596292 0.709608 -0.375356
-0.134294 0.982051 0.132444
-0.802855 0.526359 -0.279947
-0.809381 -0.363242 -0.461473
-0.810583 0.177100 0.558203
-0.596262 -0.709697 0.375235
0.133118 -0.441708 0.887228
0.802832 -0.526428 0.279884
-0.000990 0.468286 0.883576
0.000975 -0.468207 -0.883618
-0.133107 0.441680 -0.887244
0.134278 -0.982046 -0.132493
0.810583 -0.177106 -0.558202
24
0 0 1 2 0 1 2 1
0 3 4 5 3 4 5 1
0 5 6 7 5 6 7 1
0 7 8 0 7 8 0 1
0 7 9 5 7 9 5 1
0 10 4 11 10 4 11 1
0 7 6 12 7 6 12 1
0 3 11 4 3 11 4 1
0 2 1 11 2 1 11 1
0 7 12 8 7 12 8 1
0 8 13 0 8 13 0 1
0 8 12 13 8 12 13 1
0 6 4 12 6 4 12 1
0 5 4 6 5 4 6 1
0 5 9 2 5 9 2 1
0 2 11 3 2 11 3 1
0 3 5 2 3 5 2 1
0 10 12 4 10 12 4 1
0 13 12 10 13 12 10 1
0 10 11 13 10 11 13 1
0 1 13 11 1 13 11 1
0 0 13 1 0 13 1 1
0 9 0 2 9 0 2 1
0 7 0 9 7 0 9 1
"Duplicate05" 0 0
14
0 -0.872408 -0.611888 0.557509 0.250211 0.217559 1
0 -1.130344 -1.025267 0.906366 0.250056 0.219179 1
0 -0.698679 -0.725822 0.618078 0.249900 0.217559 1
0 -0.213680 -0.856095 0.817817 0.249161 0.217218 1
0 -0.553767 -0.445381 0.729861 0.249900 0.216877 1
0 -0.553524 -0.553050 0.526690 0.249900 0.216877 1
0 -0.295839 -0.031978 0.381000 0.250056 0.215258 1
0 -0.727263 -0.439104 0.466115 0.250211 0.216877 1
0 -1.212480 -0.201142 0.469566 0.250950 0.217218 1
0 -0.712395 -0.838097 0.059678 0.250056 0.217218 1
0 -0.713771 -0.219163 1.227696 0.250056 0.217218 1
0 -0.698923 -0.618140 0.821256 0.249900 0.217559 1
0 -0.727495 -0.331449 0.669300 0.250211 0.216877 1
0 -0.872656 -0.504222 0.760683 0.250211 0.217559 1
14
0.809380 0.363234 0.461482
0.596292 0.709608 -0.375356
-0.134294 0.982051 0.132444
-0.802855 0.526359 -0.279947
-0.809381 -0.363242 -0.461473
-0.810583 0.177100 0.558203
-0.596262 -0.709697 0.375235
0.133118 -0.441708 0.887228
0.802832 -0.526428 0.279884
-0.000991 0.468286 0.883576
0.000974 -0.468207 -0.883618
-0.133107 0.441680 -0.887244
0.134278 -0.982046 -0.132493
0.810582 -0.177106 -0.558202
24
0 0 1 2 0 1 2 1
0 3 4 5 3 4 5 1
0 5 6 7 5 6 7 1
0 7 8 0 7 8 0 1
0 7 9 5 7 9 5 1
0 10 4 11 10 4 11 1
0 7 6 12 7 6 12 1
0 3 11 4 3 11 4 1
0 2 1 11 2 1 11 1
0 7 12 8 7 12 8 1
0 8 13 0 8 13 0 1
0 8 12 13 8 12 13 1
0 6 4 12 6 4 12 1
0 5 4 6 5 4 6 1
0 5 9 2 5 9 2 1
0 2 11 3 2 11 3 1
0 3 5 2 3 5 2 1
0 10 12 4 10 12 4 1
0 13 12 10 13 12 10 1
0 10 11 13 10 11 13 1
0 1 13 11 1 13 11 1
0 0 13 1 0 13 1 1
0 9 0 2 9 0 2 1
0 7 0 9 7 0 9 1
"Duplicate06" 0 0
14
0 0.437166 -0.865806 -0.893974 0.255420 0.212350 1
0 0.179230 -1.279186 -0.545117 0.255264 0.213970 1
0 0.610895 -0.979741 -0.833405 0.255108 0.212350 1
0 1.095893 -1.110014 -0.633666 0.254369 0.212010 1
0 0.755806 -0.699300 -0.721622 0.255108 0.211668 1
0 0.756050 -0.806968 -0.924794 0.255108 0.211668 1
0 1.013734 -0.285897 -1.070484 0.255264 0.210050 1
0 0.582310 -0.693023 -0.985368 0.255420 0.211668 1
0 0.097093 -0.455061 -0.981917 0.256159 0.212010 1
0 0.597179 -1.092016 -1.391805 0.255264 0.212010 1
0 0.595803 -0.473081 -0.223787 0.255264 0.212010 1
0 0.610651 -0.872058 -0.630227 0.255108 0.212350 1
0 0.582078 -0.585368 -0.782183 0.255420 0.211668 1
0 0.436918 -0.758141 -0.690800 0.255420 0.212350 1
14
0.809380 0.363234 0.461482
0.596292 0.709608 -0.375356
-0.134294 0.982051 0.132444
-0.802855 0.526359 -0.279947
-0.809381 -0.363242 -0.461473
-0.810583 0.177100 0.558203
-0.596262 -0.709697 0.375235
0.133118 -0.441708 0.887228
0.802832 -0.526428 0.279884
-0.000990 0.468286 0.883576
0.000975 -0.468207 -0.883618
-0.133107 0.441680 -0.887244
0.134278 -0.982046 -0.132493
0.810583 -0.177106 -0.558202
24
0 0 1 2 0 1 2 1
0 3 4 5 3 4 5 1
0 5 6 7 5 6 7 1
0 7 8 0 7 8 0 1
0 7 9 5 7 9 5 1
0 10 4 11 10 4 11 1
0 7 6 12 7 6 12 1
0 3 11 4 3 11 4 1
0 2 1 11 2 1 11 1
0 7 12 8 7 12 8 1
0 8 13 0 8 13 0 1
0 8 12 13 8 12 13 1
0 6 4 12 6 4 12 1
0 5 4 6 5 4 6 1
0 5 9 2 5 9 2 1
0 2 11 3 2 11 3 1
0 3 5 2 3 5 2 1
0 10 12 4 10 12 4 1
0 13 12 10 13 12 10 1
0 10 11 13 10 11 13 1
0 1 13 11 1 13 11 1
0 0 13 1 0 13 1 1
0 9 0 2 9 0 2 1
0 7 0 9 7 0 9 1
"Duplicate07" 0 0
14
0 -0.354943 -0.122223 -0.298061 0.760628 0.212350 1
0 -0.889474 -0.978890 0.424892 0.760472 0.213970 1
0 0.005083 -0.358333 -0.172542 0.760317 0.212350 1
0 1.010169 -0.628306 0.241387 0.759578 0.212010 1
0 0.305391 0.222836 0.059112 0.760317 0.211668 1
0 0.305895 -0.000291 -0.361930 0.760317 0.211668 1
0 0.839907 1.079550 -0.663850 0.760472 0.210050 1
0 -0.054153 0.235844 -0.487461 0.760628 0.211668 1
0 -1.059690 0.728985 -0.480309 0.761367 0.212010 1
0 -0.023340 -0.591007 -1.329741 0.760472 0.212010 1
0 -0.026192 0.691639 1.090799 0.760472 0.212010 1
0 0.004578 -0.135179 0.248515 0.760317 0.212350 1
0 -0.054633 0.458943 -0.066391 0.760628 0.211668 1
0 -0.355457 0.100897 0.122986 0.760628 0.212350 1
14
0.809380 0.363233 0.461482
0.596291 0.709610 -0.375354
-0.134294 0.982051 0.132445
-0.802854 0.526362 -0.279944
-0.809382 -0.363241 -0.461473
-0.810583 0.177101 0.558203
-0.596262 -0.709698 0.375234
0.133117 -0.441708 0.887228
0.802831 -0.526428 0.279885
-0.000992 0.468289 0.883575
0.000974 -0.468207 -0.883618
-0.133107 0.441680 -0.887243
0.134277 -0.982046 -0.132493
0.810583 -0.177106 -0.558202
24
0 0 1 2 0 1 2 1
0 3 4 5 3 4 5 1
0 5 6 7 5 6 7 1
0 7 8 0 7 8 0 1
0 7 9 5 7 9 5 1
0 10 4 11 10 4 11 1
0 7 6 12 7 6 12 1
0 3 11 4 3 11 4 1
0 2 1 11 2 1 11 1
0 7 12 8 7 12 8 1
0 8 13 0 8 13 0 1
0 8 12 13 8 12 13 1
0 6 4 12 6 4 12 1
0 5 4 6 5 4 6 1
0 5 9 2 5 9 2 1
0 2 11 3 2 11 3 1
0 3 5 2 3 5 2 1
0 10 12 4 10 12 4 1
0 13 12 10 13 12 10 1
0 10 11 13 10 11 13 1
0 1 13 11 1 13 11 1
0 0 13 1 0 13 1 1
0 9 0 2 9 0 2 1
0 7 0 9 7 0 9 1
"Duplicate08" 0 0
14
0 -0.210808 -1.201030 -0.174217 0.765836 0.212350 1
0 -0.374665 -1.463637 0.047400 0.765681 0.213970 1
0 -0.100444 -1.273409 -0.135740 0.765525 0.212350 1
0 0.207659 -1.356167 -0.008852 0.764786 0.212010 1
0 -0.008386 -1.095255 -0.064727 0.765525 0.211668 1
0 -0.008232 -1.163653 -0.193795 0.765525 0.211668 1
0 0.155466 -0.832633 -0.286347 0.765681 0.210050 1
0 -0.118603 -1.091267 -0.232276 0.765836 0.211668 1
0 -0.426845 -0.940097 -0.230084 0.766575 0.212010 1
0 -0.109157 -1.344734 -0.490473 0.765681 0.212010 1
0 -0.110031 -0.951546 0.251531 0.765681 0.212010 1
0 -0.100599 -1.205002 -0.006667 0.765525 0.212350 1
0 -0.118750 -1.022878 -0.103200 0.765836 0.211668 1
0 -0.210966 -1.132634 -0.045147 0.765836 0.212350 1
14
0.809380 0.363234 0.461482
0.596289 0.709611 -0.375355
-0.134295 0.982050 0.132445
-0.802855 0.526360 -0.279945
-0.809382 -0.363241 -0.461473
-0.810583 0.177100 0.558203
-0.596263 -0.709696 0.375236
0.133117 -0.441709 0.887228
0.802830 -0.526431 0.279883
-0.000994 0.468287 0.883576
0.000974 -0.468208 -0.883618
-0.133108 0.441680 -0.887243
0.134277 -0.982046 -0.132493
0.810582 -0.177106 -0.558202
24
0 0 1 2 0 1 2 1
0 3 4 5 3 4 5 1
0 5 6 7 5 6 7 1
0 7 8 0 7 8 0 1
0 7 9 5 7 9 5 1
0 10 4 11 10 4 11 1
0 7 6 12 7 6 12 1
0 3 11 4 3 11 4 1
0 2 1 11 2 1 11 1
0 7 12 8 7 12 8 1
0 8 13 0 8 13 0 1
0 8 12 13 8 12 13 1
0 6 4 12 6 4 12 1
0 5 4 6 5 4 6 1
0 5 9 2 5 9 2 1
0 2 11 3 2 11 3 1
0 3 5 2 3 5 2 1
0 10 12 4 10 12 4 1
0 13 12 10 13 12 10 1
0 10 11 13 10 11 13 1
0 1 13 11 1 13 11 1
0 0 13 1 0 13 1 1
0 9 0 2 9 0 2 1
0 7 0 9 7 0 9 1
"Duplicate09" 0 0
14
0 -0.657089 -0.358055 -0.646944 0.291878 0.649850 1
0 -0.820947 -0.620662 -0.425327 0.291722 0.651470 1
0 -0.546725 -0.430434 -0.608467 0.291567 0.649850 1
0 -0.238622 -0.513192 -0.481579 0.290828 0.649510 1
0 -0.454667 -0.252280 -0.537455 0.291567 0.649168 1
0 -0.454513 -0.320678 -0.666523 0.291567 0.649168 1
0 -0.290815 0.010342 -0.759075 0.291722 0.647550 1
0 -0.564884 -0.248292 -0.705004 0.291878 0.649168 1
0 -0.873126 -0.097122 -0.702811 0.292617 0.649510 1
0 -0.555438 -0.501759 -0.963200 0.291722 0.649510 1
0 -0.556312 -0.108570 -0.221196 0.291722 0.649510 1
0 -0.546880 -0.362027 -0.479394 0.291567 0.649850 1
0 -0.565031 -0.179902 -0.575927 0.291878 0.649168 1
0 -0.657247 -0.289659 -0.517875 0.291878 0.649850 1
14
0.809380 0.363234 0.461482
0.596289 0.709611 -0.375356
-0.134295 0.982051 0.132445
-0.802855 0.526360 -0.279945
-0.809382 -0.363241 -0.461473
-0.810583 0.177100 0.558203
-0.596263 -0.709696 0.375236
0.133117 -0.441709 0.887228
0.802830 -0.526431 0.279883
-0.000995 0.468287 0.883576
0.000973 -0.468208 -0.883618
-0.133108 0.441680 -0.887243
0.134277 -0.982046 -0.132493
0.810582 -0.177107 -0.558203
24
0 0 1 2 0 1 2 1
0 3 4 5 3 4 5 1
0 5 6 7 5 6 7 1
0 7 8 0 7 8 0 1
0 7 9 5 7 9 5 1
0 10 4 11 10 4 11 1
0 7 6 12 7 6 12 1
0 3 11 4 3 11 4 1
0 2 1 11 2 1 11 1
0 7 12 8 7 12 8 1
0 8 13 0 8 13 0 1
0 8 12 13 8 12 13 1
0 6 4 12 6 4 12 1
0 5 4 6 5 4 6 1
0 5 9 2 5 9 2 1
0 2 11 3 2 11 3 1
0 3 5 2 3 5 2 1
0 10 12 4 10 12 4 1
0 13 12 10 13 12 10 1
0 10 11 13 10 11 13 1
0 1 13 11 1 13 11 1
0 0 13 1 0 13 1 1
0 9 0 2 9 0 2 1
0 7 0 9 7 0 9 1
"Duplicate10" 0 0
14
0 -0.062048 0.542771 -0.646944 0.255420 0.696725 1
0 -0.225905 0.280164 -0.425327 0.255264 0.698345 1
0 0.048316 0.470393 -0.608467 0.255108 0.696725 1
0 0.356420 0.387634 -0.481579 0.254369 0.696385 1
0 0.140374 0.648547 -0.537455 0.255108 0.696043 1
0 0.140528 0.580149 -0.666523 0.255108 0.696043 1
0 0.304227 0.911168 -0.759075 0.255264 0.694425 1
0 0.030157 0.652535 -0.705004 0.255420 0.696043 1
0 -0.278085 0.803704 -0.702811 0.256159 0.696385 1
0 0.039603 0.399068 -0.963200 0.255264 0.696385 1
0 0.038729 0.792256 -0.221196 0.255264 0.696385 1
0 0.048161 0.538800 -0.479394 0.255108 0.696725 1
0 0.030010 0.720924 -0.575927 0.255420 0.696043 1
0 -0.062206 0.611168 -0.517875 0.255420 0.696725 1
14
0.809380 0.363234 0.461482
0.596288 0.709612 -0.375355
-0.134295 0.982050 0.132445
-0.802855 0.526360 -0.279945
-0.809382 -0.363241 -0.461473
-0.810583 0.177100 0.558203
-0.596263 -0.709696 0.375236
0.133117 -0.441709 0.887228
0.802830 -0.526432 0.279883
-0.000995 0.468287 0.883576
0.000973 -0.468208 -0.883618
-0.133108 0.441680 -0.887243
0.134277 -0.982046 -0.132493
0.810582 -0.177106 -0.558203
24
0 0 1 2 0 1 2 1
0 3 4 5 3 4 5 1
0 5 6 7 5 6 7 1
0 7 8 0 7 8 0 1
0 7 9 5 7 9 5 1
0 10 4 11 10 4 11 1
0 7 6 12 7 6 12 1
0 3 11 4 3 11 4 1
0 2 1 11 2 1 11 1
0 7 12 8 7 12 8 1
0 8 13 0 8 13 0 1
0 8 12 13 8 12 13 1
0 6 4 12 6 4 12 1
0 5 4 6 5 4 6 1
0 5 9 2 5 9 2 1
0 2 11 3 2 11 3 1
0 3 5 2 3 5 2 1
0 10 12 4 10 12 4 1
0 13 12 10 13 12 10 1
0 10 11 13 10 11 13 1
0 1 13 11 1 13 11 1
0 0 13 1 0 13 1 1
0 9 0 2 9 0 2 1
0 7 0 9 7 0 9 1
"Duplicate11" 0 0
14
0 0.309853 -0.415906 0.274109 0.281461 0.733184 1
0 0.145995 -0.678513 0.495726 0.281306 0.734803 1
0 0.420217 -0.488285 0.312586 0.281150 0.733184 1
0 0.728320 -0.571043 0.439474 0.280411 0.732843 1
0 0.512275 -0.310131 0.383598 0.281150 0.732502 1
0 0.512429 -0.378529 0.254530 0.281150 0.732502 1
0 0.676128 -0.047509 0.161978 0.281306 0.730883 1
0 0.402058 -0.306143 0.216049 0.281461 0.732502 1
0 0.093816 -0.154973 0.218242 0.282200 0.732843 1
0 0.411504 -0.559610 -0.042147 0.281306 0.732843 1
0 0.410630 -0.166422 0.699856 0.281306 0.732843 1
0 0.420062 -0.419878 0.441658 0.281150 0.733184 1
0 0.401911 -0.237754 0.345126 0.281461 0.732502 1
0 0.309695 -0.347510 0.403178 0.281461 0.733184 1
14
0.809380 0.363234 0.461482
0.596288 0.709612 -0.375355
-0.134295 0.982050 0.132445
-0.802855 0.526360 -0.279944
-0.809382 -0.363241 -0.461472
-0.810583 0.177101 0.558203
-0.596262 -0.709697 0.375235
0.133117 -0.441709 0.887228
0.802830 -0.526432 0.279882
-0.000995 0.468288 0.883575
0.000973 -0.468208 -0.883618
-0.133108 0.441680 -0.887243
0.134277 -0.982046 -0.132493
0.810582 -0.177106 -0.558203
24
0 0 1 2 0 1 2 1
0 3 4 5 3 4 5 1
0 5 6 7 5 6 7 1
0 7 8 0 7 8 0 1
0 7 9 5 7 9 5 1
0 10 4 11 10 4 11 1
0 7 6 12 7 6 12 1
0 3 11 4 3 11 4 1
0 2 1 11 2 1 11 1
0 7 12 8 7 12 8 1
0 8 13 0 8 13 0 1
0 8 12 13 8 12 13 1
0 6 4 12 6 4 12 1
0 5 4 6 5 4 6 1
0 5 9 2 5 9 2 1
0 2 11 3 2 11 3 1
0 3 5 2 3 5 2 1
0 10 12 4 10 12 4 1
0 13 12 10 13 12 10 1
0 10 11 13 10 11 13 1
0 1 13 11 1 13 11 1
0 0 13 1 0 13 1 1
0 9 0 2 9 0 2 1
0 7 0 9 7 0 9 1
"Duplicate12" 0 0
14
0 -0.301718 -0.068799 -0.410102 0.276253 0.701934 1
0 -0.465575 -0.331406 -0.188485 0.276097 0.703553 1
0 -0.191353 -0.141177 -0.371625 0.275942 0.701934 1
0 0.116750 -0.223936 -0.244737 0.275203 0.701593 1
0 -0.099295 0.036977 -0.300612 0.275942 0.701252 1
0 -0.099141 -0.031421 -0.429680 0.275942 0.701252 1
0 0.064557 0.299598 -0.522232 0.276097 0.699633 1
0 -0.209512 0.040964 -0.468161 0.276253 0.701252 1
0 -0.517754 0.192134 -0.465969 0.276992 0.701593 1
0 -0.200066 -0.212502 -0.726358 0.276097 0.701593 1
0 -0.200940 0.180686 0.015646 0.276097 0.701593 1
0 -0.191508 -0.072771 -0.242552 0.275942 0.701934 1
0 -0.209659 0.109354 -0.339085 0.276253 0.701252 1
0 -0.301875 -0.000403 -0.281032 0.276253 0.701934 1
14
0.809380 0.363234 0.461482
0.596288 0.709612 -0.375355
-0.134295 0.982050 0.132445
-0.802855 0.526360 -0.279944
-0.809382 -0.363241 -0.461472
-0.810583 0.177101 0.558203
-0.596262 -0.709697 0.375235
0.133117 -0.441709 0.887228
0.802829 -0.526432 0.279883
-0.000995 0.468288 0.883575
0.000973 -0.468208 -0.883618
-0.133108 0.441680 -0.887243
0.134277 -0.982046 -0.132493
0.810582 -0.177106 -0.558203
24
0 0 1 2 0 1 2 1
0 3 4 5 3 4 5 1
0 5 6 7 5 6 7 1
0 7 8 0 7 8 0 1
0 7 9 5 7 9 5 1
0 10 4 11 10 4 11 1
0 7 6 12 7 6 12 1
0 3 11 4 3 11 4 1
0 2 1 11 2 1 11 1
0 7 12 8 7 12 8 1
0 8 13 0 8 13 0 1
0 8 12 13 8 12 13 1
0 6 4 12 6 4 12 1
0 5 4 6 5 4 6 1
0 5 9 2 5 9 2 1
0 2 11 3 2 11 3 1
0 3 5 2 3 5 2 1
0 10 12 4 10 12 4 1
0 13 12 10 13 12 10 1
0 10 11 13 10 11 13 1
0 1 13 11 1 13 11 1
0 0 13 1 0 13 1 1
0 9 0 2 9 0 2 1
0 7 0 9 7 0 9 1
"Duplicate13" 0 0
14
0 -0.426970 -0.778336 -0.493892 0.760628 0.733184 1
0 -0.841616 -1.442870 0.066917 0.760472 0.734803 1
0 -0.147689 -0.961492 -0.396524 0.760317 0.733184 1
0 0.631975 -1.170915 -0.075431 0.759577 0.732843 1
0 0.085265 -0.510668 -0.216826 0.760317 0.732502 1
0 0.085656 -0.683751 -0.543436 0.760317 0.732502 1
0 0.499899 0.153902 -0.777642 0.760472 0.730883 1
0 -0.193641 -0.500577 -0.640813 0.760628 0.732502 1
0 -0.973657 -0.118038 -0.635264 0.761367 0.732843 1
0 -0.169738 -1.141981 -1.294188 0.760472 0.732843 1
0 -0.171950 -0.147008 0.583474 0.760472 0.732843 1
0 -0.148081 -0.788387 -0.069903 0.760317 0.733184 1
0 -0.194013 -0.327516 -0.314181 0.760628 0.732502 1
0 -0.427367 -0.605257 -0.167278 0.760628 0.733184 1
14
0.809380 0.363233 0.461482
0.596289 0.709610 -0.375358
-0.134295 0.982051 0.132445
-0.802855 0.526359 -0.279946
-0.809382 -0.363242 -0.461472
-0.810583 0.177100 0.558203
-0.596262 -0.709698 0.375234
0.133118 -0.441709 0.887227
0.802829 -0.526434 0.279879
-0.000995 0.468287 0.883576
0.000974 -0.468208 -0.883618
-0.133108 0.441680 -0.887243
0.134277 -0.982046 -0.132493
0.810581 -0.177107 -0.558204
24
0 0 1 2 0 1 2 1
0 3 4 5 3 4 5 1
0 5 6 7 5 6 7 1
0 7 8 0 7 8 0 1
0 7 9 5 7 9 5 1
0 10 4 11 10 4 11 1
0 7 6 12 7 6 12 1
0 3 11 4 3 11 4 1
0 2 1 11 2 1 11 1
0 7 12 8 7 12 8 1
0 8 13 0 8 13 0 1
0 8 12 13 8 12 13 1
0 6 4 12 6 4 12 1
0 5 4 6 5 4 6 1
0 5 9 2 5 9 2 1
0 2 11 3 2 11 3 1
0 3 5 2 3 5 2 1
0 10 12 4 10 12 4 1
0 13 12 10 13 12 10 1
0 10 11 13 10 11 13 1
0 1 13 11 1 13 11 1
0 0 13 1 0 13 1 1
0 9 0 2 9 0 2 1
0 7 0 9 7 0 9 1
"Duplicate14" 0 0
14
0 0.004403 0.594213 -0.757050 0.797086 0.733184 1
0 -0.410244 -0.070321 -0.196241 0.796931 0.734803 1
0 0.283683 0.411057 -0.659682 0.796775 0.733184 1
0 1.063348 0.201634 -0.338589 0.796036 0.732843 1
0 0.516638 0.861881 -0.479984 0.796775 0.732502 1
0 0.517028 0.688798 -0.806594 0.796775 0.732502 1
0 0.931272 1.526450 -1.040800 0.796931 0.730883 1
0 0.237732 0.871972 -0.903971 0.797086 0.732502 1
0 -0.542284 1.254510 -0.898422 0.797825 0.732843 1
0 0.261634 0.230568 -1.557345 0.796931 0.732843 1
0 0.259423 1.225540 0.320316 0.796931 0.732843 1
0 0.283292 0.584162 -0.333061 0.796775 0.733184 1
0 0.237359 1.045033 -0.577339 0.797086 0.732502 1
0 0.004005 0.767292 -0.430436 0.797086 0.733184 1
14
0.809380 0.363234 0.461482
0.596289 0.709610 -0.375358
-0.134295 0.982051 0.132445
-0.802855 0.526359 -0.279946
-0.809382 -0.363242 -0.461472
-0.810583 0.177100 0.558203
-0.596262 -0.709698 0.375234
0.133118 -0.441709 0.887227
0.802829 -0.526434 0.279879
-0.000995 0.468287 0.883576
0.000974 -0.468208 -0.883618
-0.133108 0.441681 -0.887243
0.134277 -0.982046 -0.132493
0.810581 -0.177107 -0.558204
24
0 0 1 2 0 1 2 1
0 3 4 5 3 4 5 1
0 5 6 7 5 6 7 1
0 7 8 0 7 8 0 1
0 7 9 5 7 9 5 1
0 10 4 11 10 4 11 1
0 7 6 12 7 6 12 1
0 3 11 4 3 11 4 1
0 2 1 11 2 1 11 1
0 7 12 8 7 12 8 1
0 8 13 0 8 13 0 1
0 8 12 13 8 12 13 1
0 6 4 12 6 4 12 1
0 5 4 6 5 4 6 1
0 5 9 2 5 9 2 1
0 2 11 3 2 11 3 1
0 3 5 2 3 5 2 1
0 10 12 4 10 12 4 1
0 13 12 10 13 12 10 1
0 10 11 13 10 11 13 1
0 1 13 11 1 13 11 1
0 0 13 1 0 13 1 1
0 9 0 2 9 0 2 1
0 7 0 9 7 0 9 1

Materials: 1
"Material03"
0.200000 0.200000 0.200000 1.000000
0.800000 0.800000 0.800000 1.000000
0.000000 0.000000 0.000000 1.000000
1.000000 1.000000 1.000000 1.000000
0.000000
1.000000
"Texture.ini"
""

Bones: 2
"joint1"
""
8 0.000000 0.000000 0.000000 0.000000 -0.000000 0.000000
0
0
"joint2"
"joint1"
0 0.000000 0.000000 0.000000 0.000000 -0.000000 0.000000
2
0.000000 0.000000 0.000000 0.000000
200.000000 0.000000 -74.999985 0.000000
2
0.000000 0.000000 -0.000000 0.000000
200.000000 0.000000 -0.000000 0.000000
GroupComments: 0
MaterialComments: 0
BoneComments: 0
ModelComment: 0
