Meshes: 2
"default" 0 0
469
0 0.529537 -2.829055 -0.330903 0.359146 1.196363 4
0 0.217919 -2.832462 -0.946015 0.399844 1.196363 4
0 0.321628 -1.204741 -1.176900 0.399844 1.163527 4
0 0.196120 -3.239347 -0.898239 0.399844 1.213096 4
0 0.481495 -3.236231 -0.330903 0.359146 1.213096 4
0 0.196120 -3.239347 0.232411 0.320823 1.213096 4
0 0.217919 -2.832462 0.284209 0.320823 1.196363 4
0 0.768800 -1.191772 -0.330903 0.361816 1.173340 4
0 0.335533 -1.201045 0.515092 0.320823 1.163527 4
0 0.991338 0.087877 -0.331881 0.370525 1.086650 4
0 0.529957 -0.000167 0.396303 0.326743 1.080042 4
0 1.146700 -0.645191 0.237390 0.328125 1.060547 0
0 1.534481 -0.555110 -0.463285 0.372559 1.066406 0
0 1.045385 -1.244394 -1.150049 0.408204 1.100626 0
0 -0.186241 -0.186733 0.534016 0.292952 1.237605 5
0 0.348798 -0.180888 0.534017 0.320823 1.237605 5
0 -0.273316 -3.244478 0.228387 0.292952 1.213096 4
0 -0.304000 -2.838164 0.284209 0.292952 1.196363 4
0 -0.442088 -1.213085 0.515092 0.292952 1.163527 4
0 -0.504857 -0.187847 0.537581 0.289799 1.113293 4
0 0.224746 -1.188183 0.411657 0.289063 1.101562 0
0 0.716926 -0.001543 0.176509 0.315370 1.002839 7
0 0.000000 -0.043311 0.327429 0.284288 1.002839 7
0 0.000063 -1.065245 0.431360 0.260977 1.079049 0
0 -0.222326 -1.173415 0.411578 0.289063 1.101562 0
0 -0.000000 -1.426444 -0.463287 0.253906 1.140625 0
0 -0.808770 -0.403908 -0.331883 0.253150 1.145285 4
0 -0.748059 -1.216459 -0.330903 0.249910 1.165242 4
0 -0.615618 -2.841569 -0.330903 0.251146 1.196363 4
0 -0.558692 -3.247594 -0.334926 0.251146 1.213096 4
0 -0.504420 -0.190210 -0.094046 0.251146 1.237605 5
0 -1.020317 -3.077720 -0.093608 0.251146 1.262648 5
0 -0.455120 -3.016016 0.916472 0.292952 1.262648 5
0 -0.625566 0.234161 1.534031 0.285789 1.295000 6
0 -0.990384 -0.372085 0.431379 0.251537 1.344751 6
0 0.629831 -2.897573 0.916472 0.320823 1.262648 5
0 -0.625566 0.234161 1.534031 0.285778 1.294986 6
0 0.823046 0.219393 1.534030 0.326683 1.297458 6
0 1.149582 -2.840824 -0.093609 0.359146 1.262648 5
0 1.084003 -0.393229 0.431378 0.359146 1.344343 6
0 0.869648 -0.391044 0.431378 0.359146 1.344343 6
0 0.314428 -0.690370 -0.424738 0.400952 1.368851 6
0 0.544770 -0.169891 -0.577493 0.393985 1.328004 6
0 -0.446712 -0.159785 -0.577493 0.425339 1.328004 6
0 -0.227026 -0.684850 -0.424738 0.421856 1.368851 6
0 -0.990384 -0.372085 0.431379 0.490859 1.344343 6
0 -0.730317 -0.374733 0.431379 0.490859 1.344343 6
0 -0.625566 0.234161 1.534031 0.469704 1.290902 6
0 -1.020317 -3.077720 -0.093608 0.466037 1.262648 5
0 -0.455120 -3.016016 -1.103689 0.427715 1.262648 5
0 0.584384 -2.902534 -1.103690 0.399844 1.262648 5
0 0.348798 -0.180888 -0.722109 0.399844 1.237605 5
0 0.666976 -0.177411 -0.094046 0.359146 1.237605 5
0 -0.186241 -0.186732 -0.722109 0.427715 1.237605 5
0 -0.504420 -0.190210 -0.094046 0.466037 1.237605 5
0 -0.304000 -2.838164 -0.946015 0.427715 1.196363 4
0 -0.273316 -3.244478 -0.898239 0.427715 1.213096 4
0 -0.558692 -3.247594 -0.334926 0.466037 1.213096 4
0 -0.615618 -2.841569 -0.330903 0.466037 1.196363 4
0 -0.750648 -1.216459 -0.330903 0.466037 1.163527 4
0 -0.442088 -1.213085 -1.176899 0.427715 1.163527 4
0 -0.808770 -0.403908 -0.331883 0.465662 1.135690 4
0 -0.497658 -0.312516 -1.018874 0.434064 1.124377 4
0 -0.000000 -1.426444 -0.463287 0.465574 1.129189 0
0 0.228058 -1.339312 -1.113148 0.435547 1.115234 0
0 -0.000001 -0.193800 -1.392584 0.452681 1.056129 0
0 0.766924 -0.617468 -1.404485 0.429349 1.079089 0
0 0.000001 -0.796180 -1.266532 0.451770 1.090480 0
0 1.172530 -0.687092 -1.113149 0.410156 1.085937 0
0 0.716926 0.290837 -0.879929 0.417420 1.003047 7
0 1.024180 0.123764 -0.276250 0.372035 1.003047 7
0 0.549633 -0.201401 -1.280015 0.431161 1.056129 0
0 -0.000000 0.318681 -0.980541 0.447091 1.003047 7
0 -0.716926 0.290837 -0.879929 0.417420 1.003047 7
0 -0.549633 -0.201401 -1.280015 0.431161 1.056129 0
0 -1.172709 -0.687144 -1.113145 0.410156 1.085937 0
0 -1.024180 0.123764 -0.276250 0.372035 1.003047 7
0 -1.534481 -0.555110 -0.463285 0.372559 1.066406 0
0 -0.716926 -0.001543 0.176508 0.315370 1.002839 7
0 -1.163598 -0.648380 0.237404 0.328125 1.060547 0
0 -0.000000 -1.426444 -0.463287 0.465365 1.129031 0
0 -0.225535 -1.332198 -1.113164 0.435547 1.115234 0
0 -0.766924 -0.617468 -1.404485 0.429349 1.079089 0
0 0.576501 -0.317490 -1.019977 0.434023 1.124631 1
0 -1.045721 -1.252956 -1.151058 0.408150 1.101035 0
0 -0.791631 0.078250 -0.331874 0.370468 1.087214 1
0 -0.377267 -0.014838 0.397108 0.326704 1.080585 1
0 0.514127 -1.211742 -1.177007 0.427715 1.163527 1
0 -0.249618 -1.206717 -1.176823 0.399844 1.163527 1
0 -0.682985 -1.203861 -0.330723 0.361816 1.173340 1
0 -0.263612 -1.202923 0.515161 0.320823 1.163527 1
0 -0.450256 -2.831914 -0.330768 0.359146 1.196363 1
0 -0.138478 -2.833962 0.284269 0.320823 1.196363 1
0 -0.400444 -3.238878 -0.330777 0.359146 1.213096 1
0 -0.114922 -3.240748 0.232466 0.320823 1.213096 1
0 -0.644376 -0.180355 -0.093903 0.359146 1.237605 2
0 -0.326035 -0.182442 0.534082 0.320823 1.237605 2
0 -1.103998 -2.847246 -0.093323 0.359146 1.262648 2
0 -0.583805 -2.902164 0.916631 0.320823 1.262648 2
0 0.583902 -0.192904 0.537316 0.289819 1.113620 1
0 0.514535 -1.211730 0.514984 0.292952 1.163527 1
0 0.383461 -2.837394 0.284143 0.292952 1.196363 1
0 0.354531 -3.243837 0.228330 0.292952 1.213096 1
0 0.209025 -0.185961 0.533952 0.292952 1.237605 2
0 0.501559 -3.016750 0.916369 0.292952 1.262648 2
0 0.640699 0.235261 1.533901 0.285778 1.294986 3
0 -0.807984 0.230993 1.534249 0.326683 1.297458 3
0 -0.000182 -1.341149 0.206139 0.257091 1.115101 0
0 0.882760 -0.381167 -0.331981 0.253129 1.145415 1
0 0.822903 -1.213764 -0.331086 0.249910 1.165242 1
0 0.694942 -2.839447 -0.331044 0.251146 1.196363 1
0 0.639781 -3.245718 -0.335051 0.251146 1.213096 1
0 0.527063 -0.188060 -0.094186 0.251146 1.237605 2
0 1.066729 -3.076431 -0.093849 0.251146 1.262648 2
0 0.640699 0.235261 1.533901 0.285789 1.295000 3
0 1.000847 -0.373594 0.431151 0.251537 1.344751 3
0 0.822903 -1.213764 -0.331086 0.466037 1.163527 1
0 0.882760 -0.381167 -0.331981 0.465664 1.135871 1
0 0.694942 -2.839447 -0.331044 0.466037 1.196363 1
0 0.383165 -2.837403 -0.946082 0.427715 1.196363 1
0 0.639781 -3.245718 -0.335051 0.466037 1.213096 1
0 0.354259 -3.243845 -0.898296 0.427715 1.213096 1
0 0.527063 -0.188060 -0.094186 0.466037 1.237605 2
0 0.208722 -0.185969 -0.722172 0.427715 1.237605 2
0 1.066729 -3.076431 -0.093849 0.466037 1.262648 2
0 0.501073 -3.016717 -1.103792 0.427715 1.262648 2
0 0.458485 -0.157342 -0.577588 0.425339 1.328004 3
0 1.000847 -0.373594 0.431151 0.490859 1.344343 3
0 0.235036 -0.680802 -0.424788 0.421856 1.368851 3
0 0.740767 -0.374358 0.431213 0.490859 1.344343 3
0 0.640699 0.235261 1.533901 0.469704 1.290902 3
0 -0.138775 -2.833972 -0.945956 0.399844 1.196363 1
0 -0.115195 -3.240756 -0.898184 0.399844 1.213096 1
0 -0.326338 -0.182452 -0.722043 0.399844 1.237605 2
0 -0.538828 -2.906929 -1.103541 0.399844 1.262648 2
0 -1.073638 -0.379703 0.431649 0.359146 1.344343 3
0 -0.533044 -0.160260 -0.577350 0.393985 1.328004 3
0 -0.306444 -0.682396 -0.424658 0.400952 1.368851 3
0 -0.859274 -0.379071 0.431598 0.359146 1.344343 3
0 -0.435734 1.372840 0.357280 0.071897 1.550081 8
0 -0.560653 0.854253 0.773467 0.057460 1.590271 8
0 0.000000 1.028520 0.381367 0.122255 1.576765 8
0 0.000000 0.558490 0.392910 0.122255 1.613193 8
0 0.000000 1.769153 0.163533 0.122255 1.519366 8
0 -0.691103 1.436434 0.274063 0.042384 1.545152 8
0 -0.869243 1.734300 0.113381 0.021797 1.522067 8
0 -0.920979 1.133080 0.146107 0.015818 1.568662 8
0 -0.887832 1.030614 0.563975 0.019648 1.576603 8
0 -0.906983 0.659658 0.503264 0.017435 1.605352 8
0 -0.623058 0.542688 0.671565 0.050248 1.614417 8
0 -0.261400 0.340164 0.390080 0.092045 1.630113 8
0 0.000000 0.780421 0.214596 0.122255 1.680759 7
0 -0.521694 0.780421 0.077361 0.061963 1.680759 7
0 -0.697403 0.278393 0.226812 0.041656 1.634900 8
0 -0.914901 0.732266 0.041546 0.016520 1.599725 8
0 -1.016099 0.972851 -0.263421 0.004825 1.592972 8
0 -0.651255 0.780421 -0.299492 0.046989 1.680759 7
0 -1.024180 0.123764 -0.276250 0.021555 1.731650 7
0 -0.716926 -0.001543 0.176508 0.051765 1.741361 7
0 0.000000 -0.043311 0.327429 0.122255 1.744598 7
0 0.716926 -0.001543 0.176509 0.051765 1.741361 7
0 0.521694 0.780421 0.077361 0.061963 1.680759 7
0 1.024180 0.123764 -0.276250 0.021555 1.731650 7
0 0.261401 0.340164 0.390080 0.092045 1.630113 8
0 0.651255 0.780421 -0.299492 0.046989 1.680759 7
0 0.697404 0.278393 0.226812 0.041656 1.634900 8
0 0.623059 0.542688 0.671565 0.050248 1.614417 8
0 0.560654 0.854253 0.773467 0.057460 1.590271 8
0 0.435735 1.372840 0.357280 0.071897 1.550081 8
0 0.691104 1.436434 0.274064 0.042384 1.545152 8
0 0.869243 1.734300 0.113382 0.021797 1.522067 8
0 0.920980 1.133081 0.146106 0.015818 1.568662 8
0 0.887832 1.030614 0.563975 0.019648 1.576603 8
0 0.906983 0.659658 0.503264 0.017435 1.605352 8
0 0.914902 0.732266 0.041546 0.016520 1.599725 8
0 1.016100 0.972851 -0.263421 0.004825 1.592972 8
0 -0.384763 2.046750 -0.388805 0.074624 1.501595 8
0 -0.930387 1.917282 -0.359268 0.014730 1.507886 8
0 -0.262272 1.820753 0.001113 0.091944 1.515367 8
0 0.000000 1.820753 0.001113 0.122255 1.515367 8
0 0.262272 1.820753 0.001113 0.091944 1.515367 8
0 0.930388 1.917282 -0.359268 0.014730 1.507886 8
0 0.348662 2.082150 -0.388805 0.074624 1.501595 8
0 -0.872714 1.169978 -0.871265 0.193680 1.411645 10
0 -0.758900 1.588793 -0.818260 0.195802 1.368303 10
0 0.000000 1.130489 -1.244705 0.244786 1.412117 10
0 0.000000 1.487895 -1.197617 0.243669 1.351775 10
0 0.758899 1.588793 -0.818260 0.195802 1.368303 10
0 0.872712 1.169978 -0.871265 0.193680 1.411645 10
0 -0.814337 0.612533 -0.731265 0.198193 1.450703 10
0 -1.360557 0.578273 0.099245 0.133513 1.450584 10
0 -1.442200 1.178919 0.085108 0.135009 1.402654 10
0 -1.110382 1.678707 0.058482 0.133961 1.358142 10
0 -0.530236 2.054238 -0.565404 0.192240 1.315701 10
0 -0.523595 2.180305 0.084016 0.135124 1.309435 10
0 0.000000 2.307687 -0.291055 0.186403 1.263117 10
0 0.000000 2.236892 0.363624 0.132597 1.247177 10
0 0.523594 2.180305 0.084016 0.135124 1.309435 10
0 0.530234 2.054238 -0.565405 0.192240 1.315701 10
0 1.110380 1.678707 0.058482 0.133961 1.358142 10
0 1.442199 1.178919 0.085108 0.135009 1.402654 10
0 -0.881927 0.325134 0.764850 0.066956 1.483182 10
0 -1.185726 0.918489 0.595107 0.096510 1.408145 10
0 -0.729779 1.864163 0.790863 0.079664 1.321222 10
0 0.000000 1.941360 0.839961 0.020359 1.256635 10
0 0.729778 1.864163 0.790863 0.079664 1.321222 10
0 1.185725 0.918489 0.595107 0.096510 1.408145 10
0 1.360555 0.578273 0.099246 0.133513 1.450584 10
0 0.881925 0.325134 0.764850 0.066956 1.483182 10
0 -0.428412 0.186980 1.209829 0.019876 1.498796 10
0 -0.628731 0.468146 0.966601 0.049475 1.467020 10
0 -0.549832 0.981668 1.060245 0.035702 1.393025 10
0 -0.268845 1.435623 1.219118 0.015028 1.345712 10
0 0.000000 1.614078 0.995339 0.007784 1.269682 10
0 0.268844 1.435623 1.219118 0.015028 1.345712 10
0 0.549831 0.981668 1.060245 0.035702 1.393025 10
0 0.628730 0.468146 0.966601 0.049475 1.467020 10
0 0.428411 0.186980 1.209830 0.019876 1.498796 10
0 0.729987 0.167051 0.573266 0.079496 1.497058 10
0 1.009153 0.377617 -0.316015 0.165854 1.469271 10
0 0.814335 0.612533 -0.731265 0.198193 1.450703 10
0 0.000000 0.334944 -0.900949 0.239336 1.490054 10
0 0.000000 0.617712 -1.078533 0.242665 1.454107 10
0 -1.009154 0.377617 -0.316016 0.165854 1.469271 10
0 -0.729988 0.167051 0.573266 0.079496 1.497058 10
0 -0.426474 0.170432 0.195737 0.119439 1.496675 10
0 0.000000 0.136587 -0.231231 0.153018 1.496510 10
0 0.426472 0.170432 0.195737 0.119439 1.496675 10
0 0.652915 0.498520 0.395507 0.098303 1.459597 10
0 0.628730 0.468146 0.966601 0.045610 1.467020 10
0 0.583714 0.730452 0.964158 0.065194 1.433386 10
0 0.575548 0.879142 0.882101 0.073875 1.392641 10
0 0.268844 1.435623 1.219118 0.018893 1.345712 10
0 0.273643 1.416182 0.943613 0.032582 1.260126 10
0 0.000000 1.614078 0.995339 0.019379 1.289633 10
0 -0.652916 0.498520 0.395507 0.098303 1.459597 10
0 -0.628731 0.468146 0.966601 0.045610 1.467020 10
0 -0.583716 0.730452 0.964158 0.065194 1.433386 10
0 -0.575549 0.879142 0.882101 0.073875 1.392641 10
0 -0.268845 1.435623 1.219118 0.018893 1.345712 10
0 -0.273644 1.416182 0.943613 0.032582 1.260126 10
0 -0.521694 0.780421 -0.593567 0.182905 1.679926 7
0 -0.871335 0.601565 -0.742656 0.148699 1.621577 8
0 -0.000000 0.780421 -0.776548 0.243625 1.679926 7
0 0.000000 0.601565 -1.004056 0.243625 1.621577 8
0 0.871335 0.601565 -0.742656 0.148699 1.621577 8
0 0.521694 0.780421 -0.593567 0.182905 1.679926 7
0 -1.024180 0.123764 -0.276250 0.148699 1.745803 7
0 -0.716926 0.290837 -0.879929 0.177177 1.735747 7
0 -0.000000 0.318681 -0.980541 0.243625 1.733484 7
0 0.716926 0.290837 -0.879929 0.177177 1.735747 7
0 1.024180 0.123764 -0.276250 0.148699 1.745803 7
0 0.651255 0.780421 -0.299492 0.168790 1.679926 7
0 1.016100 0.972851 -0.263421 0.132928 1.603869 8
0 1.063486 1.237286 -0.786222 0.127765 1.580495 8
0 0.000000 1.080801 -1.047623 0.243625 1.582620 8
0 1.014743 1.734300 -0.777509 0.133076 1.529497 8
0 0.000000 1.734300 -0.864643 0.243625 1.529497 8
0 -0.651255 0.780421 -0.299492 0.168790 1.679926 7
0 -1.016099 0.972851 -0.263421 0.132928 1.603869 8
0 -1.063486 1.237286 -0.786222 0.127765 1.580495 8
0 -1.014742 1.734300 -0.777510 0.133076 1.529497 8
0 0.930388 1.917282 -0.359268 0.142266 1.510617 8
0 0.348662 2.082150 -0.388805 0.198725 1.502402 8
0 0.262272 1.951453 -0.746231 0.215052 1.511845 8
0 -0.000000 1.951453 -0.746231 0.243625 1.511845 8
0 -0.262272 1.951453 -0.746231 0.215052 1.511845 8
0 -0.930387 1.917282 -0.359268 0.142266 1.510617 8
0 -0.384763 2.046750 -0.388805 0.198725 1.502402 8
0 -0.000000 1.951453 -0.746231 0.310456 1.974283 8
0 -0.000000 1.012193 -0.426115 0.310456 1.888477 9
0 0.262272 1.951453 -0.746231 0.290240 1.974283 8
0 0.192461 1.012193 -0.426115 0.295621 1.888477 9
0 0.348662 2.082150 -0.388805 0.278688 1.959334 8
0 0.271362 1.012193 -0.120113 0.285731 1.888477 9
0 0.262272 1.820753 0.001113 0.290240 1.989232 8
0 0.192461 1.012193 0.213708 0.295621 1.888477 9
0 0.000000 1.820753 0.001113 0.310456 1.989232 8
0 -0.000000 1.012193 0.213708 0.310456 1.888477 9
0 -0.192462 1.012193 -0.426115 0.295621 1.888477 9
0 -0.262272 1.951453 -0.746231 0.290240 1.974283 8
0 -0.271363 1.012193 -0.120113 0.285731 1.888477 9
0 -0.384763 2.046750 -0.388805 0.278688 1.959334 8
0 -0.192462 1.012193 0.213708 0.295621 1.888477 9
0 -0.262272 1.820753 0.001113 0.290240 1.989232 8
0 -0.426474 0.170432 0.195737 0.071660 1.199264 10
0 0.000000 0.136587 -0.231231 0.004484 1.204295 10
0 0.000000 -0.076073 0.806493 0.004484 1.235909 10
0 0.426472 0.170432 0.195737 0.071660 1.199264 10
0 0.224540 0.008675 0.806493 0.039853 1.223310 10
0 0.485864 0.224061 0.568819 0.081016 1.191292 10
0 0.652915 0.498520 0.395507 0.107462 1.162513 10
0 0.583714 0.730452 0.964158 0.096540 1.127628 10
0 -0.224541 0.008675 0.806493 0.039853 1.223310 10
0 -0.485866 0.224061 0.568819 0.081016 1.191292 10
0 -0.652916 0.498520 0.395507 0.107462 1.162513 10
0 -0.583716 0.730452 0.964158 0.096540 1.127628 10
0 -0.422036 0.271546 0.930851 0.070961 1.184233 10
0 -0.231699 0.047255 0.952419 0.040980 1.217575 10
0 0.000000 -0.025717 0.976280 0.004484 1.228423 10
0 0.231698 0.047257 0.952419 0.040980 1.217575 10
0 0.422035 0.271546 0.930852 0.070961 1.184233 10
0 0.330181 -0.324278 0.233607 0.266614 1.927749 18
0 0.548693 -0.641175 0.448820 0.259404 1.932270 18
0 0.548693 -0.641175 0.233607 0.259404 1.932270 18
0 0.477775 -0.731946 0.448821 0.259404 1.936791 18
0 0.477775 -0.731946 0.233607 0.259404 1.936791 18
0 0.130460 -0.460593 0.233606 0.268056 1.936791 18
0 0.521802 -0.198329 -0.455079 0.265172 1.920214 18
0 1.314744 -1.344999 -0.282517 0.276708 1.933648 17
0 0.130460 -0.460593 0.448821 0.268056 1.936791 18
0 0.330181 -0.324278 0.448821 0.266614 1.927749 18
0 1.539369 -1.057496 -0.282517 0.276708 1.919329 17
0 0.674245 -0.122528 -0.455079 0.263730 1.914186 18
0 0.682429 -0.470002 -0.412037 0.259404 1.924735 18
0 0.834873 -0.394199 -0.412037 0.257962 1.918707 18
0 0.730007 -0.707401 -0.368994 0.255799 1.930928 18
0 0.861394 -0.658549 -0.368994 0.254357 1.926242 18
0 0.730007 -0.707401 0.233607 0.255799 1.930928 18
0 0.682429 -0.470002 0.276649 0.259404 1.924735 18
0 0.521802 -0.198329 0.319693 0.265172 1.920214 18
0 1.539369 -1.057496 0.144073 0.276708 1.919329 17
0 1.314744 -1.345001 0.144072 0.276708 1.933648 17
0 1.344965 -1.076142 -0.036488 0.279615 1.924603 17
0 1.581730 -1.003277 -0.078639 0.276708 1.916628 17
0 0.674245 -0.122528 0.319693 0.263730 1.914186 18
0 0.834873 -0.394199 0.276650 0.257962 1.918707 18
0 0.861394 -0.658549 0.233607 0.254357 1.926242 18
0 -0.594445 -0.050785 0.319690 0.263730 1.914186 14
0 -1.582461 -0.999344 0.144075 0.276708 1.919329 13
0 -1.623869 -0.944390 -0.078637 0.276708 1.916628 13
0 -1.388410 -1.021380 -0.036486 0.279615 1.924603 13
0 -1.582461 -0.999344 -0.282515 0.276708 1.919329 13
0 -0.594445 -0.050785 -0.455081 0.263730 1.914186 14
0 -0.443351 -0.129237 -0.455081 0.265172 1.920214 14
0 -1.362888 -1.290721 -0.282515 0.276708 1.933648 13
0 -1.362889 -1.290722 0.144074 0.276708 1.933648 13
0 -0.056646 -0.398292 0.448820 0.268056 1.936791 14
0 -0.056646 -0.398292 0.233604 0.268056 1.936791 14
0 -0.408642 -0.663542 0.448820 0.259404 1.936791 14
0 -0.408642 -0.663542 0.233604 0.259404 1.936791 14
0 -0.253957 -0.258510 0.233605 0.266614 1.927749 14
0 -0.443351 -0.129237 0.319690 0.265172 1.920214 14
0 -0.759797 -0.319616 0.276647 0.257962 1.918707 14
0 -0.608694 -0.398064 0.276647 0.259404 1.924735 14
0 -0.608694 -0.398064 -0.412038 0.259404 1.924735 14
0 -0.759797 -0.319616 -0.412038 0.257962 1.918707 14
0 -0.253957 -0.258510 0.448820 0.266614 1.927749 14
0 -0.477967 -0.571546 0.448819 0.259404 1.932270 14
0 -0.477967 -0.571546 0.233605 0.259404 1.932270 14
0 -0.660408 -0.634599 0.233605 0.255799 1.930928 14
0 -0.790925 -0.583462 0.233605 0.254357 1.926242 14
0 -0.790925 -0.583462 -0.368995 0.254357 1.926242 14
0 -0.660408 -0.634599 -0.368995 0.255799 1.930928 14
0 0.000000 1.955362 -1.009660 0.243108 1.314905 10
0 -0.634892 -0.680692 0.431379 0.266169 1.491754 6
0 0.768009 -0.694993 0.431378 0.470985 1.491754 6
0 -0.592731 -0.681120 1.615732 0.272324 1.491754 6
0 0.725847 -0.694562 1.615732 0.464830 1.491754 6
0 0.328942 -0.690513 2.225311 0.406884 1.491754 6
0 0.360133 0.006269 2.237394 0.410400 1.405793 6
0 -0.215425 -0.684967 2.225311 0.327409 1.491754 6
0 -0.258520 0.012578 2.237394 0.320080 1.405793 6
0 -0.227026 -0.684850 -0.424738 0.325715 1.491754 6
0 -0.730317 -0.374733 0.431379 0.251783 1.454146 6
0 -0.625566 0.234161 1.534031 0.266169 1.378930 6
0 0.823046 0.219393 1.534030 0.477659 1.378930 6
0 0.869648 -0.391044 0.431378 0.485370 1.454146 6
0 0.314428 -0.690370 -0.424738 0.404765 1.491754 6
0 -0.759840 -0.683746 0.431568 0.470985 1.491754 3
0 0.643128 -0.679616 0.431232 0.266169 1.491754 3
0 -0.717391 -0.683642 1.615913 0.464830 1.491754 3
0 0.601251 -0.679758 1.615596 0.272324 1.491754 3
0 0.224073 -0.680879 2.225265 0.327409 1.491754 3
0 0.272226 0.016333 2.237349 0.320080 1.405793 3
0 -0.320320 -0.682482 2.225397 0.406884 1.491754 3
0 -0.346457 0.014508 2.237498 0.410400 1.405793 3
0 -0.306444 -0.682396 -0.424658 0.404765 1.491754 3
0 -0.859274 -0.379071 0.431598 0.485370 1.454146 3
0 -0.807984 0.230993 1.534249 0.477659 1.378930 3
0 0.640699 0.235261 1.533901 0.266169 1.378930 3
0 0.740767 -0.374358 0.431213 0.251783 1.454146 3
0 0.235036 -0.680802 -0.424788 0.325715 1.491754 3
0 -0.325656 -0.470814 0.294033 0.296082 1.932448 13
0 -1.433360 -1.221430 0.137955 0.276409 1.929812 13
0 -0.216028 -0.606266 -0.033771 0.296219 1.939283 13
0 -1.362936 -1.307108 -0.073997 0.276505 1.934161 13
0 -1.585079 -1.197061 -0.077448 0.274225 1.925464 13
0 -1.425970 -1.215924 -0.286006 0.276598 1.929814 13
0 -1.559212 -1.038882 -0.286005 0.276601 1.921117 13
0 -1.629629 -0.953197 -0.074051 0.276505 1.916768 13
0 -1.566707 -1.044473 0.137928 0.276409 1.921115 13
0 -0.535224 -0.192689 0.293992 0.296083 1.918780 13
0 -0.635163 -0.050021 -0.033852 0.296220 1.911948 13
0 -0.525540 -0.185475 -0.361656 0.296357 1.918783 13
0 -0.315967 -0.463596 -0.361614 0.296357 1.932450 13
0 -1.491944 -1.309882 -0.287977 0.308459 1.930604 12
0 -1.417121 -1.417121 -0.041887 0.308348 1.935732 12
0 -1.499633 -1.315596 0.206121 0.308237 1.930602 12
0 -1.656898 -1.106835 0.202194 0.308237 1.920342 12
0 -1.731748 -0.999596 -0.041949 0.308348 1.915214 12
0 -1.649260 -1.101120 -0.288009 0.308459 1.920344 12
0 -1.241738 -0.738795 -0.378226 0.325985 1.918613 12
0 -1.022630 -1.029551 -0.378181 0.325986 1.932902 12
0 -0.918128 -1.178692 -0.035429 0.325852 1.940045 12
0 -1.032739 -1.037084 0.307279 0.325717 1.932899 12
0 -1.251850 -0.746329 0.307235 0.325717 1.918610 12
0 -1.356353 -0.597185 -0.035518 0.325851 1.911467 12
0 -0.813712 -0.236072 -0.033368 0.342933 1.912965 12
0 -0.703788 -0.372908 -0.386187 0.343038 1.919851 12
0 -0.534006 -0.598218 -0.386142 0.343038 1.930923 12
0 -0.417024 -0.762493 -0.033251 0.342933 1.938835 12
0 -0.542724 -0.604717 0.321704 0.342827 1.930921 12
0 -0.712509 -0.379411 0.321649 0.342827 1.919849 12
0 -0.422618 -0.067087 0.429214 0.353659 1.916906 12
0 -0.515381 0.072317 -0.004712 0.353830 1.907862 12
0 -0.406919 -0.055314 -0.438610 0.354001 1.916908 12
0 -0.129522 -0.423433 -0.438581 0.354001 1.934998 12
0 0.001326 -0.613377 -0.004656 0.353830 1.944043 12
0 -0.145222 -0.435207 0.429243 0.353659 1.934997 12
0 -0.920979 1.133080 0.146107 0.360814 1.937040 8
0 -1.016099 0.972851 -0.263421 0.359157 1.948362 8
0 -1.063486 1.237286 -0.786222 0.358332 1.937983 8
0 -1.014742 1.734300 -0.777510 0.359181 1.915339 8
0 -0.930387 1.917282 -0.359268 0.360650 1.908735 8
0 -0.869243 1.734300 0.113381 0.361715 1.915339 8
0 0.496806 -0.225303 -0.361656 0.296357 1.918783 17
0 1.515437 -1.096622 -0.286007 0.276601 1.921117 17
0 0.282413 -0.499725 -0.361615 0.296357 1.932450 17
0 1.379124 -1.271314 -0.286008 0.276598 1.929814 17
0 1.538535 -1.255234 -0.077446 0.274225 1.925464 17
0 1.314509 -1.361384 -0.073999 0.276505 1.934161 17
0 1.386418 -1.276947 0.137953 0.276409 1.929812 17
0 1.522831 -1.102346 0.137926 0.276409 1.921115 17
0 1.587337 -1.012181 -0.074053 0.276505 1.916768 17
0 0.608778 -0.091782 -0.033853 0.296220 1.911948 17
0 0.506367 -0.232685 0.293990 0.296083 1.918780 17
0 0.291975 -0.507110 0.294031 0.296082 1.932448 17
0 0.180000 -0.640629 -0.033771 0.296219 1.939283 17
0 1.465569 -1.338005 -0.287979 0.308459 1.930604 16
0 1.626503 -1.132019 -0.288010 0.308459 1.920344 16
0 1.710749 -1.031951 -0.041950 0.308348 1.915214 16
0 1.634064 -1.137868 0.204141 0.308237 1.920342 16
0 1.473133 -1.343852 0.204172 0.308237 1.930602 16
0 1.388882 -1.443922 -0.041887 0.308348 1.935732 16
0 0.894132 -1.196824 -0.035429 0.325852 1.940045 16
0 1.001222 -1.049529 -0.378182 0.325986 1.932902 16
0 1.225371 -0.762642 -0.378227 0.325985 1.918613 16
0 1.342440 -0.623054 -0.035518 0.325851 1.911467 16
0 1.235350 -0.770350 0.307235 0.325717 1.918610 16
0 1.011198 -1.057236 0.307279 0.325717 1.932899 16
0 0.528802 -0.616385 0.321703 0.342827 1.930921 16
0 0.400370 -0.771943 -0.033252 0.342933 1.938835 16
0 0.520198 -0.609735 -0.386143 0.343038 1.930923 16
0 0.693889 -0.387422 -0.386188 0.343038 1.919851 16
0 0.806186 -0.252525 -0.033368 0.342933 1.912965 16
0 0.702492 -0.394076 0.321648 0.342827 1.919849 16
0 0.418098 -0.076740 0.429214 0.353659 1.916906 16
0 0.134318 -0.439963 0.429242 0.353659 1.934997 16
0 -0.015315 -0.615549 -0.004655 0.353830 1.944043 16
0 0.118828 -0.427916 -0.438582 0.354001 1.934998 16
0 0.402607 -0.064696 -0.438611 0.354001 1.916908 16
0 0.513279 0.061023 -0.004712 0.353830 1.907862 16
0 0.869243 1.734300 0.113382 0.361715 1.915339 8
0 0.930388 1.917282 -0.359268 0.360650 1.908735 8
0 1.014743 1.734300 -0.777509 0.359181 1.915339 8
0 1.063486 1.237286 -0.786222 0.358332 1.937983 8
0 1.016100 0.972851 -0.263421 0.359157 1.948362 8
0 0.920980 1.133081 0.146106 0.360814 1.937040 8
469
0.991621 -0.129153 -0.002523
0.520282 -0.140970 -0.842279
0.617811 -0.026416 -0.785883
0.342480 0.040067 -0.938670
0.985418 0.040130 -0.165350
0.681761 0.034114 0.730779
0.517231 -0.148967 0.842781
0.993059 -0.100425 -0.061219
0.507469 -0.106323 0.855085
0.983121 0.144317 0.112449
0.372027 0.084083 0.924406
0.586713 0.336733 0.736464
0.898814 0.395520 -0.188939
0.406295 0.101136 -0.908128
-0.669411 0.177694 0.721327
0.330957 0.181582 0.926010
-0.345375 0.023050 0.938182
-0.516116 -0.158402 0.841744
-0.537046 -0.068673 0.840753
-0.704861 -0.131613 0.697029
0.010776 -0.224266 0.974468
0.342718 0.257176 0.903551
0.001163 0.103086 0.994672
-0.008582 -0.284948 0.958505
-0.022300 -0.216347 0.976062
-0.005006 -0.863217 0.504808
-0.933478 -0.087028 0.347915
-0.937367 -0.070281 0.341180
-0.903505 -0.114751 0.412929
-0.892004 0.013912 0.451814
-0.881381 0.156749 0.445643
-0.891600 0.126919 0.434673
-0.401561 0.191184 0.895655
-0.907700 0.101073 0.407265
-0.937808 -0.058149 0.342249
0.498278 0.206393 0.842093
-0.007955 0.142115 0.989818
0.631322 -0.154914 0.759891
0.988680 0.140693 -0.052136
0.825416 -0.556517 -0.094748
-0.009291 -0.911513 0.411166
0.242504 -0.667621 -0.703900
0.373761 -0.174356 -0.910990
-0.482242 -0.215640 -0.849083
-0.350131 -0.779054 -0.520081
-0.574013 -0.816969 -0.055423
-0.009282 -0.911512 0.411169
-0.008910 -0.875005 0.484032
-0.874424 0.018965 -0.484792
-0.512049 0.075352 -0.855645
0.504466 0.077754 -0.859923
0.664995 0.186378 -0.723218
0.968990 0.182511 0.166580
-0.340410 0.179119 -0.923059
-0.878153 0.152714 -0.453349
-0.534436 -0.137447 -0.833959
-0.684076 0.026815 -0.728918
-0.891950 0.018322 -0.451762
-0.886947 -0.104447 -0.449907
-0.921220 -0.089797 -0.378537
-0.490690 -0.027210 -0.870909
-0.918422 -0.051353 -0.392256
-0.661446 -0.039286 -0.748963
-0.537176 -0.404209 -0.740309
-0.306817 -0.313158 -0.898774
-0.000000 0.351704 -0.936111
0.216627 -0.054188 -0.974750
-0.000487 -0.389665 -0.920956
0.593553 0.129291 -0.794341
0.500676 0.555681 -0.663734
0.790703 0.533522 0.300238
0.369440 0.465585 -0.804204
-0.000000 0.595024 -0.803708
-0.447504 0.534272 -0.717142
-0.369391 0.465584 -0.804228
-0.559206 0.208242 -0.802448
-0.845228 0.529098 -0.075133
-0.935406 0.352952 -0.020983
-0.479025 0.308568 0.821779
-0.594034 0.258914 0.761635
-0.001359 -0.786726 -0.617301
0.507701 -0.346804 -0.788649
-0.216348 -0.055946 -0.974712
0.488925 0.017948 -0.872141
-0.498135 0.086175 -0.862807
-0.989280 0.125598 -0.074504
-0.564787 0.050590 0.823684
0.663255 -0.043644 -0.747120
-0.401019 -0.003777 -0.916062
-0.994317 -0.106415 0.003023
-0.542995 -0.072993 0.836557
-0.991305 -0.131583 -0.000962
-0.518827 -0.147326 0.842088
-0.999370 0.035450 0.001953
-0.520509 0.026156 0.853456
-0.984354 0.176020 -0.008022
-0.510795 0.186594 0.839209
-0.981093 0.158953 0.110407
-0.316096 0.206549 0.925970
0.526251 -0.091137 0.845431
0.570499 -0.114770 0.813240
0.536071 -0.142536 0.832052
0.527214 0.025179 0.849360
0.517478 0.180505 0.836441
0.606159 0.184286 0.773699
0.008319 0.142943 0.989696
-0.635585 -0.125637 0.761739
-0.024179 -0.862416 0.505622
0.937127 -0.076678 0.340460
0.921593 -0.087003 0.378281
0.886950 -0.106438 0.449434
0.890328 0.065604 0.450570
0.876198 0.157672 0.455431
0.894411 0.088104 0.438482
0.906597 0.050552 0.418959
0.928939 -0.097439 0.357181
0.929482 -0.048341 -0.365686
0.905478 -0.168729 -0.389410
0.903767 -0.108355 -0.414083
0.517260 -0.149087 -0.842742
0.891651 -0.024158 -0.452079
0.522906 0.030241 -0.851854
0.880476 0.161330 -0.445797
0.510071 0.189483 -0.839001
0.877376 0.035609 -0.478480
0.332311 0.064094 -0.940990
0.571423 -0.211962 -0.792810
0.561880 -0.825286 -0.056513
0.251081 -0.664367 -0.703971
0.002776 -0.911563 0.411151
0.002687 -0.875055 0.484016
-0.518420 -0.142112 -0.843235
-0.525112 0.040892 -0.850050
-0.512457 0.182051 -0.839193
-0.665433 0.089584 -0.741062
-0.838609 -0.535865 -0.097896
-0.309180 -0.188830 -0.932068
-0.339994 -0.783575 -0.520014
0.002784 -0.911564 0.411149
0.081836 0.514065 0.853838
-0.007344 0.207428 0.978223
0.000000 0.308969 0.951072
0.000000 -0.265421 0.964133
-0.000000 0.683286 0.730150
-0.337293 0.527277 0.779880
-0.218875 0.678511 0.701225
-0.946766 0.123646 0.297231
-0.762310 0.327889 0.558008
-0.872957 -0.258935 0.413398
-0.099129 -0.578071 0.809942
-0.027242 -0.439487 0.897836
-0.000000 -0.036092 0.999348
-0.637085 0.008616 0.770746
-0.692315 -0.547167 0.470434
-0.964622 -0.232140 0.124960
-0.967333 -0.177678 0.180823
-0.957633 -0.114436 0.264281
-0.810395 0.379985 0.445950
-0.424444 0.204052 0.882162
-0.000001 0.135710 0.990749
0.424444 0.204053 0.882162
0.637085 0.008616 0.770746
0.810395 0.379986 0.445950
0.027242 -0.439487 0.897836
0.957633 -0.114436 0.264281
0.692315 -0.547168 0.470434
0.099129 -0.578072 0.809942
0.007344 0.207428 0.978223
-0.081837 0.514064 0.853839
0.337292 0.527276 0.779881
0.218875 0.678512 0.701224
0.946766 0.123646 0.297231
0.762310 0.327888 0.558008
0.872958 -0.258935 0.413398
0.964622 -0.232141 0.124960
0.967333 -0.177678 0.180824
-0.167864 0.829113 0.533286
-0.116724 0.883776 0.453117
-0.073302 0.913373 0.400470
0.000000 0.953059 0.302785
0.080584 0.907415 0.412437
0.131276 0.869451 0.476258
0.195782 0.793934 0.575620
-0.740464 0.067102 -0.668738
-0.580915 0.375689 -0.722077
0.000000 -0.060095 -0.998193
0.000000 0.255291 -0.966864
0.580916 0.375689 -0.722077
0.740464 0.067102 -0.668738
-0.539545 -0.400143 -0.740795
-0.891065 -0.443258 -0.097596
-0.967187 0.246893 0.059949
-0.787408 0.595113 -0.160712
-0.502358 0.779770 -0.373625
-0.401207 0.904840 0.142472
0.000000 0.984190 -0.177118
0.000000 0.947455 0.319889
0.401208 0.904839 0.142472
0.502358 0.779769 -0.373625
0.787408 0.595113 -0.160712
0.967187 0.246893 0.059948
-0.728776 -0.406622 0.550949
-0.747151 -0.023826 0.664227
-0.596150 0.541043 0.593193
-0.000000 0.745185 0.666857
0.596150 0.541043 0.593193
0.747151 -0.023826 0.664227
0.891065 -0.443259 -0.097596
0.728776 -0.406622 0.550948
0.517341 -0.531043 0.671083
-0.620272 0.007156 0.784354
0.340228 -0.231498 0.911402
-0.119192 0.430409 0.894729
-0.000001 0.428875 0.903364
0.119192 0.430409 0.894730
-0.340227 -0.231498 0.911402
0.620273 0.007156 0.784353
-0.517339 -0.531043 0.671084
0.067516 -0.990152 0.122642
0.416204 -0.853363 -0.313921
0.539545 -0.400144 -0.740794
0.000000 -0.793824 -0.608148
0.000000 -0.424152 -0.905591
-0.416203 -0.853363 -0.313921
-0.067515 -0.990152 0.122641
0.192397 -0.966627 0.169159
0.000000 -0.976532 -0.215372
-0.192397 -0.966627 0.169159
-0.997410 0.047884 0.053661
-0.996176 0.086333 0.013441
-0.989092 -0.146582 -0.014541
-0.915403 -0.399387 0.050273
-0.764745 -0.637339 0.094683
-0.742799 -0.668638 0.034243
-0.000001 -0.998313 0.058061
0.997410 0.047884 0.053661
0.996176 0.086333 0.013440
0.989092 -0.146582 -0.014542
0.915403 -0.399387 0.050272
0.764744 -0.637340 0.094683
0.742798 -0.668640 0.034243
-0.737492 0.194731 -0.646673
-0.701732 -0.324774 -0.634109
-0.000000 0.112183 -0.993688
-0.000000 -0.175204 -0.984532
0.701732 -0.324774 -0.634109
0.737491 0.194731 -0.646673
-0.820577 0.472626 -0.321370
-0.451480 0.531355 -0.716818
-0.000000 0.404113 -0.914709
0.451480 0.531355 -0.716818
0.820577 0.472626 -0.321370
0.952379 -0.079000 -0.294506
0.956731 -0.282370 -0.070238
0.499513 -0.142546 -0.854498
0.000000 0.076077 -0.997102
0.203862 0.562385 -0.801351
0.000000 0.385898 -0.922541
-0.952379 -0.078999 -0.294506
-0.956731 -0.282370 -0.070238
-0.499514 -0.142546 -0.854498
-0.176315 0.444968 -0.878019
0.272418 0.900475 -0.339018
0.256917 0.896180 -0.361738
0.113174 0.627858 -0.770055
-0.000000 0.478740 -0.877957
-0.151461 0.730875 -0.665494
-0.240911 0.910705 -0.335527
-0.234966 0.916137 -0.324784
-0.000000 0.071350 -0.997451
0.000000 0.071350 -0.997451
0.386916 0.101564 -0.916504
0.778600 0.122028 -0.615542
0.989655 0.119646 -0.079172
0.989239 0.113036 0.092889
0.779909 0.109446 0.616250
0.397763 0.087359 0.913320
0.000000 0.061023 0.998136
0.000000 0.061023 0.998136
-0.392347 0.101901 -0.914155
-0.754173 0.135882 -0.642463
-0.980085 0.149391 -0.130824
-0.986108 0.147659 0.076084
-0.762505 0.129594 0.633870
-0.368261 0.085781 0.925757
-0.547391 -0.831283 -0.096598
0.000001 -0.979641 -0.200757
-0.049158 -0.998634 0.017739
0.547392 -0.831283 -0.096598
0.484548 -0.868105 0.107736
0.810469 -0.570271 0.133905
0.877558 -0.467838 0.104980
0.904142 -0.357424 0.234042
-0.524862 -0.848733 0.064595
-0.810469 -0.570271 0.133904
-0.877558 -0.467837 0.104980
-0.904142 -0.357424 0.234043
-0.847761 -0.485656 0.213168
-0.546277 -0.807950 0.220903
0.118801 -0.956119 0.267810
0.609008 -0.766775 0.202891
0.847760 -0.485657 0.213167
0.698183 -0.354894 -0.621765
0.907485 0.193713 0.372755
0.751355 -0.207829 -0.626316
0.320122 -0.673110 0.666667
-0.180982 -0.894751 -0.408248
-0.277864 -0.561864 -0.779166
-0.220847 -0.715496 -0.662791
-0.702651 -0.452684 -0.548962
-0.668867 -0.474492 0.572253
0.449641 -0.052631 0.891657
-0.197962 0.644408 -0.738613
0.434637 0.487670 -0.757145
-0.628837 -0.313570 -0.711504
0.692424 0.161390 -0.703208
-0.197864 -0.581316 -0.789254
0.797172 -0.531465 -0.286464
-0.416384 -0.842876 0.340857
-0.593997 -0.392493 0.702223
-0.033164 -0.205980 0.977994
-0.163655 0.613140 0.772836
-0.871716 0.062901 0.485957
-0.690569 0.722705 0.028487
0.181678 0.983342 -0.005557
0.588682 0.633968 0.501536
0.714577 0.073431 0.695692
0.544138 -0.424794 0.723508
-0.469627 0.639505 0.608674
0.174333 0.610187 0.772839
-0.164479 0.986365 -0.005557
0.703082 0.710538 0.028488
0.209185 0.640851 -0.738615
-0.589810 0.624321 -0.512199
0.136789 -0.468169 -0.872987
0.694643 -0.464879 -0.548962
0.872680 0.047675 0.485960
0.538819 -0.323879 0.777674
0.423731 -0.766701 -0.482309
0.165339 -0.897773 0.408249
-0.331819 -0.667422 -0.666667
-0.459968 -0.569082 -0.681598
0.092455 -0.493401 0.864874
-0.595701 0.122548 0.793802
0.752600 -0.348609 0.558627
0.587057 -0.402799 -0.702223
-0.713186 0.085892 -0.695693
-0.580891 0.332349 0.743041
-0.754867 -0.194686 0.626317
-0.903966 0.209520 -0.372756
0.187696 -0.584677 0.789254
-0.806321 -0.517479 0.286464
-0.551466 -0.415239 -0.723507
0.401616 -0.850013 -0.340857
0.000000 0.678848 -0.734279
-0.459021 -0.883456 -0.093839
0.437682 -0.893176 -0.103295
-0.635799 -0.747221 0.193444
0.790976 -0.550352 0.267338
0.301860 -0.763214 0.571301
0.383211 0.403857 0.830691
-0.298045 -0.380151 0.875588
-0.575365 0.295625 0.762601
-0.549782 -0.794444 -0.258066
-0.974156 -0.205630 -0.093471
-0.641438 0.653405 0.402019
0.829466 0.368299 0.419932
0.964091 -0.241235 -0.111058
0.334671 -0.924532 -0.182306
-0.444170 -0.889979 -0.103204
0.452582 -0.886759 -0.093964
-0.613950 -0.761730 0.206959
0.811342 -0.528816 0.249156
0.314142 -0.766350 0.560377
0.454398 0.224650 0.862006
-0.288837 -0.372669 0.881868
-0.461336 0.498217 0.734132
-0.529902 -0.799849 -0.281860
-0.965840 -0.234242 -0.110830
-0.826673 0.374293 0.420138
0.646254 0.648732 0.401873
0.972617 -0.212684 -0.093710
0.352994 -0.920600 -0.167008
0.310394 -0.411340 0.857003
-0.086416 -0.757791 0.646750
0.621067 -0.783758 -0.000155
0.131514 -0.983335 -0.125523
-0.798489 -0.601576 -0.022834
-0.187227 -0.559378 -0.807492
-0.723905 0.151262 -0.673113
-0.912359 0.396011 0.103807
-0.622385 -0.052423 0.780954
-0.310073 0.416091 0.854824
-0.584024 0.811734 0.001605
-0.271984 0.439573 -0.856038
0.351425 -0.382046 -0.854717
0.301494 -0.418881 -0.856528
0.578465 -0.815707 -0.000561
0.272863 -0.434074 0.858560
-0.345867 0.389851 0.853459
-0.617049 0.786925 0.000444
-0.312122 0.410198 -0.856923
-0.374003 0.367344 -0.851575
0.234807 -0.462900 -0.854745
0.541337 -0.840767 -0.008134
0.231262 -0.462248 0.856063
-0.389719 0.347695 0.852777
-0.648870 0.760882 -0.005147
-0.659485 0.751277 -0.025741
-0.388717 0.376924 -0.840730
0.238620 -0.449578 -0.860779
0.496595 -0.867982 -0.000879
0.165949 -0.495534 0.852588
-0.423698 0.333348 0.842235
-0.329226 0.438845 0.836077
-0.586927 0.809523 -0.013745
-0.442983 0.394007 -0.805310
0.018418 -0.582482 -0.812635
0.782028 -0.621658 0.044431
0.036152 -0.280778 0.959092
0.142594 -0.286484 0.947414
-0.030352 0.888753 0.457380
-0.549492 0.792019 0.266015
-0.804188 0.341522 -0.486461
-0.496845 0.864696 -0.073798
-0.226123 0.698394 0.679054
0.380106 0.558742 -0.737107
0.588101 -0.035079 -0.808027
-0.248811 -0.232968 -0.940117
0.043473 -0.739066 -0.672229
0.787866 -0.615423 -0.022830
-0.143025 -0.984255 0.103859
0.212775 -0.587831 0.780501
0.753391 0.114619 0.647507
0.914429 0.384624 -0.126030
0.593353 0.786062 0.173318
0.209079 0.264494 0.941450
-0.418699 -0.528681 0.738368
-0.629112 -0.757940 -0.172466
-0.404940 -0.538455 -0.738979
0.211985 0.262581 -0.941336
0.619064 0.765708 -0.174499
0.443602 0.508632 0.737910
-0.172108 -0.292528 0.940642
-0.582182 -0.794212 0.174043
-0.556654 -0.830731 0.004725
-0.251668 -0.450459 -0.856592
0.383758 0.349607 -0.854696
0.662980 0.748633 0.002280
0.392610 0.352248 0.849576
-0.232285 -0.467709 0.852814
-0.194880 -0.485641 0.852159
-0.502667 -0.864433 -0.009030
-0.217696 -0.461027 -0.860269
0.377765 0.365219 -0.850828
0.666881 0.744906 0.019608
0.435652 0.338457 0.834059
0.240623 0.269408 0.932481
-0.255961 -0.488417 0.834226
-0.833071 -0.451949 -0.318961
0.065317 -0.365250 -0.928615
0.544037 0.511399 -0.665202
0.608214 0.780634 0.143831
0.250788 0.689380 0.679603
0.521432 0.850393 -0.070289
0.800245 0.333402 -0.498449
0.162486 0.969555 0.183199
-0.406760 0.800189 0.440732
-0.174192 -0.295050 0.939469
742
0 0 1 2 0 1 2 1
0 3 1 4 3 1 4 1
0 1 0 4 1 0 4 1
0 4 0 5 4 0 5 1
0 5 0 6 5 0 6 1
0 0 7 6 0 7 6 1
0 6 7 8 6 7 8 1
0 7 9 8 7 9 8 1
0 8 9 10 8 9 10 1
0 10 9 11 10 9 11 1
0 11 9 12 11 9 12 1
0 12 9 13 12 9 13 1
0 9 7 13 9 7 13 1
0 13 7 2 13 7 2 1
0 7 0 2 7 0 2 1
0 14 15 16 14 15 16 1
0 15 5 16 15 5 16 1
0 5 6 16 5 6 16 1
0 16 6 17 16 6 17 1
0 6 8 17 6 8 17 1
0 17 8 18 17 8 18 1
0 8 10 18 8 10 18 1
0 18 10 19 18 10 19 1
0 19 10 20 19 10 20 1
0 10 11 20 10 11 20 1
0 11 21 20 11 21 20 1
0 21 22 20 21 22 20 1
0 20 22 23 20 22 23 1
0 22 24 23 22 24 23 1
0 20 25 19 20 25 19 1
0 25 26 19 25 26 19 1
0 26 27 19 26 27 19 1
0 19 27 18 19 27 18 1
0 27 28 18 27 28 18 1
0 18 28 17 18 28 17 1
0 28 29 17 28 29 17 1
0 17 29 16 17 29 16 1
0 16 29 14 16 29 14 1
0 29 30 14 29 30 14 1
0 30 31 14 30 31 14 1
0 14 31 32 14 31 32 1
0 32 31 33 32 31 33 1
0 31 34 33 31 34 33 1
0 14 32 15 14 32 15 1
0 15 32 35 15 32 35 1
0 32 36 35 32 36 35 1
0 36 37 35 36 37 35 1
0 35 37 38 35 37 38 1
0 38 37 39 38 37 39 1
0 37 40 39 37 40 39 1
0 40 41 39 40 41 39 1
0 39 41 42 39 41 42 1
0 42 41 43 42 41 43 1
0 41 44 43 41 44 43 1
0 43 44 45 43 44 45 1
0 44 46 45 44 46 45 1
0 46 47 45 46 47 45 1
0 45 48 43 45 48 43 1
0 48 49 43 48 49 43 1
0 43 49 42 43 49 42 1
0 49 50 42 49 50 42 1
0 42 50 39 42 50 39 1
0 39 50 38 39 50 38 1
0 50 51 38 50 51 38 1
0 51 52 38 51 52 38 1
0 38 52 35 38 52 35 1
0 35 52 15 35 52 15 1
0 15 52 5 15 52 5 1
0 5 52 4 5 52 4 1
0 52 51 4 52 51 4 1
0 4 51 3 4 51 3 1
0 3 51 53 3 51 53 1
0 51 50 53 51 50 53 1
0 50 49 53 50 49 53 1
0 53 49 54 53 49 54 1
0 49 48 54 49 48 54 1
0 1 3 55 1 3 55 1
0 55 3 56 55 3 56 1
0 3 53 56 3 53 56 1
0 56 53 54 56 53 54 1
0 54 57 56 54 57 56 1
0 57 58 56 57 58 56 1
0 56 58 55 56 58 55 1
0 58 59 55 58 59 55 1
0 55 59 60 55 59 60 1
0 59 61 60 59 61 60 1
0 60 61 62 60 61 62 1
0 61 63 62 61 63 62 1
0 63 64 62 63 64 62 1
0 64 13 62 64 13 62 1
0 62 13 60 62 13 60 1
0 13 2 60 13 2 60 1
0 2 1 60 2 1 60 1
0 60 1 55 60 1 55 1
0 65 66 67 65 66 67 1
0 67 66 64 67 66 64 1
0 66 68 64 66 68 64 1
0 64 68 13 64 68 13 1
0 13 68 12 13 68 12 1
0 68 69 12 68 69 12 1
0 69 70 12 69 70 12 1
0 12 70 11 12 70 11 1
0 70 21 11 70 21 11 1
0 65 71 66 65 71 66 1
0 66 71 68 66 71 68 1
0 68 71 69 68 71 69 1
0 71 65 69 71 65 69 1
0 69 65 72 69 65 72 1
0 72 65 73 72 65 73 1
0 65 74 73 65 74 73 1
0 74 75 73 74 75 73 1
0 73 75 76 73 75 76 1
0 75 77 76 75 77 76 1
0 76 77 78 76 77 78 1
0 77 79 78 77 79 78 1
0 79 24 78 79 24 78 1
0 24 22 78 24 22 78 1
0 64 80 67 64 80 67 1
0 80 81 67 80 81 67 1
0 81 82 67 81 82 67 1
0 67 82 65 67 82 65 1
0 65 82 74 65 82 74 1
0 74 82 75 74 82 75 1
0 82 81 75 82 81 75 1
0 81 83 75 81 83 75 1
0 83 84 75 83 84 75 1
0 75 84 77 75 84 77 1
0 84 85 77 84 85 77 1
0 77 85 79 77 85 79 1
0 85 86 79 85 86 79 1
0 79 86 24 79 86 24 1
0 87 88 83 87 88 83 1
0 83 88 84 83 88 84 1
0 84 88 85 84 88 85 1
0 88 89 85 88 89 85 1
0 85 89 86 85 89 86 1
0 86 89 90 86 89 90 1
0 89 91 90 89 91 90 1
0 90 91 92 90 91 92 1
0 91 93 92 91 93 92 1
0 92 93 94 92 93 94 1
0 93 95 94 93 95 94 1
0 94 95 96 94 95 96 1
0 95 97 96 95 97 96 1
0 97 98 96 97 98 96 1
0 24 86 99 24 86 99 1
0 86 90 99 86 90 99 1
0 99 90 100 99 90 100 1
0 90 92 100 90 92 100 1
0 100 92 101 100 92 101 1
0 92 94 101 92 94 101 1
0 101 94 102 101 94 102 1
0 94 96 102 94 96 102 1
0 102 96 103 102 96 103 1
0 96 98 103 96 98 103 1
0 103 98 104 103 98 104 1
0 104 98 105 104 98 105 1
0 105 98 106 105 98 106 1
0 98 97 106 98 97 106 1
0 25 20 107 25 20 107 1
0 20 23 107 20 23 107 1
0 23 24 107 23 24 107 1
0 107 24 25 107 24 25 1
0 24 99 25 24 99 25 1
0 25 99 108 25 99 108 1
0 99 100 108 99 100 108 1
0 108 100 109 108 100 109 1
0 100 101 109 100 101 109 1
0 109 101 110 109 101 110 1
0 101 102 110 101 102 110 1
0 110 102 111 110 102 111 1
0 102 103 111 102 103 111 1
0 111 103 112 111 103 112 1
0 103 104 112 103 104 112 1
0 112 104 113 112 104 113 1
0 104 114 113 104 114 113 1
0 113 114 115 113 114 115 1
0 116 83 117 116 83 117 1
0 83 81 117 83 81 117 1
0 117 81 63 117 81 63 1
0 83 116 87 83 116 87 1
0 116 118 87 116 118 87 1
0 87 118 119 87 118 119 1
0 118 120 119 118 120 119 1
0 119 120 121 119 120 121 1
0 120 122 121 120 122 121 1
0 121 122 123 121 122 123 1
0 122 124 123 122 124 123 1
0 123 124 125 123 124 125 1
0 125 124 126 125 124 126 1
0 124 127 126 124 127 126 1
0 126 127 128 126 127 128 1
0 128 127 129 128 127 129 1
0 127 130 129 127 130 129 1
0 119 121 131 119 121 131 1
0 131 121 132 131 121 132 1
0 121 123 132 121 123 132 1
0 132 123 133 132 123 133 1
0 123 125 133 123 125 133 1
0 133 125 134 133 125 134 1
0 135 136 137 135 136 137 1
0 137 136 128 137 136 128 1
0 128 136 126 128 136 126 1
0 126 136 125 126 136 125 1
0 125 136 134 125 136 134 1
0 136 135 134 136 135 134 1
0 87 119 88 87 119 88 1
0 119 131 88 119 131 88 1
0 88 131 89 88 131 89 1
0 89 131 91 89 131 91 1
0 131 132 91 131 132 91 1
0 91 132 93 91 132 93 1
0 132 133 93 132 133 93 1
0 93 133 95 93 133 95 1
0 133 134 95 133 134 95 1
0 95 134 97 95 134 97 1
0 134 135 97 134 135 97 1
0 97 135 106 97 135 106 1
0 106 135 138 106 135 138 1
0 135 137 138 135 137 138 1
0 139 140 141 139 140 141 1
0 140 142 141 140 142 141 1
0 141 143 139 141 143 139 1
0 139 143 144 139 143 144 1
0 143 145 144 143 145 144 1
0 145 146 144 145 146 144 1
0 144 146 147 144 146 147 1
0 146 148 147 146 148 147 1
0 147 148 140 147 148 140 1
0 148 149 140 148 149 140 1
0 140 149 142 140 149 142 1
0 149 150 142 149 150 142 1
0 142 150 151 142 150 151 1
0 151 150 152 151 150 152 1
0 152 150 153 152 150 153 1
0 150 149 153 150 149 153 1
0 149 148 153 149 148 153 1
0 153 148 154 153 148 154 1
0 148 146 154 148 146 154 1
0 146 155 154 146 155 154 1
0 155 156 154 155 156 154 1
0 154 156 153 154 156 153 1
0 153 156 152 153 156 152 1
0 156 157 152 156 157 152 1
0 157 158 152 157 158 152 1
0 152 158 151 152 158 151 1
0 158 159 151 158 159 151 1
0 159 160 151 159 160 151 1
0 151 160 161 151 160 161 1
0 160 162 161 160 162 161 1
0 161 163 151 161 163 151 1
0 163 142 151 163 142 151 1
0 162 164 161 162 164 161 1
0 164 165 161 164 165 161 1
0 161 165 163 161 165 163 1
0 165 166 163 165 166 163 1
0 163 166 142 163 166 142 1
0 166 167 142 166 167 142 1
0 142 167 141 142 167 141 1
0 167 168 141 167 168 141 1
0 141 168 143 141 168 143 1
0 168 169 143 168 169 143 1
0 143 169 170 143 169 170 1
0 170 169 171 170 169 171 1
0 169 172 171 169 172 171 1
0 171 172 173 171 172 173 1
0 167 166 173 167 166 173 1
0 166 165 173 166 165 173 1
0 173 165 174 173 165 174 1
0 165 164 174 165 164 174 1
0 164 175 174 164 175 174 1
0 175 171 174 175 171 174 1
0 174 171 173 174 171 173 1
0 173 172 167 173 172 167 1
0 172 169 167 172 169 167 1
0 167 169 168 167 169 168 1
0 176 177 178 176 177 178 1
0 177 145 178 177 145 178 1
0 145 143 178 145 143 178 1
0 178 143 179 178 143 179 1
0 179 143 180 179 143 180 1
0 143 170 180 143 170 180 1
0 170 181 180 170 181 180 1
0 180 181 182 180 181 182 1
0 147 140 144 147 140 144 1
0 140 139 144 140 139 144 1
0 183 184 185 183 184 185 1
0 184 186 185 184 186 185 1
0 186 187 185 186 187 185 1
0 185 187 188 185 187 188 1
0 189 190 183 189 190 183 1
0 190 191 183 190 191 183 1
0 191 192 183 191 192 183 1
0 183 192 184 183 192 184 1
0 184 192 193 184 192 193 1
0 192 194 193 192 194 193 1
0 193 194 195 193 194 195 1
0 194 196 195 194 196 195 1
0 196 197 195 196 197 195 1
0 195 197 198 195 197 198 1
0 197 199 198 197 199 198 1
0 198 199 187 198 199 187 1
0 187 199 188 187 199 188 1
0 199 200 188 199 200 188 1
0 201 202 190 201 202 190 1
0 190 202 191 190 202 191 1
0 202 203 191 202 203 191 1
0 191 203 192 191 203 192 1
0 192 203 194 192 203 194 1
0 203 204 194 203 204 194 1
0 194 204 196 194 204 196 1
0 196 204 197 196 204 197 1
0 204 205 197 204 205 197 1
0 197 205 199 197 205 199 1
0 199 205 200 199 205 200 1
0 205 206 200 205 206 200 1
0 200 206 207 200 206 207 1
0 206 208 207 206 208 207 1
0 209 210 201 209 210 201 1
0 201 210 202 201 210 202 1
0 210 211 202 210 211 202 1
0 202 211 203 202 211 203 1
0 211 212 203 211 212 203 1
0 203 212 204 203 212 204 1
0 212 213 204 212 213 204 1
0 213 214 204 213 214 204 1
0 204 214 205 204 214 205 1
0 214 215 205 214 215 205 1
0 205 215 206 205 215 206 1
0 215 216 206 215 216 206 1
0 206 216 208 206 216 208 1
0 216 217 208 216 217 208 1
0 217 218 208 217 218 208 1
0 208 218 207 208 218 207 1
0 218 219 207 218 219 207 1
0 207 219 220 207 219 220 1
0 219 221 220 219 221 220 1
0 220 221 222 220 221 222 1
0 222 221 189 222 221 189 1
0 221 223 189 221 223 189 1
0 189 223 190 189 223 190 1
0 223 224 190 223 224 190 1
0 190 224 201 190 224 201 1
0 224 209 201 224 209 201 1
0 225 223 226 225 223 226 1
0 223 221 226 223 221 226 1
0 221 219 226 221 219 226 1
0 226 219 227 226 219 227 1
0 219 218 227 219 218 227 1
0 227 218 228 227 218 228 1
0 218 217 228 218 217 228 1
0 217 229 228 217 229 228 1
0 228 229 230 228 229 230 1
0 229 215 230 229 215 230 1
0 230 215 231 230 215 231 1
0 215 232 231 215 232 231 1
0 231 232 233 231 232 233 1
0 232 234 233 232 234 233 1
0 223 225 224 223 225 224 1
0 225 235 224 225 235 224 1
0 224 235 209 224 235 209 1
0 209 235 236 209 235 236 1
0 235 237 236 235 237 236 1
0 236 237 211 236 237 211 1
0 237 238 211 237 238 211 1
0 211 238 239 211 238 239 1
0 238 240 239 238 240 239 1
0 239 240 234 239 240 234 1
0 241 242 243 241 242 243 1
0 242 244 243 242 244 243 1
0 244 245 243 244 245 243 1
0 243 245 246 243 245 246 1
0 247 241 248 247 241 248 1
0 241 243 248 241 243 248 1
0 248 243 249 248 243 249 1
0 249 243 250 249 243 250 1
0 243 246 250 243 246 250 1
0 250 246 251 250 246 251 1
0 251 246 252 251 246 252 1
0 246 245 252 246 245 252 1
0 252 245 253 252 245 253 1
0 253 245 254 253 245 254 1
0 245 244 254 245 244 254 1
0 244 255 254 244 255 254 1
0 254 255 256 254 255 256 1
0 255 257 256 255 257 256 1
0 247 258 241 247 258 241 1
0 241 258 242 241 258 242 1
0 258 259 242 258 259 242 1
0 259 260 242 259 260 242 1
0 242 260 244 242 260 244 1
0 244 260 255 244 260 255 1
0 260 261 255 260 261 255 1
0 255 261 257 255 261 257 1
0 262 256 263 262 256 263 1
0 263 256 264 263 256 264 1
0 256 257 264 256 257 264 1
0 264 257 265 264 257 265 1
0 265 257 266 265 257 266 1
0 257 261 266 257 261 266 1
0 261 267 266 261 267 266 1
0 266 267 268 266 267 268 1
0 269 270 271 269 270 271 1
0 270 272 271 270 272 271 1
0 271 272 273 271 272 273 1
0 272 274 273 272 274 273 1
0 273 274 275 273 274 275 1
0 274 276 275 274 276 275 1
0 275 276 277 275 276 277 1
0 276 278 277 276 278 277 1
0 270 269 279 270 269 279 1
0 269 280 279 269 280 279 1
0 279 280 281 279 280 281 1
0 280 282 281 280 282 281 1
0 281 282 283 281 282 283 1
0 282 284 283 282 284 283 1
0 283 284 278 283 284 278 1
0 284 277 278 284 277 278 1
0 285 286 287 285 286 287 1
0 286 288 287 286 288 287 1
0 287 288 289 287 288 289 1
0 289 288 290 289 288 290 1
0 288 291 290 288 291 290 1
0 290 291 292 290 291 292 1
0 287 293 285 287 293 285 1
0 293 294 285 293 294 285 1
0 285 294 295 285 294 295 1
0 295 294 296 295 294 296 1
0 296 294 297 296 294 297 1
0 297 294 298 297 294 298 1
0 294 293 298 294 293 298 1
0 293 287 298 293 287 298 1
0 298 287 299 298 287 299 1
0 287 289 299 287 289 299 1
0 299 289 300 299 289 300 1
0 289 290 300 289 290 300 1
0 300 290 301 300 290 301 1
0 290 292 301 290 292 301 1
0 302 303 304 302 303 304 1
0 303 305 304 303 305 304 1
0 305 306 304 305 306 304 1
0 306 307 304 306 307 304 1
0 304 307 302 304 307 302 1
0 308 302 309 308 302 309 1
0 302 307 309 302 307 309 1
0 309 307 310 309 307 310 1
0 307 306 310 307 306 310 1
0 306 305 310 306 305 310 1
0 310 305 311 310 305 311 1
0 305 303 311 305 303 311 1
0 303 302 311 303 302 311 1
0 311 302 308 311 302 308 1
0 309 312 308 309 312 308 1
0 312 313 308 312 313 308 1
0 308 313 314 308 313 314 1
0 313 315 314 313 315 314 1
0 314 315 316 314 315 316 1
0 315 317 316 315 317 316 1
0 317 318 316 317 318 316 1
0 316 318 314 316 318 314 1
0 318 319 314 318 319 314 1
0 314 319 308 314 319 308 1
0 319 320 308 319 320 308 1
0 308 320 311 308 320 311 1
0 320 321 311 320 321 311 1
0 311 321 310 311 321 310 1
0 321 322 310 321 322 310 1
0 310 322 309 310 322 309 1
0 322 323 309 322 323 309 1
0 309 323 312 309 323 312 1
0 323 324 312 323 324 312 1
0 312 324 313 312 324 313 1
0 324 325 313 324 325 313 1
0 313 325 315 313 325 315 1
0 325 326 315 325 326 315 1
0 315 326 317 315 326 317 1
0 326 327 317 326 327 317 1
0 317 327 318 317 327 318 1
0 318 327 319 318 327 319 1
0 327 326 319 327 326 319 1
0 319 326 320 319 326 320 1
0 326 325 320 326 325 320 1
0 320 325 321 320 325 321 1
0 325 324 321 325 324 321 1
0 324 323 321 324 323 321 1
0 321 323 322 321 323 322 1
0 328 329 330 328 329 330 1
0 329 331 330 329 331 330 1
0 331 332 330 331 332 330 1
0 332 333 330 332 333 330 1
0 330 333 328 330 333 328 1
0 333 332 334 333 332 334 1
0 334 332 335 334 332 335 1
0 332 331 335 332 331 335 1
0 335 331 336 335 331 336 1
0 331 329 336 331 329 336 1
0 329 337 336 329 337 336 1
0 336 337 335 336 337 335 1
0 335 337 338 335 337 338 1
0 337 339 338 337 339 338 1
0 339 340 338 339 340 338 1
0 340 341 338 340 341 338 1
0 338 341 335 338 341 335 1
0 335 341 334 335 341 334 1
0 341 342 334 341 342 334 1
0 343 344 342 343 344 342 1
0 344 345 342 344 345 342 1
0 342 345 334 342 345 334 1
0 345 346 334 345 346 334 1
0 334 346 333 334 346 333 1
0 346 343 333 346 343 333 1
0 333 343 328 333 343 328 1
0 343 342 328 343 342 328 1
0 328 342 329 328 342 329 1
0 342 347 329 342 347 329 1
0 329 347 337 329 347 337 1
0 347 348 337 347 348 337 1
0 337 348 339 337 348 339 1
0 348 340 339 348 340 339 1
0 342 341 347 342 341 347 1
0 341 349 347 341 349 347 1
0 347 349 348 347 349 348 1
0 348 349 340 348 349 340 1
0 349 341 340 349 341 340 1
0 344 343 350 344 343 350 1
0 350 343 351 350 343 351 1
0 343 346 351 343 346 351 1
0 351 346 352 351 346 352 1
0 346 345 352 346 345 352 1
0 352 345 353 352 345 353 1
0 345 344 353 345 344 353 1
0 344 350 353 344 350 353 1
0 350 351 353 350 351 353 1
0 353 351 352 353 351 352 1
0 183 185 189 183 185 189 1
0 189 185 222 189 185 222 1
0 222 185 220 222 185 220 1
0 185 188 220 185 188 220 1
0 220 188 207 220 188 207 1
0 188 200 207 188 200 207 1
0 195 198 354 195 198 354 1
0 198 187 354 198 187 354 1
0 187 186 354 187 186 354 1
0 186 184 354 186 184 354 1
0 184 193 354 184 193 354 1
0 354 193 195 354 193 195 1
0 355 356 357 355 356 357 1
0 356 358 357 356 358 357 1
0 357 358 359 357 358 359 1
0 358 360 359 358 360 359 1
0 359 360 361 359 360 361 1
0 360 362 361 360 362 361 1
0 362 357 361 362 357 361 1
0 361 357 359 361 357 359 1
0 363 355 364 363 355 364 1
0 355 357 364 355 357 364 1
0 364 357 365 364 357 365 1
0 357 362 365 357 362 365 1
0 362 360 365 362 360 365 1
0 365 360 366 365 360 366 1
0 360 358 366 360 358 366 1
0 366 358 367 366 358 367 1
0 358 356 367 358 356 367 1
0 367 356 368 367 356 368 1
0 356 355 368 356 355 368 1
0 368 355 363 368 355 363 1
0 369 370 371 369 370 371 1
0 370 372 371 370 372 371 1
0 371 372 373 371 372 373 1
0 372 374 373 372 374 373 1
0 373 374 375 373 374 375 1
0 374 376 375 374 376 375 1
0 376 371 375 376 371 375 1
0 375 371 373 375 371 373 1
0 377 369 378 377 369 378 1
0 369 371 378 369 371 378 1
0 378 371 379 378 371 379 1
0 371 376 379 371 376 379 1
0 379 376 380 379 376 380 1
0 376 374 380 376 374 380 1
0 374 372 380 374 372 380 1
0 380 372 381 380 372 381 1
0 372 370 381 372 370 381 1
0 381 370 382 381 370 382 1
0 370 369 382 370 369 382 1
0 382 369 377 382 369 377 1
0 383 384 385 383 384 385 1
0 385 384 386 385 384 386 1
0 384 387 386 384 387 386 1
0 386 387 388 386 387 388 1
0 388 387 389 388 387 389 1
0 389 387 390 389 387 390 1
0 390 387 391 390 387 391 1
0 387 384 391 387 384 391 1
0 384 383 391 384 383 391 1
0 383 392 391 383 392 391 1
0 391 392 390 391 392 390 1
0 392 393 390 392 393 390 1
0 390 393 389 390 393 389 1
0 393 394 389 393 394 389 1
0 389 394 388 389 394 388 1
0 394 395 388 394 395 388 1
0 388 395 386 388 395 386 1
0 386 395 385 386 395 385 1
0 395 396 385 395 396 385 1
0 396 397 385 396 397 385 1
0 385 397 383 385 397 383 1
0 397 398 383 397 398 383 1
0 383 398 392 383 398 392 1
0 398 399 392 398 399 392 1
0 392 399 393 392 399 393 1
0 399 400 393 399 400 393 1
0 393 400 394 393 400 394 1
0 400 401 394 400 401 394 1
0 394 401 395 394 401 395 1
0 395 401 396 395 401 396 1
0 401 402 396 401 402 396 1
0 402 403 396 402 403 396 1
0 396 403 397 396 403 397 1
0 403 404 397 403 404 397 1
0 397 404 398 397 404 398 1
0 404 405 398 404 405 398 1
0 398 405 399 398 405 399 1
0 405 406 399 405 406 399 1
0 399 406 400 399 406 400 1
0 406 407 400 406 407 400 1
0 400 407 401 400 407 401 1
0 401 407 402 401 407 402 1
0 407 408 402 407 408 402 1
0 408 409 402 408 409 402 1
0 402 409 403 402 409 403 1
0 409 410 403 409 410 403 1
0 403 410 404 403 410 404 1
0 410 411 404 410 411 404 1
0 404 411 405 404 411 405 1
0 411 412 405 411 412 405 1
0 405 412 406 405 412 406 1
0 412 413 406 412 413 406 1
0 406 413 407 406 413 407 1
0 407 413 408 407 413 408 1
0 413 414 408 413 414 408 1
0 414 415 408 414 415 408 1
0 408 415 409 408 415 409 1
0 415 416 409 415 416 409 1
0 409 416 410 409 416 410 1
0 416 417 410 416 417 410 1
0 410 417 411 410 417 411 1
0 417 418 411 417 418 411 1
0 411 418 412 411 418 412 1
0 418 419 412 418 419 412 1
0 420 419 421 420 419 421 1
0 419 418 421 419 418 421 1
0 421 418 422 421 418 422 1
0 418 417 422 418 417 422 1
0 422 417 423 422 417 423 1
0 417 416 423 417 416 423 1
0 423 416 424 423 416 424 1
0 416 415 424 416 415 424 1
0 424 415 425 424 415 425 1
0 415 414 425 415 414 425 1
0 425 414 420 425 414 420 1
0 420 414 419 420 414 419 1
0 414 413 419 414 413 419 1
0 419 413 412 419 413 412 1
0 426 427 428 426 427 428 1
0 428 427 429 428 427 429 1
0 427 430 429 427 430 429 1
0 429 430 431 429 430 431 1
0 431 430 432 431 430 432 1
0 432 430 433 432 430 433 1
0 433 430 434 433 430 434 1
0 430 427 434 430 427 434 1
0 427 426 434 427 426 434 1
0 426 435 434 426 435 434 1
0 434 435 433 434 435 433 1
0 435 436 433 435 436 433 1
0 433 436 432 433 436 432 1
0 436 437 432 436 437 432 1
0 432 437 431 432 437 431 1
0 437 438 431 437 438 431 1
0 431 438 429 431 438 429 1
0 429 438 428 429 438 428 1
0 438 439 428 438 439 428 1
0 439 440 428 439 440 428 1
0 428 440 426 428 440 426 1
0 440 441 426 440 441 426 1
0 426 441 435 426 441 435 1
0 441 442 435 441 442 435 1
0 435 442 436 435 442 436 1
0 442 443 436 442 443 436 1
0 436 443 437 436 443 437 1
0 443 444 437 443 444 437 1
0 437 444 438 437 444 438 1
0 438 444 439 438 444 439 1
0 444 445 439 444 445 439 1
0 445 446 439 445 446 439 1
0 439 446 440 439 446 440 1
0 446 447 440 446 447 440 1
0 440 447 441 440 447 441 1
0 447 448 441 447 448 441 1
0 441 448 442 441 448 442 1
0 448 449 442 448 449 442 1
0 442 449 443 442 449 443 1
0 449 450 443 449 450 443 1
0 443 450 444 443 450 444 1
0 444 450 445 444 450 445 1
0 450 451 445 450 451 445 1
0 451 452 445 451 452 445 1
0 445 452 446 445 452 446 1
0 452 453 446 452 453 446 1
0 446 453 447 446 453 447 1
0 453 454 447 453 454 447 1
0 447 454 448 447 454 448 1
0 454 455 448 454 455 448 1
0 448 455 449 448 455 449 1
0 455 456 449 455 456 449 1
0 449 456 450 449 456 450 1
0 450 456 451 450 456 451 1
0 456 457 451 456 457 451 1
0 457 458 451 457 458 451 1
0 451 458 452 451 458 452 1
0 458 459 452 458 459 452 1
0 452 459 453 452 459 453 1
0 459 460 453 459 460 453 1
0 453 460 454 453 460 454 1
0 460 461 454 460 461 454 1
0 454 461 455 454 461 455 1
0 461 462 455 461 462 455 1
0 463 462 464 463 462 464 1
0 462 461 464 462 461 464 1
0 464 461 465 464 461 465 1
0 461 460 465 461 460 465 1
0 465 460 466 465 460 466 1
0 460 459 466 460 459 466 1
0 466 459 467 466 459 467 1
0 459 458 467 459 458 467 1
0 467 458 468 467 458 468 1
0 458 457 468 458 457 468 1
0 468 457 463 468 457 463 1
0 463 457 462 463 457 462 1
0 457 456 462 457 456 462 1
0 462 456 455 462 456 455 1
"Tex_0016_0_dds" 0 1
19
0 -0.000211 0.608879 1.312970 0.002590 1.574673 10
0 0.144420 0.610913 1.119750 0.106810 1.573394 10
0 -0.000346 0.686522 1.318841 0.002590 1.527838 10
0 0.422414 0.270627 0.931230 0.290695 1.733203 10
0 0.583292 0.729872 0.963735 0.398283 1.525958 10
0 -0.000739 0.910933 1.085151 0.002590 1.433119 10
0 -0.144851 0.610408 1.119751 0.106810 1.573394 10
0 -0.000075 0.530952 1.188583 0.002590 1.621555 10
0 0.232468 0.046045 0.953189 0.164591 1.867036 10
0 0.574866 0.878405 0.881419 0.392861 1.453133 10
0 -0.001372 1.273870 1.115335 0.010798 1.205153 10
0 0.272024 1.415020 0.941994 0.192449 1.120103 10
0 -0.001964 1.612530 0.993376 0.010798 1.008079 10
0 -0.275262 1.414068 0.941996 0.192449 1.120103 10
0 -0.576229 0.876393 0.881423 0.392861 1.453133 10
0 -0.584137 0.727835 0.963739 0.398283 1.525958 10
0 -0.421656 0.269151 0.931233 0.290695 1.733203 10
0 -0.230928 0.045235 0.953190 0.164591 1.867036 10
0 0.000898 -0.027293 0.977179 0.011084 1.912663 10
19
0.001019 -0.580113 0.814535
0.586701 -0.101868 0.803371
-0.000617 0.357171 0.934039
0.365894 -0.204119 0.907996
0.333917 0.179074 0.925436
-0.000561 0.323560 0.946207
-0.586334 -0.103915 0.803377
0.000847 -0.482037 0.876150
0.357403 -0.246400 0.900861
0.381987 0.192494 0.903898
-0.000252 0.147026 0.989133
0.428565 0.239709 0.871132
-0.000586 0.338821 0.940851
-0.429390 0.238211 0.871137
-0.382650 0.191160 0.903901
-0.334534 0.177910 0.925438
-0.365174 -0.205395 0.907998
-0.356533 -0.247647 0.900864
0.000622 -0.354149 0.935189
24
0 0 1 2 0 1 2 1
0 3 4 1 3 4 1 1
0 4 5 1 4 5 1 1
0 1 5 2 1 5 2 1
0 5 6 2 5 6 2 1
0 2 6 0 2 6 0 1
0 6 7 0 6 7 0 1
0 0 7 1 0 7 1 1
0 7 8 1 7 8 1 1
0 1 8 3 1 8 3 1
0 4 9 5 4 9 5 1
0 5 9 10 5 9 10 1
0 9 11 10 9 11 10 1
0 11 12 10 11 12 10 1
0 12 13 10 12 13 10 1
0 13 14 10 13 14 10 1
0 10 14 5 10 14 5 1
0 14 15 5 14 15 5 1
0 5 15 6 5 15 6 1
0 15 16 6 15 16 6 1
0 16 17 6 16 17 6 1
0 6 17 7 6 17 7 1
0 17 18 7 17 18 7 1
0 18 8 7 18 8 7 1

Materials: 2
"Tex_0013_0_dds"
1.000000 1.000000 1.000000 1.000000
0.800000 0.800000 0.800000 1.000000
0.500000 0.500000 0.500000 1.000000
0.000000 0.000000 0.000000 1.000000
0.185600
1.000000
"Tex_0013_0.jpg"
""
"Tex_0016_0_dds"
1.000000 1.000000 1.000000 1.000000
0.800000 0.800000 0.800000 1.000000
0.500000 0.500000 0.500000 1.000000
0.000000 0.000000 0.000000 1.000000
0.185600
1.000000
"Face.ini"
""

Bones: 19
"12.joint_HipMaster"
""
8 0.000000 0.000000 0.000000 0.000000 -0.000000 0.000000
1
1.000000 0.000000 0.000000 0.000000
1
1.000000 0.000000 -0.000000 0.000000
"28.joint_RightHip"
"12.joint_HipMaster"
8 0.000000 0.000000 0.000000 0.000000 -0.000000 0.000000
1
1.000000 0.000000 0.000000 0.000000
1
1.000000 0.000000 -0.000000 0.000000
"29.!joint_RightKnee"
"28.joint_RightHip"
8 0.000000 0.000000 0.000000 0.000000 -0.000000 0.000000
1
1.000000 0.000000 0.000000 0.000000
1
1.000000 0.000000 -0.000000 0.000000
"30.!joint_RightFoot"
"29.!joint_RightKnee"
8 0.000000 0.000000 0.000000 0.000000 -0.000000 0.000000
1
1.000000 0.000000 0.000000 0.000000
1
1.000000 0.000000 -0.000000 0.000000
"32.joint_LeftHip"
"12.joint_HipMaster"
8 0.000000 0.000000 0.000000 0.000000 -0.000000 0.000000
1
1.000000 0.000000 0.000000 0.000000
1
1.000000 0.000000 -0.000000 0.000000
"33.!joint_LeftKnee"
"32.joint_LeftHip"
8 0.000000 0.000000 0.000000 0.000000 -0.000000 0.000000
1
1.000000 0.000000 0.000000 0.000000
1
1.000000 0.000000 -0.000000 0.000000
"34.!joint_LeftFoot"
"33.!joint_LeftKnee"
8 0.000000 0.000000 0.000000 0.000000 -0.000000 0.000000
1
1.000000 0.000000 0.000000 0.000000
1
1.000000 0.000000 -0.000000 0.000000
"10.joint_Torso"
"12.joint_HipMaster"
8 0.000000 0.000000 0.000000 0.000000 -0.000000 0.000000
1
1.000000 0.000000 0.000000 0.000000
1
1.000000 0.000000 -0.000000 0.000000
"11.joint_Torso2"
"10.joint_Torso"
8 0.000000 0.000000 0.000000 0.000000 -0.000000 0.000000
1
1.000000 0.000000 0.000000 0.000000
1
1.000000 0.000000 -0.000000 0.000000
"13.joint_Neck"
"11.joint_Torso2"
8 0.000000 0.000000 0.000000 0.000000 -0.000000 0.000000
1
1.000000 0.000000 0.000000 0.000000
1
1.000000 0.000000 -0.000000 0.000000
"14.joint_Head"
"13.joint_Neck"
8 0.000000 0.000000 0.000000 0.000000 -0.000000 0.000000
1
1.000000 0.000000 0.000000 0.000000
1
1.000000 0.000000 -0.000000 0.000000
"16.joint_RightShoulder"
"11.joint_Torso2"
8 0.000000 0.000000 0.000000 0.000000 -0.000000 0.000000
1
1.000000 0.000000 0.000000 0.000000
1
1.000000 0.000000 -0.000000 0.000000
"18.joint_RightArm"
"16.joint_RightShoulder"
8 0.000000 0.000000 0.000000 0.000000 -0.000000 0.000000
1
1.000000 0.000000 0.000000 0.000000
1
1.000000 0.000000 -0.000000 0.000000
"19.joint_RightElbow"
"18.joint_RightArm"
8 0.000000 0.000000 0.000000 0.000000 -0.000000 0.000000
1
1.000000 0.000000 0.000000 0.000000
1
1.000000 0.000000 -0.000000 0.000000
"20.joint_RightWrist"
"19.joint_RightElbow"
8 0.000000 0.000000 0.000000 0.000000 -0.000000 0.000000
1
1.000000 0.000000 0.000000 0.000000
1
1.000000 0.000000 -0.000000 0.000000
"22.joint_LeftShoulder"
"11.joint_Torso2"
8 0.000000 0.000000 0.000000 0.000000 -0.000000 0.000000
1
1.000000 0.000000 0.000000 0.000000
1
1.000000 0.000000 -0.000000 0.000000
"24.joint_LeftArm"
"22.joint_LeftShoulder"
8 0.000000 0.000000 0.000000 0.000000 -0.000000 0.000000
1
1.000000 0.000000 0.000000 0.000000
1
1.000000 0.000000 -0.000000 0.000000
"25.joint_LeftElbow"
"24.joint_LeftArm"
8 0.000000 0.000000 0.000000 0.000000 -0.000000 0.000000
1
1.000000 0.000000 0.000000 0.000000
1
1.000000 0.000000 -0.000000 0.000000
"26.joint_LeftWrist"
"25.joint_LeftElbow"
8 0.000000 0.000000 0.000000 0.000000 -0.000000 0.000000
1
1.000000 0.000000 0.000000 0.000000
1
1.000000 0.000000 -0.000000 0.000000
GroupComments: 0
MaterialComments: 0
BoneComments: 0
ModelComment: 0
