Bones: 19
"12.joint_HipMaster"
""
8 0 0 0 0 -0 0
29
0.000001 0 9.012754 -0.379582
2.666667 0 9.002094 -0.379525
4 0 8.991104 -0.379459
5.333333 0 8.980443 -0.379403
6.666667 0 8.969781 -0.379346
8 0 8.958791 -0.379290
9.333334 0 8.948131 -0.379224
10.666667 0 8.890029 -0.379168
12 0 8.829739 -0.379111
13.333334 0 8.728936 -0.379055
14.666666 0 8.628144 -0.378999
16 0 8.524296 -0.378933
17.333334 0 8.423494 -0.378876
18.666668 0 8.322701 -0.378820
20 0 8.218854 -0.378764
21.333334 0 8.118052 -0.378698
22.666668 0 8.072070 -0.378641
24 0 8.025167 -0.378585
25.333334 0 8.025316 -0.378529
26.666668 0 8.025458 -0.378472
28 0 8.075004 -0.378406
29.333332 0 8.123561 -0.378350
30.666668 0 8.241897 -0.378294
32 0 8.364218 -0.378228
33.333336 0 8.522039 -0.378171
34.666668 0 8.679871 -0.378115
36 0 8.841734 -0.378058
37.333336 0 8.925811 -0.378002
40 0 9.009888 -0.377936
29
0.000001 3.141592 -0 -3.141592
2.666667 3.141592 -0 -3.141592
4 3.141592 -0 -3.141592
5.333333 3.141592 -0 -3.141592
6.666667 3.141592 -0 -3.141592
8 3.141592 -0 -3.141592
9.333334 3.141592 -0 -3.141592
10.666667 3.141592 -0 -3.141592
12 3.141592 -0 -3.141592
13.333334 3.141592 -0 -3.141592
14.666666 3.141592 -0 -3.141592
16 3.141592 -0 -3.141592
17.333334 3.141592 -0 -3.141592
18.666668 3.141592 -0 -3.141592
20 3.141592 -0 -3.141592
21.333334 3.141592 -0 -3.141592
22.666668 3.141592 -0 -3.141592
24 3.141592 -0 -3.141592
25.333334 3.141592 -0 -3.141592
26.666668 3.141592 -0 -3.141592
28 3.141592 -0 -3.141592
29.333332 3.141592 -0 -3.141592
30.666668 3.141592 -0 -3.141592
32 3.141592 -0 -3.141592
33.333336 3.141592 -0 -3.141592
34.666668 3.141592 -0 -3.141592
36 3.141592 -0 -3.141592
37.333336 3.141592 -0 -3.141592
40 3.141592 -0 -3.141592
"28.joint_RightHip"
"12.joint_HipMaster"
8 0 0 0 0 -0 0
2
0.000001 -0.898729 -1.207698 -0.131176
40 -0.898729 -1.207698 -0.131176
29
0.000001 -0.127750 -0.002437 -0.000440
2.666667 -0.133271 -0.002559 -0.000480
4 -0.140616 -0.002684 -0.000521
5.333333 -0.147762 -0.002806 -0.000561
6.666667 -0.154907 -0.002928 -0.000600
8 -0.161364 -0.003053 -0.000642
9.333334 -0.167622 -0.003175 -0.000681
10.666667 -0.192496 -0.003296 -0.000721
12 -0.227252 -0.004043 -0.000762
13.333334 -0.280593 -0.004774 -0.000802
14.666666 -0.333934 -0.005504 -0.000842
16 -0.372351 -0.006257 -0.000883
17.333334 -0.403657 -0.006988 -0.000923
18.666668 -0.438390 -0.007718 -0.000963
20 -0.474075 -0.008466 -0.001003
21.333334 -0.498880 -0.008729 -0.000974
22.666668 -0.515857 -0.008991 -0.000944
24 -0.523763 -0.009262 -0.000914
25.333334 -0.527266 -0.009524 -0.000884
26.666668 -0.524582 -0.009232 -0.000855
28 -0.513662 -0.008930 -0.000825
29.333332 -0.495487 -0.008637 -0.000795
30.666668 -0.467858 -0.008345 -0.000766
32 -0.421500 -0.007239 -0.000735
33.333336 -0.363369 -0.006159 -0.000706
34.666668 -0.292319 -0.005078 -0.000674
36 -0.219325 -0.003965 -0.000641
37.333336 -0.168995 -0.002884 -0.000609
40 -0.136485 -0.002454 -0.000577
"29.!joint_RightKnee"
"28.joint_RightHip"
8 0 0 0 0 -0 0
2
0.000001 0.176033 -3.406617 -0.240880
40 0.176033 -3.406617 -0.240880
29
0.000001 0.240936 -0 0
2.666667 0.251570 -0 0
4 0.265825 -0 0
5.333333 0.279693 -0 0
6.666667 0.293561 -0 0
8 0.304955 -0 0
9.333334 0.317525 -0 0
10.666667 0.365069 -0 0
12 0.433362 -0 0
13.333334 0.536323 -0 0
14.666666 0.639283 -0 0
16 0.713894 -0 0
17.333334 0.775091 -0 0
18.666668 0.843644 -0 0
20 0.912014 -0 0
21.333334 0.961450 -0 0
22.666668 0.994749 -0 0
24 1.010685 -0 0
25.333334 1.017389 -0 0
26.666668 1.012349 -0 0
28 0.991268 -0 0
29.333332 0.955757 -0 0
30.666668 0.900458 -0 0
32 0.810645 -0 0
33.333336 0.697180 -0 0
34.666668 0.559074 -0 0
36 0.418282 -0 0
37.333336 0.320435 -0 0
40 0.257831 -0 0
"30.!joint_RightFoot"
"29.!joint_RightKnee"
8 0 0 0 0 -0 0
2
0.000001 -0.053873 -3.844477 -0.524989
40 -0.053873 -3.844477 -0.524989
29
0.000001 -0.076963 0.002892 0.000861
2.666667 -0.086575 0.002956 0.000907
4 -0.098420 0.003022 0.000955
5.333333 -0.109935 0.003087 0.001001
6.666667 -0.119660 0.003151 0.001047
8 -0.127181 0.003217 0.001095
9.333334 -0.135647 0.003281 0.001141
10.666667 -0.162429 0.003346 0.001187
12 -0.210015 0.004101 0.001235
13.333334 -0.263335 0.004840 0.001281
14.666666 -0.310339 0.005579 0.001426
16 -0.345385 0.006341 0.001575
17.333334 -0.373527 0.007080 0.001719
18.666668 -0.407900 0.007819 0.001864
20 -0.437871 0.008581 0.002012
21.333334 -0.462933 0.009320 0.002157
22.666668 -0.478738 0.009407 0.002301
24 -0.489101 0.009496 0.002450
25.333334 -0.490776 0.009583 0.002595
26.666668 -0.487390 0.009670 0.002416
28 -0.480264 0.009754 0.002233
29.333332 -0.464153 0.009310 0.002054
30.666668 -0.433940 0.008866 0.001876
32 -0.393997 0.007521 0.001692
33.333336 -0.338473 0.006206 0.001514
34.666668 -0.274530 0.004892 0.001335
36 -0.203355 0.003548 0.001064
37.333336 -0.138355 0.003240 0.000800
40 -0.091178 0.002933 0.000536
"32.joint_LeftHip"
"12.joint_HipMaster"
8 0 0 0 0 -0 0
2
0.000001 0.829650 -1.207699 -0.131176
40 0.829650 -1.207699 -0.131176
29
0.000001 -0.175602 0.002112 0.000457
2.666667 -0.183791 0.002126 0.000460
4 -0.193117 0.002140 0.000463
5.333333 -0.202178 0.002154 0.000465
6.666667 -0.203177 0.002168 0.000468
8 -0.204285 0.002186 0.000471
9.333334 -0.213021 0.002555 0.000474
10.666667 -0.236504 0.002924 0.000477
12 -0.276374 0.003304 0.000479
13.333334 -0.324859 0.003672 0.000482
14.666666 -0.371769 0.004041 0.000485
16 -0.407150 0.004348 0.000488
17.333334 -0.435059 0.004645 0.000491
18.666668 -0.467346 0.004943 0.000473
20 -0.500513 0.005249 0.000454
21.333334 -0.523085 0.005546 0.000436
22.666668 -0.538579 0.005843 0.000418
24 -0.547440 0.006145 0.000400
25.333334 -0.549835 0.006016 0.000382
26.666668 -0.547807 0.005886 0.000364
28 -0.538438 0.005753 0.000346
29.333332 -0.521215 0.005624 0.000328
30.666668 -0.495003 0.005494 0.000310
32 -0.451805 0.004907 0.000291
33.333336 -0.398507 0.004333 0.000274
34.666668 -0.335750 0.003759 0.000256
36 -0.271172 0.003168 0.000237
37.333336 -0.216400 0.002594 0.000244
40 -0.189589 0.002020 0.000251
"33.!joint_LeftKnee"
"32.joint_LeftHip"
8 0 0 0 0 -0 0
2
0.000001 -0.116069 -3.406617 -0.240879
40 -0.116069 -3.406617 -0.240879
29
0.000001 0.340210 -0 0
2.666667 0.356103 -0 0
4 0.374054 -0 0
5.333333 0.391492 -0 0
6.666667 0.394297 -0 0
8 0.397328 -0 0
9.333334 0.414088 -0 0
10.666667 0.459253 -0 0
12 0.535689 -0 0
13.333334 0.629232 -0 0
14.666666 0.721052 -0 0
16 0.789100 -0 0
17.333334 0.844597 -0 0
18.666668 0.908712 -0 0
20 0.972467 -0 0
21.333334 1.018186 -0 0
22.666668 1.049101 -0 0
24 1.066379 -0 0
25.333334 1.070920 -0 0
26.666668 1.066973 -0 0
28 1.048599 -0 0
29.333332 1.014552 -0 0
30.666668 0.962143 -0 0
32 0.877973 -0 0
33.333336 0.773462 -0 0
34.666668 0.650433 -0 0
36 0.525168 -0 0
37.333336 0.420261 -0 0
40 0.367226 -0 0
"34.!joint_LeftFoot"
"33.!joint_LeftKnee"
8 0 0 0 0 -0 0
2
0.000001 0.040680 -3.844475 -0.524990
40 0.040680 -3.844475 -0.524990
29
0.000001 -0.156825 0.038386 -0.000004
2.666667 -0.164647 0.038285 -0.000004
4 -0.174245 0.038182 -0.000004
5.333333 -0.183575 0.038082 -0.000004
6.666667 -0.192904 0.037981 -0.000004
8 -0.201279 0.037878 -0.000004
9.333334 -0.207909 0.037778 -0.000004
10.666667 -0.229826 0.037678 -0.000004
12 -0.266060 0.037209 -0.000004
13.333334 -0.309754 0.036752 -0.000004
14.666666 -0.352269 0.036294 -0.000004
16 -0.383055 0.035822 -0.000004
17.333334 -0.410130 0.035364 -0.000004
18.666668 -0.442082 0.034907 -0.000004
20 -0.470918 0.034827 -0.000003
21.333334 -0.496109 0.034754 -0.000003
22.666668 -0.511761 0.034680 -0.000003
24 -0.520057 0.034605 -0.000003
25.333334 -0.522785 0.034531 -0.000003
26.666668 -0.519318 0.034458 -0.000003
28 -0.511021 0.034385 -0.000003
29.333332 -0.495268 0.034552 -0.000003
30.666668 -0.466961 0.034719 -0.000003
32 -0.429219 0.034897 -0.000003
33.333336 -0.377432 0.035663 -0.000003
34.666668 -0.318562 0.036429 -0.000003
36 -0.259868 0.037219 -0.000003
37.333336 -0.209341 0.037985 -0.000003
40 -0.168197 0.038094 -0.000003
"10.joint_Torso"
"12.joint_HipMaster"
8 0 0 0 0 -0 0
2
0.000001 -0.005759 0.043689 0.001089
40 -0.005759 0.043689 0.001089
29
0.000001 -0.046957 0 0
2.666667 -0.044374 0 0
4 -0.041713 0 0
5.333333 -0.039131 0 0
6.666667 -0.036548 0 0
8 -0.033887 0 0
9.333334 -0.031304 0 0
10.666667 -0.028722 0 0
12 -0.026061 0 0
13.333334 -0.023478 0 0
14.666666 -0.020896 0 0
16 -0.018235 0 0
17.333334 -0.015652 0 0
18.666668 -0.013070 0 0
20 -0.010409 0 0
21.333334 -0.007826 0 0
22.666668 -0.005243 0 0
24 -0.002583 0 0
25.333334 0 -0 0
26.666668 -0.004950 0 0
28 -0.010050 0 0
29.333332 -0.015000 0 0
30.666668 -0.019950 0 0
32 -0.025050 0 0
33.333336 -0.030000 0 0
34.666668 -0.034950 0 0
36 -0.040050 0 0
37.333336 -0.045000 0 0
40 -0.049950 0 0
"11.joint_Torso2"
"10.joint_Torso"
8 0 0 0 0 -0 0
2
0.000001 -0 1.093757 -0.036071
40 -0 1.093757 -0.036071
29
0.000001 0 -0 0
2.666667 0 -0 0
4 0 -0 0
5.333333 0 -0 0
6.666667 0 -0 0
8 0 -0 0
9.333334 0 -0 0
10.666667 0 -0 0
12 0 -0 0
13.333334 0 -0 0
14.666666 0 -0 0
16 0 -0 0
17.333334 0 -0 0
18.666668 0 -0 0
20 0 -0 0
21.333334 0 -0 0
22.666668 0 -0 0
24 0 -0 0
25.333334 0 -0 0
26.666668 0 -0 0
28 0 -0 0
29.333332 0 -0 0
30.666668 0 -0 0
32 0 -0 0
33.333336 0 -0 0
34.666668 0 -0 0
36 0 -0 0
37.333336 0 -0 0
40 0 -0 0
"13.joint_Neck"
"11.joint_Torso2"
8 0 0 0 0 -0 0
2
0.000001 0 1.689474 -0.266451
40 0 1.689474 -0.266451
29
0.000001 0.098697 -0 0.007203
2.666667 0.100418 0 0.007203
4 0.102192 -0 0.007203
5.333333 0.103914 -0 0.007203
6.666667 0.105635 0 0.007202
8 0.107409 -0 0.007202
9.333334 0.109131 0 0.007202
10.666667 0.110853 -0 0.007202
12 0.112627 -0 0.007202
13.333334 0.114348 -0 0.007202
14.666666 0.116070 -0 0.007202
16 0.117844 -0 0.007202
17.333334 0.119566 -0 0.007202
18.666668 0.121287 -0 0.007202
20 0.123061 -0 0.007202
21.333334 0.124783 0 0.007202
22.666668 0.126504 0.000001 0.007202
24 0.128278 0.000001 0.007202
25.333334 0.130000 0.000001 0.007202
26.666668 0.126700 0.000001 0.007202
28 0.123300 0.000001 0.007202
29.333332 0.120000 0.000001 0.007202
30.666668 0.116700 0.000001 0.007202
32 0.113301 0.000001 0.007201
33.333336 0.110001 0.000001 0.007201
34.666668 0.106701 0.000001 0.007201
36 0.103301 0.000001 0.007201
37.333336 0.100001 0.000001 0.007201
40 0.096701 0.000001 0.007201
"14.joint_Head"
"13.joint_Neck"
8 0 0 0 0 -0 0
2
0.000001 -0 0.645010 0.006356
40 -0 0.645010 0.006356
29
0.000001 0 0.000133 0
2.666667 0 0.000133 0
4 0 0.000134 0
5.333333 0 0.000134 0
6.666667 0 0.000134 0
8 0 0.000135 0
9.333334 0 0.000135 0
10.666667 0 0.000136 0
12 0 0.000136 0
13.333334 0 0.000137 0
14.666666 0 0.000137 0
16 0 0.000137 0
17.333334 0 0.000138 0
18.666668 0 0.000138 0
20 0 0.000139 0
21.333334 0 0.000139 0
22.666668 0 0.000140 0
24 0 0.000140 0
25.333334 0 0.000140 0
26.666668 0 0.000141 0
28 0 0.000141 0
29.333332 0 0.000142 0
30.666668 0 0.000142 0
32 0 0.000142 0
33.333336 0 0.000143 0
34.666668 0 0.000143 0
36 0 0.000144 0
37.333336 0 0.000144 0
40 0 0.000145 0
"16.joint_RightShoulder"
"11.joint_Torso2"
8 0 0 0 0 -0 0
2
0.000001 -0.573856 1.751414 -0.238216
40 -0.573856 1.751414 -0.238216
1
0.000001 0 -0 0
"18.joint_RightArm"
"16.joint_RightShoulder"
8 0 0 0 0 -0 0
2
0.000001 -0.352261 -0.165338 -0.009176
40 -0.352261 -0.165338 -0.009176
3
0.000001 0 -0 0.698132
26 -0.280760 0.193170 0.588253
40 0 -0 0.698132
"19.joint_RightElbow"
"18.joint_RightArm"
8 0 0 0 0 -0 0
2
0.000001 -1.638190 -1.253508 -0.024857
40 -1.638190 -1.253508 -0.024857
1
0.000001 0 -0 0
"20.joint_RightWrist"
"19.joint_RightElbow"
8 0 0 0 0 -0 0
2
0.000001 -1.770162 -1.373887 0.032934
40 -1.770162 -1.373887 0.032934
1
0.000001 0 -0 0
"22.joint_LeftShoulder"
"11.joint_Torso2"
8 0 0 0 0 -0 0
2
0.000001 0.558032 1.735744 -0.238216
40 0.558032 1.735744 -0.238216
1
0.000001 0 -0 0
"24.joint_LeftArm"
"22.joint_LeftShoulder"
8 0 0 0 0 -0 0
2
0.000001 0.385820 -0.165336 -0.009176
40 0.385820 -0.165336 -0.009176
3
0.000001 0 0 -0.698132
26 -0.280761 -0.193169 -0.588252
40 0 0 -0.698132
"25.joint_LeftElbow"
"24.joint_LeftArm"
8 0 0 0 0 -0 0
2
0.000001 1.638191 -1.253509 -0.024858
40 1.638191 -1.253509 -0.024858
1
0.000001 0 -0 0
"26.joint_LeftWrist"
"25.joint_LeftElbow"
8 0 0 0 0 -0 0
2
0.000001 1.639729 -1.373888 0.032935
40 1.639729 -1.373888 0.032935
1
0.000001 0 -0 0
GroupComments: 0
MaterialComments: 0
BoneComments: 0
ModelComment: 0
