Bones: 19
"12.joint_HipMaster"
""
8 0 0 0 0 -0 0
30
0.000001 0 8.033343 -0.379581
2.666640 0 8.022680 -0.379523
3.999960 0 8.011694 -0.379463
5.333280 0 8.001029 -0.379405
6.666600 0 7.990366 -0.379347
7.999921 0 7.979378 -0.379287
9.333241 0 7.968715 -0.379229
10.666560 0 7.910614 -0.379171
11.999881 0 7.850321 -0.379111
13.333200 0 7.749526 -0.379053
14.666521 0 7.648729 -0.378995
15.999842 0 7.544879 -0.378935
17.333160 0 7.444084 -0.378877
18.666481 0 7.343288 -0.378819
19.999802 0 7.239437 -0.378759
21.333120 0 7.138641 -0.378701
22.666441 0 7.092659 -0.378643
23.999762 0 7.045751 -0.378584
25.333080 0 7.045897 -0.378526
26.666401 0 7.046045 -0.378468
27.999722 0 7.095586 -0.378408
29.333042 0 7.144145 -0.378350
30.666363 0 7.262480 -0.378292
31.999683 0 7.384799 -0.378232
33.333000 0 7.542628 -0.378174
34.666321 0 7.700457 -0.378116
35.999641 0 7.862322 -0.378056
37.332962 0 7.946397 -0.377998
38.666283 0 8.030472 -0.377940
40 0 8.045522 -0.377880
30
0.000001 3.141592 -0 3.141592
2.666640 3.141592 -0 3.141592
3.999960 3.141592 -0 3.141592
5.333280 3.141592 -0 3.141592
6.666600 3.141592 -0 3.141592
7.999921 3.141592 -0 3.141592
9.333241 3.141592 -0 3.141592
10.666560 3.141592 -0 3.141592
11.999881 3.141592 -0 3.141592
13.333200 3.141592 -0 3.141592
14.666521 3.141592 -0 3.141592
15.999842 3.141592 -0 3.141592
17.333160 3.141592 -0 3.141592
18.666481 3.141592 -0 3.141592
19.999802 3.141592 -0 3.141592
21.333120 3.141592 -0 3.141592
22.666441 3.141592 -0 3.141592
23.999762 3.141592 -0 3.141592
25.333080 3.141592 -0 3.141592
26.666401 3.141592 -0 3.141592
27.999722 3.141592 -0 3.141592
29.333042 3.141592 -0 3.141592
30.666363 3.141592 -0 3.141592
31.999683 3.141592 -0 3.141592
33.333000 3.141592 -0 3.141592
34.666321 3.141592 -0 3.141592
35.999641 3.141592 -0 3.141592
37.332962 3.141592 -0 3.141592
38.666283 3.141592 -0 3.141592
40 3.141592 -0 3.141592
"28.joint_RightHip"
"12.joint_HipMaster"
8 0 0 0 0 -0 0
2
0.000001 -0.674223 -0.727982 -0.131176
40 -0.674223 -0.727982 -0.131176
30
0.000001 -0.102373 0.002748 0.000252
2.666640 -0.109105 0.002891 0.000302
3.999960 -0.117395 0.003039 0.000353
5.333280 -0.125455 0.003182 0.000403
6.666600 -0.132399 0.003325 0.000453
7.999921 -0.137750 0.003473 0.000528
9.333241 -0.146711 0.003616 0.000602
10.666560 -0.165825 0.004329 0.000676
11.999881 -0.203649 0.005068 0.000752
13.333200 -0.254908 0.006246 0.000826
14.666521 -0.306166 0.007423 0.000900
15.999842 -0.339963 0.008632 0.000976
17.333160 -0.366987 0.009353 0.001049
18.666481 -0.400641 0.010073 0.001123
19.999802 -0.431156 0.010815 0.001199
21.333120 -0.454725 0.011536 0.001273
22.666441 -0.469548 0.012256 0.001347
23.999762 -0.477517 0.012266 0.001423
25.333080 -0.479536 0.012269 0.001497
26.666401 -0.477104 0.012272 0.001570
27.999722 -0.470046 0.012267 0.001644
29.333042 -0.452818 0.011481 0.001481
30.666363 -0.427354 0.010695 0.001318
31.999683 -0.385535 0.009877 0.001150
33.333000 -0.332880 0.008320 0.000987
34.666321 -0.267965 0.006763 0.000824
35.999641 -0.198599 0.005158 0.000657
37.332962 -0.145968 0.003601 0.000494
38.666283 -0.112112 0.002952 0.000331
40 -0.093238 0.002268 0.000163
"29.!joint_RightKnee"
"28.joint_RightHip"
8 0 0 0 0 -0 0
2
0.000001 -0.133782 -3.476816 -0.240880
40 -0.133782 -3.476816 -0.240880
30
0.000001 0.210947 -0 0
2.666640 0.225399 -0 0
3.999960 0.242715 -0 0
5.333280 0.259546 -0 0
6.666600 0.274721 -0 0
7.999921 0.286279 -0 0
9.333241 0.304970 -0 0
10.666560 0.346329 -0 0
11.999881 0.426819 -0 0
13.333200 0.536998 -0 0
14.666521 0.645927 -0 0
15.999842 0.719788 -0 0
17.333160 0.779257 -0 0
18.666481 0.852812 -0 0
19.999802 0.920509 -0 0
21.333120 0.973239 -0 0
22.666441 1.006887 -0 0
23.999762 1.025242 -0 0
25.333080 1.030007 -0 0
26.666401 1.024482 -0 0
27.999722 1.007373 -0 0
29.333042 0.969347 -0 0
30.666363 0.911756 -0 0
31.999683 0.819660 -0 0
33.333000 0.703979 -0 0
34.666321 0.564032 -0 0
35.999641 0.415804 -0 0
37.332962 0.303773 -0 0
38.666283 0.231891 -0 0
40 0.191509 -0 0
"30.!joint_RightFoot"
"29.!joint_RightKnee"
8 0 0 0 0 -0 0
2
0.000001 -0.030686 -3.274576 -0.524990
40 -0.030686 -3.274576 -0.524990
30
0.000001 -0.079859 -0.003296 0.000115
2.666640 -0.091873 -0.003288 0.000127
3.999960 -0.104249 -0.003283 0.000140
5.333280 -0.116051 -0.003563 0.000153
6.666600 -0.127854 -0.003843 0.000165
7.999921 -0.137381 -0.004092 0.000178
9.333241 -0.146603 -0.004333 0.000191
10.666560 -0.177006 -0.004575 0.000204
11.999881 -0.228065 -0.004833 0.000217
13.333200 -0.287721 -0.006033 0.000229
14.666521 -0.340597 -0.007233 0.000242
15.999842 -0.382057 -0.008465 0.000257
17.333160 -0.416177 -0.009177 0.000483
18.666481 -0.453393 -0.009889 0.000709
19.999802 -0.491639 -0.010623 0.000942
21.333120 -0.519123 -0.011335 0.001168
22.666441 -0.538029 -0.012048 0.001394
23.999762 -0.548580 -0.012077 0.001627
25.333080 -0.552555 -0.012099 0.001853
26.666401 -0.549333 -0.012121 0.001636
27.999722 -0.536215 -0.012135 0.001413
29.333042 -0.517752 -0.011325 0.001196
30.666363 -0.484392 -0.010515 0.000979
31.999683 -0.436725 -0.009673 0.000755
33.333000 -0.372433 -0.008192 0.000505
34.666321 -0.299077 -0.006711 0.000255
35.999641 -0.220202 -0.005185 0
37.332962 -0.149177 -0.003704 0.000017
38.666283 -0.096500 -0.003537 0.000034
40 -0.064366 -0.003334 0.000051
"32.joint_LeftHip"
"12.joint_HipMaster"
8 0 0 0 0 -0 0
2
0.000001 0.674223 -0.727982 -0.131176
40 0.674223 -0.727982 -0.131176
30
0.000001 -0.156486 -0.004167 -0.000723
2.666640 -0.163459 -0.004325 -0.000766
3.999960 -0.174813 -0.004488 -0.000811
5.333280 -0.181219 -0.004646 -0.000854
6.666600 -0.182695 -0.004804 -0.000897
7.999921 -0.187109 -0.004967 -0.000942
9.333241 -0.191422 -0.005125 -0.000985
10.666560 -0.212703 -0.005283 -0.001028
11.999881 -0.250611 -0.006262 -0.001073
13.333200 -0.296069 -0.007221 -0.001116
14.666521 -0.337131 -0.008180 -0.001159
15.999842 -0.370661 -0.009168 -0.001234
17.333160 -0.395462 -0.010127 -0.001307
18.666481 -0.425445 -0.010794 -0.001380
19.999802 -0.454316 -0.011481 -0.001456
21.333120 -0.475430 -0.012148 -0.001529
22.666441 -0.489643 -0.012816 -0.001602
23.999762 -0.497232 -0.012821 -0.001677
25.333080 -0.499301 -0.012820 -0.001750
26.666401 -0.496988 -0.012819 -0.001823
27.999722 -0.489481 -0.012810 -0.001896
29.333042 -0.473368 -0.012075 -0.001775
30.666363 -0.449289 -0.011340 -0.001654
31.999683 -0.411503 -0.010575 -0.001529
33.333000 -0.362639 -0.009143 -0.001407
34.666321 -0.305621 -0.007712 -0.001286
35.999641 -0.245042 -0.006237 -0.001161
37.332962 -0.194151 -0.004805 -0.001040
38.666283 -0.165491 -0.004331 -0.000918
40 -0.143244 -0.003843 -0.000793
"33.!joint_LeftKnee"
"32.joint_LeftHip"
8 0 0 0 0 -0 0
2
0.000001 0.133782 -3.476816 -0.240880
40 0.133782 -3.476816 -0.240880
30
0.000001 0.333661 -0 0
2.666640 0.348603 -0 0
3.999960 0.372311 -0 0
5.333280 0.386342 -0 0
6.666600 0.390816 -0 0
7.999921 0.400473 -0 0
9.333241 0.409894 -0 0
10.666560 0.455522 -0 0
11.999881 0.536297 -0 0
13.333200 0.633317 -0 0
14.666521 0.723847 -0 0
15.999842 0.796410 -0 0
17.333160 0.851747 -0 0
18.666481 0.918521 -0 0
19.999802 0.983317 -0 0
21.333120 1.031680 -0 0
22.666441 1.063980 -0 0
23.999762 1.081455 -0 0
25.333080 1.086491 -0 0
26.666401 1.081232 -0 0
27.999722 1.063455 -0 0
29.333042 1.027352 -0 0
30.666363 0.972443 -0 0
31.999683 0.887668 -0 0
33.333000 0.779159 -0 0
34.666321 0.654679 -0 0
35.999641 0.524307 -0 0
37.332962 0.415616 -0 0
38.666283 0.353138 -0 0
40 0.306992 -0 0
"34.!joint_LeftFoot"
"33.!joint_LeftKnee"
8 0 0 0 0 -0 0
2
0.000001 0.030686 -3.274576 -0.524990
40 0.030686 -3.274576 -0.524990
30
0.000001 -0.168237 0.044405 -0.000133
2.666640 -0.178233 0.044523 -0.000147
3.999960 -0.188533 0.044646 -0.000162
5.333280 -0.198529 0.044764 -0.000177
6.666600 -0.208760 0.044832 -0.000191
7.999921 -0.216310 0.044901 -0.000206
9.333241 -0.224664 0.044969 -0.000221
10.666560 -0.249327 0.045036 -0.000236
11.999881 -0.290486 0.046084 -0.000251
13.333200 -0.340617 0.047110 -0.000265
14.666521 -0.390747 0.048136 -0.000280
15.999842 -0.425463 0.049193 -0.000554
17.333160 -0.457551 0.050220 -0.000822
18.666481 -0.494479 0.051246 -0.001091
19.999802 -0.529648 0.052303 -0.001368
21.333120 -0.557336 0.053329 -0.001636
22.666441 -0.575089 0.053663 -0.001905
23.999762 -0.585463 0.054006 -0.002178
25.333080 -0.588746 0.054340 -0.002054
26.666401 -0.585667 0.053964 -0.001930
27.999722 -0.573977 0.053577 -0.001803
29.333042 -0.556755 0.053201 -0.001679
30.666363 -0.524738 0.051896 -0.001555
31.999683 -0.478106 0.050551 -0.001161
33.333000 -0.418600 0.049246 -0.000777
34.666321 -0.351581 0.047739 -0.000392
35.999641 -0.284505 0.046187 0
37.332962 -0.226611 0.044680 -0.000020
38.666283 -0.181995 0.044409 -0.000040
40 -0.156471 0.044130 -0.000060
"10.joint_Torso"
"12.joint_HipMaster"
8 0 0 0 0 -0 0
2
0.000001 0 0.044083 0.000008
40 0 0.044083 0.000008
30
0.000001 -0.046957 0 0
2.666640 -0.044374 0 0
3.999960 -0.041713 0 0
5.333280 -0.039131 0 0
6.666600 -0.036548 0 0
7.999921 -0.033887 0 0
9.333241 -0.031304 0 0
10.666560 -0.028722 0 0
11.999881 -0.026061 0 0
13.333200 -0.023478 0 0
14.666521 -0.020896 0 0
15.999842 -0.018235 0 0
17.333160 -0.015652 0 0
18.666481 -0.013070 0 0
19.999802 -0.010409 0 0
21.333120 -0.007826 0 0
22.666441 -0.005243 0 0
23.999762 -0.002583 0 0
25.333080 0 -0 0
26.666401 -0.004950 0 0
27.999722 -0.010050 0 0
29.333042 -0.015000 0 0
30.666363 -0.019950 0 0
31.999683 -0.025050 0 0
33.333000 -0.030000 0 0
34.666321 -0.034950 0 0
35.999641 -0.040050 0 0
37.332962 -0.045000 0 0
38.666283 -0.049950 0 0
40 -0.055050 0 0
"11.joint_Torso2"
"10.joint_Torso"
8 0 0 0 0 -0 0
2
0.000001 0 2.073171 -0.036071
40 0 2.073171 -0.036071
30
0.000001 0 -0 0
2.666640 0 -0 0
3.999960 0 -0 0
5.333280 0 -0 0
6.666600 0 -0 0
7.999921 0 -0 0
9.333241 0 -0 0
10.666560 0 -0 0
11.999881 0 -0 0
13.333200 0 -0 0
14.666521 0 -0 0
15.999842 0 -0 0
17.333160 0 -0 0
18.666481 0 -0 0
19.999802 0 -0 0
21.333120 0 -0 0
22.666441 0 -0 0
23.999762 0 -0 0
25.333080 0 -0 0
26.666401 0 -0 0
27.999722 0 -0 0
29.333042 0 -0 0
30.666363 0 -0 0
31.999683 0 -0 0
33.333000 0 -0 0
34.666321 0 -0 0
35.999641 0 -0 0
37.332962 0 -0 0
38.666283 0 -0 0
40 0 -0 0
"13.joint_Neck"
"11.joint_Torso2"
8 0 0 0 0 -0 0
2
0.000001 0 2.094352 -0.266450
40 0 2.094352 -0.266450
30
0.000001 0.098697 -0 0.007203
2.666640 0.100418 0 0.007203
3.999960 0.102192 -0 0.007203
5.333280 0.103914 -0 0.007203
6.666600 0.105635 0 0.007202
7.999921 0.107409 -0 0.007202
9.333241 0.109131 0 0.007202
10.666560 0.110853 -0 0.007202
11.999881 0.112627 -0 0.007202
13.333200 0.114348 -0 0.007202
14.666521 0.116070 -0 0.007202
15.999842 0.117844 -0 0.007202
17.333160 0.119566 -0 0.007202
18.666481 0.121287 -0 0.007202
19.999802 0.123061 -0 0.007202
21.333120 0.124783 0 0.007202
22.666441 0.126504 0.000001 0.007202
23.999762 0.128278 0.000001 0.007202
25.333080 0.130000 0.000001 0.007202
26.666401 0.126700 0.000001 0.007202
27.999722 0.123300 0.000001 0.007202
29.333042 0.120000 0.000001 0.007202
30.666363 0.116700 0.000001 0.007202
31.999683 0.113301 0.000001 0.007201
33.333000 0.110001 0.000001 0.007201
34.666321 0.106701 0.000001 0.007201
35.999641 0.103301 0.000001 0.007201
37.332962 0.100001 0.000001 0.007201
38.666283 0.096701 0.000001 0.007201
40 0.093301 0.000001 0.007201
"14.joint_Head"
"13.joint_Neck"
8 0 0 0 0 -0 0
2
0.000001 0 0.645012 0.006355
40 0 0.645012 0.006355
30
0.000001 0 0.000133 0
2.666640 0 0.000133 0
3.999960 0 0.000134 0
5.333280 0 0.000134 0
6.666600 0 0.000134 0
7.999921 0 0.000135 0
9.333241 0 0.000135 0
10.666560 0 0.000136 0
11.999881 0 0.000136 0
13.333200 0 0.000137 0
14.666521 0 0.000137 0
15.999842 0 0.000137 0
17.333160 0 0.000138 0
18.666481 0 0.000138 0
19.999802 0 0.000139 0
21.333120 0 0.000139 0
22.666441 0 0.000140 0
23.999762 0 0.000140 0
25.333080 0 0.000140 0
26.666401 0 0.000141 0
27.999722 0 0.000141 0
29.333042 0 0.000142 0
30.666363 0 0.000142 0
31.999683 0 0.000142 0
33.333000 0 0.000143 0
34.666321 0 0.000143 0
35.999641 0 0.000144 0
37.332962 0 0.000144 0
38.666283 0 0.000145 0
40 0 0.000145 0
"16.joint_RightShoulder"
"11.joint_Torso2"
8 0 0 0 0 -0 0
2
0.000001 -0.789728 2.120314 -0.238216
40 -0.789728 2.120314 -0.238216
1
0.000001 0 -0 0
"18.joint_RightArm"
"16.joint_RightShoulder"
8 0 0 0 0 -0 0
2
0.000001 -0.645846 -0.165335 -0.009176
40 -0.645846 -0.165335 -0.009176
3
0.000001 0 -0 0.698132
26 -0.280760 0.193170 0.588253
40 0 -0 0.698132
"19.joint_RightElbow"
"18.joint_RightArm"
8 0 0 0 0 -0 0
2
0.000001 -1.638190 -1.253508 -0.024857
40 -1.638190 -1.253508 -0.024857
1
0.000001 0 -0 0
"20.joint_RightWrist"
"19.joint_RightElbow"
8 0 0 0 0 -0 0
2
0.000001 -1.770162 -1.373888 0.032935
40 -1.770162 -1.373888 0.032935
1
0.000001 0 -0 0
"22.joint_LeftShoulder"
"11.joint_Torso2"
8 0 0 0 0 -0 0
2
0.000001 0.761910 2.104643 -0.238216
40 0.761910 2.104643 -0.238216
1
0.000001 0 -0 0
"24.joint_LeftArm"
"22.joint_LeftShoulder"
8 0 0 0 0 -0 0
2
0.000001 0.748484 -0.165335 -0.009176
40 0.748484 -0.165335 -0.009176
3
0.000001 0 0 -0.698132
26 -0.280761 -0.193169 -0.588252
40 0 0 -0.698132
"25.joint_LeftElbow"
"24.joint_LeftArm"
8 0 0 0 0 -0 0
2
0.000001 1.638190 -1.253508 -0.024858
40 1.638190 -1.253508 -0.024858
1
0.000001 0 -0 0
"26.joint_LeftWrist"
"25.joint_LeftElbow"
8 0 0 0 0 -0 0
2
0.000001 1.639729 -1.373888 0.032935
40 1.639729 -1.373888 0.032935
1
0.000001 0 -0 0
GroupComments: 0
MaterialComments: 0
BoneComments: 0
ModelComment: 0