Bones: 19
"12.joint_HipMaster"
""
8 0.000000 0.000000 0.000000 0.000000 -0.000000 0.000000
30
0.000001 -0.523578 8.033343 -0.379581
2.666667 -0.523626 8.022680 -0.379523
4.000000 -0.523675 8.011694 -0.379463
5.333333 -0.523722 8.001029 -0.379405
6.666667 -0.523770 7.990366 -0.379347
8.000000 -0.523819 7.979378 -0.379287
9.333334 -0.523867 7.968715 -0.379229
10.666667 -0.523914 7.910614 -0.379171
12.000000 -0.523963 7.850321 -0.379111
13.333334 -0.524011 7.749526 -0.379053
14.666666 -0.524058 7.648729 -0.378995
16.000000 -0.524107 7.544879 -0.378935
17.333334 -0.524155 7.444084 -0.378877
18.666668 -0.524203 7.343288 -0.378819
20.000000 -0.524252 7.239437 -0.378759
21.333334 -0.524299 7.138641 -0.378702
22.666668 -0.524347 7.092659 -0.378643
24.000000 -0.524396 7.045751 -0.378584
25.333334 -0.524443 7.045897 -0.378526
26.666668 -0.524491 7.046045 -0.378468
28.000000 -0.524540 7.095586 -0.378408
29.333332 -0.524587 7.144145 -0.378350
30.666668 -0.524635 7.262480 -0.378292
32.000000 -0.524684 7.384799 -0.378232
33.333336 -0.524732 7.542628 -0.378174
34.666668 -0.524779 7.700457 -0.378116
36.000000 -0.524828 7.862322 -0.378056
37.333336 -0.524876 7.946397 -0.377998
38.666668 -0.524923 8.030472 -0.377940
40.000000 -0.524972 8.045522 -0.377880
30
0.000001 3.141592 -0.000000 -3.141592
2.666667 3.141592 -0.000000 -3.141592
4.000000 3.141592 -0.000000 -3.141592
5.333333 3.141592 -0.000000 -3.141592
6.666667 3.141592 -0.000000 -3.141592
8.000000 3.141592 -0.000000 -3.141592
9.333334 3.141592 -0.000000 -3.141592
10.666667 3.141592 -0.000000 -3.141592
12.000000 3.141592 -0.000000 -3.141592
13.333334 3.141592 -0.000000 -3.141592
14.666666 3.141592 -0.000000 -3.141592
16.000000 3.141592 -0.000000 -3.141592
17.333334 3.141592 -0.000000 -3.141592
18.666668 3.141592 -0.000000 -3.141592
20.000000 3.141592 -0.000000 -3.141592
21.333334 3.141592 -0.000000 -3.141592
22.666668 3.141592 -0.000000 -3.141592
24.000000 3.141592 -0.000000 -3.141592
25.333334 3.141592 -0.000000 -3.141592
26.666668 3.141592 -0.000000 -3.141592
28.000000 3.141592 -0.000000 -3.141592
29.333332 3.141592 -0.000000 -3.141592
30.666668 3.141592 -0.000000 -3.141592
32.000000 3.141592 -0.000000 -3.141592
33.333336 3.141592 -0.000000 -3.141592
34.666668 3.141592 -0.000000 -3.141592
36.000000 3.141592 -0.000000 -3.141592
37.333336 3.141592 -0.000000 -3.141592
38.666668 3.141592 -0.000000 -3.141592
40.000000 3.141592 -0.000000 -3.141592
"28.joint_RightHip"
"12.joint_HipMaster"
8 0.000000 0.000000 0.000000 0.000000 -0.000000 0.000000
2
0.000001 -0.898729 -0.727985 -0.131176
40.000000 -0.898729 -0.727985 -0.131176
30
0.000001 -0.150780 0.003907 0.000665
2.666667 -0.157607 0.004047 0.000709
4.000000 -0.164662 0.004191 0.000755
5.333333 -0.173613 0.004331 0.000800
6.666667 -0.180956 0.004470 0.000845
8.000000 -0.186009 0.004615 0.000891
9.333334 -0.192998 0.004755 0.000935
10.666667 -0.221140 0.005542 0.000980
12.000000 -0.255740 0.006359 0.001026
13.333334 -0.320230 0.007821 0.001071
14.666666 -0.380432 0.009283 0.001115
16.000000 -0.425176 0.010785 0.001226
17.333334 -0.461372 0.011796 0.001334
18.666668 -0.501777 0.012808 0.001442
20.000000 -0.540630 0.013850 0.001553
21.333334 -0.571557 0.014861 0.001661
22.666668 -0.590448 0.015077 0.001769
24.000000 -0.600052 0.015300 0.001880
25.333334 -0.603158 0.015516 0.001988
26.666668 -0.601481 0.015732 0.002096
28.000000 -0.590692 0.015090 0.001905
29.333332 -0.569169 0.014459 0.001716
30.666668 -0.535524 0.013828 0.001527
32.000000 -0.483924 0.012151 0.001333
33.333336 -0.415059 0.010513 0.001144
34.666668 -0.333046 0.008651 0.000955
36.000000 -0.251506 0.006732 0.000761
37.333336 -0.197672 0.004870 0.000572
38.666668 -0.160130 0.004176 0.000383
40.000000 -0.141180 0.003434 0.000189
"29.!joint_RightKnee"
"28.joint_RightHip"
8 0.000000 0.000000 0.000000 0.000000 -0.000000 0.000000
2
0.000001 -0.133783 -2.906916 -0.240879
40.000000 -0.133783 -2.906916 -0.240879
30
0.000001 0.264663 -0.000000 0.000000
2.666667 0.277138 -0.000000 0.000000
4.000000 0.290024 -0.000000 0.000000
5.333333 0.305777 -0.000000 0.000000
6.666667 0.318800 -0.000000 0.000000
8.000000 0.328229 -0.000000 0.000000
9.333334 0.340716 -0.000000 0.000000
10.666667 0.390816 -0.000000 0.000000
12.000000 0.454621 -0.000000 0.000000
13.333334 0.568690 -0.000000 0.000000
14.666666 0.676648 -0.000000 0.000000
16.000000 0.756858 -0.000000 0.000000
17.333334 0.821526 -0.000000 0.000000
18.666668 0.894869 -0.000000 0.000000
20.000000 0.964789 -0.000000 0.000000
21.333334 1.020030 -0.000000 0.000000
22.666668 1.053540 -0.000000 0.000000
24.000000 1.070955 -0.000000 0.000000
25.333334 1.077069 -0.000000 0.000000
26.666668 1.073196 -0.000000 0.000000
28.000000 1.053715 -0.000000 0.000000
29.333332 1.015216 -0.000000 0.000000
30.666668 0.954621 -0.000000 0.000000
32.000000 0.861896 -0.000000 0.000000
33.333336 0.738736 -0.000000 0.000000
34.666668 0.591941 -0.000000 0.000000
36.000000 0.446587 -0.000000 0.000000
37.333336 0.349126 -0.000000 0.000000
38.666668 0.281778 -0.000000 0.000000
40.000000 0.247468 -0.000000 0.000000
"30.!joint_RightFoot"
"29.!joint_RightKnee"
8 0.000000 0.000000 0.000000 0.000000 -0.000000 0.000000
2
0.000001 -0.030686 -3.844473 -0.524990
40.000000 -0.030686 -3.844473 -0.524990
30
0.000001 -0.077369 -0.004750 0.000059
2.666667 -0.087049 -0.004777 0.000065
4.000000 -0.098282 -0.004804 0.000071
5.333333 -0.109197 -0.004830 0.000076
6.666667 -0.118659 -0.004857 0.000082
8.000000 -0.127044 -0.004884 0.000088
9.333334 -0.135170 -0.004911 0.000094
10.666667 -0.161053 -0.005416 0.000100
12.000000 -0.209165 -0.005946 0.000106
13.333334 -0.258944 -0.007451 0.000112
14.666666 -0.305180 -0.008955 0.000117
16.000000 -0.338160 -0.010500 0.000126
17.333334 -0.364385 -0.011426 0.000432
18.666668 -0.396970 -0.012353 0.000737
20.000000 -0.428068 -0.013308 0.001052
21.333334 -0.448490 -0.014234 0.001358
22.666668 -0.463715 -0.015161 0.001663
24.000000 -0.473452 -0.015185 0.001973
25.333334 -0.476011 -0.015199 0.001829
26.666668 -0.471295 -0.015213 0.001684
28.000000 -0.462318 -0.015219 0.001535
29.333332 -0.447643 -0.014410 0.001391
30.666668 -0.421459 -0.013601 0.001246
32.000000 -0.381630 -0.011748 0.000826
33.333336 -0.331082 -0.009940 0.000415
34.666668 -0.270039 -0.008133 0.000004
36.000000 -0.201503 -0.006281 0.000008
37.333336 -0.137649 -0.005556 0.000015
38.666668 -0.091733 -0.004831 0.000023
40.000000 -0.064066 -0.004640 0.000031
"32.joint_LeftHip"
"12.joint_HipMaster"
8 0.000000 0.000000 0.000000 0.000000 -0.000000 0.000000
2
0.000001 0.829650 -0.727983 -0.131176
40.000000 0.829650 -0.727983 -0.131176
30
0.000001 -0.203639 -0.005240 -0.000900
2.666667 -0.216709 -0.005378 -0.000933
4.000000 -0.219800 -0.005521 -0.000967
5.333333 -0.222699 -0.005660 -0.001000
6.666667 -0.231954 -0.005799 -0.001033
8.000000 -0.239002 -0.005942 -0.001067
9.333334 -0.245817 -0.006080 -0.001100
10.666667 -0.270515 -0.006934 -0.001133
12.000000 -0.313645 -0.007818 -0.001167
13.333334 -0.369623 -0.009032 -0.001200
14.666666 -0.424071 -0.010246 -0.001323
16.000000 -0.464316 -0.011497 -0.001450
17.333334 -0.496675 -0.012711 -0.001574
18.666668 -0.534603 -0.013683 -0.001697
20.000000 -0.571313 -0.014683 -0.001825
21.333334 -0.599915 -0.015655 -0.001948
22.666668 -0.616830 -0.015865 -0.002072
24.000000 -0.628301 -0.016081 -0.002199
25.333334 -0.630515 -0.016292 -0.002322
26.666668 -0.628759 -0.016502 -0.002446
28.000000 -0.617593 -0.015886 -0.002271
29.333332 -0.597557 -0.015280 -0.002098
30.666668 -0.566221 -0.014674 -0.001925
32.000000 -0.519229 -0.012951 -0.001747
33.333336 -0.455984 -0.011268 -0.001574
34.666668 -0.381315 -0.009586 -0.001401
36.000000 -0.306595 -0.007805 -0.001223
37.333336 -0.245544 -0.006077 -0.001050
38.666668 -0.218793 -0.005569 -0.000877
40.000000 -0.191441 -0.005046 -0.000702
"33.!joint_LeftKnee"
"32.joint_LeftHip"
8 0.000000 0.000000 0.000000 0.000000 -0.000000 0.000000
2
0.000001 0.133782 -2.906917 -0.240879
40.000000 0.133782 -2.906917 -0.240879
30
0.000001 0.366860 -0.000000 0.000000
2.666667 0.389914 -0.000000 0.000000
4.000000 0.395768 -0.000000 0.000000
5.333333 0.402681 -0.000000 0.000000
6.666667 0.418779 -0.000000 0.000000
8.000000 0.430877 -0.000000 0.000000
9.333334 0.444223 -0.000000 0.000000
10.666667 0.487690 -0.000000 0.000000
12.000000 0.565220 -0.000000 0.000000
13.333334 0.665417 -0.000000 0.000000
14.666666 0.762980 -0.000000 0.000000
16.000000 0.835278 -0.000000 0.000000
17.333334 0.893811 -0.000000 0.000000
18.666668 0.962231 -0.000000 0.000000
20.000000 1.028246 -0.000000 0.000000
21.333334 1.079479 -0.000000 0.000000
22.666668 1.110425 -0.000000 0.000000
24.000000 1.130269 -0.000000 0.000000
25.333334 1.134751 -0.000000 0.000000
26.666668 1.131264 -0.000000 0.000000
28.000000 1.111413 -0.000000 0.000000
29.333332 1.075473 -0.000000 0.000000
30.666668 1.018711 -0.000000 0.000000
32.000000 0.933982 -0.000000 0.000000
33.333336 0.820102 -0.000000 0.000000
34.666668 0.686335 -0.000000 0.000000
36.000000 0.552663 -0.000000 0.000000
37.333336 0.443831 -0.000000 0.000000
38.666668 0.393492 -0.000000 0.000000
40.000000 0.345804 -0.000000 0.000000
"34.!joint_LeftFoot"
"33.!joint_LeftKnee"
8 0.000000 0.000000 0.000000 0.000000 -0.000000 0.000000
2
0.000001 0.030686 -3.844476 -0.524990
40.000000 0.030686 -3.844476 -0.524990
30
0.000001 -0.155296 0.045450 -0.000074
2.666667 -0.162647 0.045547 -0.000081
4.000000 -0.173591 0.045647 -0.000088
5.333333 -0.184245 0.045714 -0.000096
6.666667 -0.191357 0.045781 -0.000103
8.000000 -0.198686 0.045851 -0.000110
9.333334 -0.205798 0.045918 -0.000118
10.666667 -0.226551 0.046693 -0.000125
12.000000 -0.263209 0.047498 -0.000133
13.333334 -0.305608 0.048877 -0.000140
14.666666 -0.345344 0.050255 -0.000147
16.000000 -0.375347 0.051672 -0.000450
17.333334 -0.400608 0.052733 -0.000747
18.666668 -0.430491 0.053794 -0.001044
20.000000 -0.459284 0.054886 -0.001350
21.333334 -0.479703 0.055947 -0.001647
22.666668 -0.495903 0.056203 -0.001943
24.000000 -0.501903 0.056467 -0.002245
25.333334 -0.505374 0.056723 -0.002120
26.666668 -0.501081 0.056979 -0.001994
28.000000 -0.493766 0.056321 -0.001865
29.333332 -0.479260 0.055673 -0.001739
30.666668 -0.453490 0.055025 -0.001614
32.000000 -0.414875 0.053077 -0.001070
33.333336 -0.368030 0.051173 -0.000538
34.666668 -0.314843 0.049270 -0.000005
36.000000 -0.258015 0.047322 -0.000010
37.333336 -0.208496 0.046723 -0.000020
38.666668 -0.166629 0.046124 -0.000029
40.000000 -0.144873 0.045512 -0.000039
"10.joint_Torso"
"12.joint_HipMaster"
8 0.000000 0.000000 0.000000 0.000000 -0.000000 0.000000
2
0.000001 -0.005759 0.043689 0.001089
40.000000 -0.005759 0.043689 0.001089
30
0.000001 -0.046957 0.000000 0.000000
2.666667 -0.044374 0.000000 0.000000
4.000000 -0.041713 0.000000 0.000000
5.333333 -0.039131 0.000000 0.000000
6.666667 -0.036548 0.000000 0.000000
8.000000 -0.033887 0.000000 0.000000
9.333334 -0.031304 0.000000 0.000000
10.666667 -0.028722 0.000000 0.000000
12.000000 -0.026061 0.000000 0.000000
13.333334 -0.023478 0.000000 0.000000
14.666666 -0.020896 0.000000 0.000000
16.000000 -0.018235 0.000000 0.000000
17.333334 -0.015652 0.000000 0.000000
18.666668 -0.013070 0.000000 0.000000
20.000000 -0.010409 0.000000 0.000000
21.333334 -0.007826 0.000000 0.000000
22.666668 -0.005243 0.000000 0.000000
24.000000 -0.002583 0.000000 0.000000
25.333334 0.000000 -0.000000 0.000000
26.666668 -0.004950 0.000000 0.000000
28.000000 -0.010050 0.000000 0.000000
29.333332 -0.015000 0.000000 0.000000
30.666668 -0.019950 0.000000 0.000000
32.000000 -0.025050 0.000000 0.000000
33.333336 -0.030000 0.000000 0.000000
34.666668 -0.034950 0.000000 0.000000
36.000000 -0.040050 0.000000 0.000000
37.333336 -0.045000 0.000000 0.000000
38.666668 -0.049950 0.000000 0.000000
40.000000 -0.055050 0.000000 0.000000
"11.joint_Torso2"
"10.joint_Torso"
8 0.000000 0.000000 0.000000 0.000000 -0.000000 0.000000
2
0.000001 0.000000 2.073174 -0.036071
40.000000 0.000000 2.073174 -0.036071
30
0.000001 0.000000 -0.000000 0.000000
2.666667 0.000000 -0.000000 0.000000
4.000000 0.000000 -0.000000 0.000000
5.333333 0.000000 -0.000000 0.000000
6.666667 0.000000 -0.000000 0.000000
8.000000 0.000000 -0.000000 0.000000
9.333334 0.000000 -0.000000 0.000000
10.666667 0.000000 -0.000000 0.000000
12.000000 0.000000 -0.000000 0.000000
13.333334 0.000000 -0.000000 0.000000
14.666666 0.000000 -0.000000 0.000000
16.000000 0.000000 -0.000000 0.000000
17.333334 0.000000 -0.000000 0.000000
18.666668 0.000000 -0.000000 0.000000
20.000000 0.000000 -0.000000 0.000000
21.333334 0.000000 -0.000000 0.000000
22.666668 0.000000 -0.000000 0.000000
24.000000 0.000000 -0.000000 0.000000
25.333334 0.000000 -0.000000 0.000000
26.666668 0.000000 -0.000000 0.000000
28.000000 0.000000 -0.000000 0.000000
29.333332 0.000000 -0.000000 0.000000
30.666668 0.000000 -0.000000 0.000000
32.000000 0.000000 -0.000000 0.000000
33.333336 0.000000 -0.000000 0.000000
34.666668 0.000000 -0.000000 0.000000
36.000000 0.000000 -0.000000 0.000000
37.333336 0.000000 -0.000000 0.000000
38.666668 0.000000 -0.000000 0.000000
40.000000 0.000000 -0.000000 0.000000
"13.joint_Neck"
"11.joint_Torso2"
8 0.000000 0.000000 0.000000 0.000000 -0.000000 0.000000
2
0.000001 0.000000 1.593529 -0.266450
40.000000 0.000000 1.593529 -0.266450
30
0.000001 0.098697 -0.000000 0.007203
2.666667 0.100418 0.000000 0.007203
4.000000 0.102192 -0.000000 0.007203
5.333333 0.103914 -0.000000 0.007203
6.666667 0.105635 0.000000 0.007202
8.000000 0.107409 -0.000000 0.007202
9.333334 0.109131 0.000000 0.007202
10.666667 0.110853 -0.000000 0.007202
12.000000 0.112627 -0.000000 0.007202
13.333334 0.114348 -0.000000 0.007202
14.666666 0.116070 -0.000000 0.007202
16.000000 0.117844 -0.000000 0.007202
17.333334 0.119566 -0.000000 0.007202
18.666668 0.121287 -0.000000 0.007202
20.000000 0.123061 -0.000000 0.007202
21.333334 0.124783 0.000000 0.007202
22.666668 0.126504 0.000001 0.007202
24.000000 0.128278 0.000001 0.007202
25.333334 0.130000 0.000001 0.007202
26.666668 0.126700 0.000001 0.007202
28.000000 0.123300 0.000001 0.007202
29.333332 0.120000 0.000001 0.007202
30.666668 0.116700 0.000001 0.007202
32.000000 0.113301 0.000001 0.007201
33.333336 0.110001 0.000001 0.007201
34.666668 0.106701 0.000001 0.007201
36.000000 0.103301 0.000001 0.007201
37.333336 0.100001 0.000001 0.007201
38.666668 0.096701 0.000001 0.007201
40.000000 0.093301 0.000001 0.007201
"14.joint_Head"
"13.joint_Neck"
8 0.000000 0.000000 0.000000 0.000000 -0.000000 0.000000
2
0.000001 -0.000000 0.645010 0.006355
40.000000 -0.000000 0.645010 0.006355
30
0.000001 0.000000 0.000133 0.000000
2.666667 0.000000 0.000133 0.000000
4.000000 0.000000 0.000134 0.000000
5.333333 0.000000 0.000134 0.000000
6.666667 0.000000 0.000134 0.000000
8.000000 0.000000 0.000135 0.000000
9.333334 0.000000 0.000135 0.000000
10.666667 0.000000 0.000136 0.000000
12.000000 0.000000 0.000136 0.000000
13.333334 0.000000 0.000137 0.000000
14.666666 0.000000 0.000137 0.000000
16.000000 0.000000 0.000137 0.000000
17.333334 0.000000 0.000138 0.000000
18.666668 0.000000 0.000138 0.000000
20.000000 0.000000 0.000139 0.000000
21.333334 0.000000 0.000139 0.000000
22.666668 0.000000 0.000140 0.000000
24.000000 0.000000 0.000140 0.000000
25.333334 0.000000 0.000140 0.000000
26.666668 0.000000 0.000141 0.000000
28.000000 0.000000 0.000141 0.000000
29.333332 0.000000 0.000142 0.000000
30.666668 0.000000 0.000142 0.000000
32.000000 0.000000 0.000142 0.000000
33.333336 0.000000 0.000143 0.000000
34.666668 0.000000 0.000143 0.000000
36.000000 0.000000 0.000144 0.000000
37.333336 0.000000 0.000144 0.000000
38.666668 0.000000 0.000145 0.000000
40.000000 0.000000 0.000145 0.000000
"16.joint_RightShoulder"
"11.joint_Torso2"
8 0.000000 0.000000 0.000000 0.000000 -0.000000 0.000000
2
0.000001 -0.789727 1.619492 -0.238216
40.000000 -0.789727 1.619492 -0.238216
1
0.000001 0.000000 -0.000000 0.000000
"18.joint_RightArm"
"16.joint_RightShoulder"
8 0.000000 0.000000 0.000000 0.000000 -0.000000 0.000000
2
0.000001 -0.352262 -0.165338 -0.009176
40.000000 -0.352262 -0.165338 -0.009176
3
0.000001 0.000000 -0.000000 0.698132
26.000000 -0.280760 0.193170 0.588253
40.000000 0.000000 -0.000000 0.698132
"19.joint_RightElbow"
"18.joint_RightArm"
8 0.000000 0.000000 0.000000 0.000000 -0.000000 0.000000
2
0.000001 -1.638191 -1.253507 -0.024857
40.000000 -1.638191 -1.253507 -0.024857
1
0.000001 0.000000 -0.000000 0.000000
"20.joint_RightWrist"
"19.joint_RightElbow"
8 0.000000 0.000000 0.000000 0.000000 -0.000000 0.000000
2
0.000001 -1.770159 -1.373888 0.032936
40.000000 -1.770159 -1.373888 0.032936
1
0.000001 0.000000 -0.000000 0.000000
"22.joint_LeftShoulder"
"11.joint_Torso2"
8 0.000000 0.000000 0.000000 0.000000 -0.000000 0.000000
2
0.000001 0.761910 1.603821 -0.238216
40.000000 0.761910 1.603821 -0.238216
1
0.000001 0.000000 -0.000000 0.000000
"24.joint_LeftArm"
"22.joint_LeftShoulder"
8 0.000000 0.000000 0.000000 0.000000 -0.000000 0.000000
2
0.000001 0.385820 -0.165335 -0.009176
40.000000 0.385820 -0.165335 -0.009176
3
0.000001 0.000000 0.000000 -0.698132
26.000000 -0.280761 -0.193169 -0.588252
40.000000 0.000000 0.000000 -0.698132
"25.joint_LeftElbow"
"24.joint_LeftArm"
8 0.000000 0.000000 0.000000 0.000000 -0.000000 0.000000
2
0.000001 1.638190 -1.253511 -0.024858
40.000000 1.638190 -1.253511 -0.024858
1
0.000001 0.000000 -0.000000 0.000000
"26.joint_LeftWrist"
"25.joint_LeftElbow"
8 0.000000 0.000000 0.000000 0.000000 -0.000000 0.000000
2
0.000001 1.639729 -1.373884 0.032935
40.000000 1.639729 -1.373884 0.032935
1
0.000001 0.000000 -0.000000 0.000000
GroupComments: 0
MaterialComments: 0
BoneComments: 0
ModelComment: 0
