Meshes: 2
"default" 0 0
508
0 0.890805 -0.412571 0.603731 0.518142 1.480364 6
0 0.633412 0.207620 1.703673 0.526579 1.465307 6
0 0.702199 -0.420652 0.647447 0.524754 1.480536 6
0 0.171733 -0.737547 -0.180077 0.543835 1.488151 6
0 0.369950 -0.190103 -0.369786 0.536855 1.474925 6
0 0.445671 -2.752575 -0.848818 0.535123 1.457692 5
0 -0.582085 -2.757820 -0.862101 0.571259 1.457692 5
0 -0.385873 -0.174359 -0.435304 0.562535 1.382994 5
0 -0.701953 -0.169840 0.112219 0.573649 1.382994 5
0 -0.214363 -3.292185 -0.619739 0.561390 1.374291 4
0 -0.497858 -3.288132 -0.128662 0.571358 1.374291 4
0 -0.635507 -0.764446 -0.128662 0.580401 1.326789 4
0 -0.307162 -0.775163 0.660878 0.565934 1.326789 4
0 -0.357046 -0.255775 0.678430 0.566578 1.314368 4
0 0.345528 -0.178142 0.678641 0.542239 1.311563 4
0 1.029611 -0.592821 0.556233 0.543136 1.303939 0
0 1.422184 -0.539408 -0.260016 0.529769 1.302736 0
0 -1.153402 -2.761188 0.098575 0.590908 1.457692 5
0 -0.385872 -0.174360 0.659742 0.562535 1.382994 5
0 -0.214363 -3.292184 0.362414 0.561390 1.374291 4
0 0.410590 -0.777589 0.660874 0.540449 1.326789 4
0 0.782402 -0.163554 -0.128577 0.528505 1.310762 4
0 1.084349 -0.713355 -1.031735 0.541389 1.306946 0
0 1.106473 -0.457041 -1.026270 0.541685 1.300708 0
0 0.359180 -0.743505 -1.025741 0.567204 1.306240 0
0 0.377163 -0.877635 -1.031705 0.566901 1.311155 0
0 0.077962 -0.734842 -0.978642 0.574728 1.307108 0
0 1.367916 -0.253311 -0.259929 0.530960 1.295176 0
0 1.049044 -0.083845 -1.017402 0.542150 1.290891 0
0 1.286096 0.205571 -0.259794 0.532834 1.283276 0
0 1.001466 -0.312233 0.564640 0.543980 1.296756 0
0 0.940136 0.121990 0.577912 0.545310 1.285451 0
0 0.341135 -0.513483 0.564600 0.567204 1.302289 0
0 0.333410 -0.216431 0.578419 0.567683 1.293066 0
0 0.010695 -0.770435 -0.260089 0.578997 1.308611 0
0 0.000247 -0.635871 -0.258043 0.578469 1.301769 0
0 0.072911 -0.757748 -0.439272 0.575610 1.307474 0
0 0.001205 -0.537302 -1.147128 0.578469 1.298738 0
0 0.654573 0.613364 -1.158257 0.553191 1.271672 7
0 1.105702 0.678662 -0.260182 0.535813 1.271672 7
0 0.785057 0.627599 0.549184 0.548452 1.271672 7
0 -0.000002 0.645091 0.638882 0.578469 1.271672 7
0 -0.005873 -0.101155 0.656030 0.578469 1.290320 0
0 -0.332950 -0.215572 0.578360 0.567683 1.293066 0
0 -0.004053 -0.395878 0.440658 0.578469 1.296823 0
0 -0.332868 -0.497990 0.565258 0.567230 1.301793 0
0 -0.987856 -0.296156 0.565361 0.544052 1.296148 0
0 0.415677 -0.391128 -1.175119 0.567683 1.298505 0
0 -0.000002 0.636106 -1.299459 0.578469 1.271890 7
0 -0.415681 -0.391128 -1.175119 0.567683 1.298505 0
0 -0.654578 0.613364 -1.158256 0.553191 1.271672 7
0 -1.049049 -0.083845 -1.017402 0.542150 1.290891 0
0 -1.286101 0.205571 -0.259794 0.532834 1.283276 0
0 -1.105707 0.678662 -0.260182 0.535813 1.271672 7
0 -0.940131 0.121937 0.577915 0.545310 1.285451 0
0 -0.785062 0.627599 0.549184 0.548452 1.271672 7
0 -1.356012 -0.238886 -0.259881 0.531061 1.294536 0
0 -1.097085 -0.444135 -1.025786 0.541710 1.300180 0
0 -1.074268 -0.682575 -1.030831 0.541438 1.305925 0
0 -0.359709 -0.861849 -1.030790 0.566950 1.310350 0
0 0.344071 -0.333455 -0.906567 0.566588 1.316216 1
0 0.484423 -0.331391 -0.805628 0.570961 1.315538 1
0 0.382845 -0.764880 -0.918489 0.565934 1.326789 1
0 -1.398662 -0.509139 -0.259948 0.529964 1.301499 0
0 -0.344998 -0.269254 -0.906155 0.541085 1.313369 1
0 -0.364206 -0.801321 -0.918179 0.540449 1.326789 1
0 0.290812 -3.300510 -0.619843 0.561390 1.374291 1
0 0.574225 -3.289140 -0.128834 0.571358 1.374291 1
0 0.787548 -0.168912 0.112024 0.573649 1.382994 2
0 0.472728 -0.181342 0.659621 0.562535 1.382994 2
0 0.599734 -2.741504 1.073409 0.571259 1.457692 2
0 -0.472847 -2.757441 1.087538 0.533543 1.457692 2
0 -1.009735 -0.557455 0.557622 0.543274 1.302763 0
0 -0.763741 -0.176369 -0.128484 0.528543 1.310522 1
0 -0.789647 -0.816229 -0.128521 0.525981 1.326789 1
0 -0.175202 -3.319213 -0.619731 0.544993 1.374291 1
0 0.472474 -0.181346 -0.435425 0.562535 1.382994 2
0 1.145735 -2.733092 0.098154 0.590908 1.457692 2
0 0.796441 0.223340 1.684963 0.576643 1.465307 3
0 -0.634351 0.199666 1.703742 0.526579 1.465307 3
0 -0.999423 -2.764968 0.126410 0.515475 1.457692 2
0 -0.879580 -0.425710 0.603952 0.518142 1.480364 3
0 -0.690839 -0.430013 0.647624 0.524754 1.480536 3
0 -0.154355 -0.736378 -0.179988 0.543835 1.488151 3
0 -0.363505 -0.193033 -0.369726 0.536855 1.474925 3
0 0.443883 -0.708427 -0.187198 0.562547 1.488151 3
0 0.630091 -0.172207 -0.382623 0.571120 1.474925 3
0 1.159149 -0.395420 0.577097 0.589833 1.480364 3
0 0.881625 -0.406655 0.626911 0.580048 1.480536 3
0 0.574233 -2.741277 -0.862384 0.571259 1.457692 2
0 -0.453422 -2.756547 -0.848848 0.535123 1.457692 2
0 -0.375307 -0.215578 0.112305 0.532733 1.382994 2
0 -0.059316 -0.202899 0.659752 0.543847 1.382994 2
0 0.291049 -3.300504 0.362312 0.561390 1.374291 1
0 0.637422 -0.759882 -0.128893 0.580401 1.326789 1
0 0.526794 -0.334559 -0.595671 0.571061 1.316555 1
0 -0.174966 -3.319208 0.362424 0.544993 1.374291 1
0 0.348787 -0.775850 0.660701 0.565934 1.326789 1
0 0.660408 -0.326630 -0.130218 0.579679 1.317436 1
0 -0.093185 -0.921978 -0.547243 0.573905 1.310879 0
0 -0.131293 -0.908587 -0.922357 0.573133 1.310677 0
0 -0.370954 -0.744255 -1.025264 0.567230 1.305824 0
0 -0.458378 -3.330579 -0.128585 0.535025 1.374291 1
0 -0.378886 -0.802416 0.660912 0.540449 1.326789 1
0 0.381136 -0.251301 0.678577 0.566588 1.314182 1
0 -0.009355 -0.942243 -0.260083 0.579278 1.312247 0
0 -0.037359 -0.761226 -0.408479 0.576099 1.306498 0
0 -0.066332 -0.751147 -0.976224 0.574841 1.306857 0
0 -0.337784 -0.713332 0.557546 0.566950 1.307189 0
0 -0.326873 -0.184462 0.678925 0.542266 1.311336 1
0 -0.007479 -0.769999 -0.259951 0.578969 1.308243 0
0 -0.000001 1.547664 1.074269 0.204506 1.137660 10
0 -0.669221 2.037489 1.232970 0.221825 1.145776 10
0 -0.465893 1.512516 0.955237 0.216562 1.131573 10
0 0.901664 0.841921 -0.868706 0.181171 1.038294 10
0 1.259884 0.858670 0.061551 0.171901 1.085868 10
0 0.656235 0.435415 0.019844 0.187523 1.083735 10
0 0.681005 0.908258 0.323351 0.186882 1.099257 10
0 1.210989 1.425562 0.725682 0.173166 1.119833 10
0 0.465891 1.512516 0.955237 0.192449 1.131573 10
0 0.669162 2.036644 1.232815 0.187188 1.145768 10
0 -0.000001 2.035446 1.424729 0.204506 1.155583 10
0 -0.000001 2.508029 1.273908 0.204506 1.147870 10
0 -0.582990 2.469062 1.090632 0.219593 1.138497 10
0 -0.653542 0.387632 -0.635046 0.221419 1.050243 10
0 -0.000002 0.773456 -1.241367 0.204506 1.019235 10
0 -0.000002 0.320705 -0.837733 0.204506 1.039878 10
0 1.162674 1.561576 -0.986230 0.174416 1.032283 10
0 1.547878 1.558780 -0.146146 0.164447 1.075247 10
0 1.207286 1.900638 0.721205 0.173262 1.119604 10
0 0.582984 2.469062 1.090632 0.189418 1.138497 10
0 -0.000001 2.771854 0.823480 0.204506 1.124834 10
0 -0.548837 2.747228 0.549660 0.218709 1.110831 10
0 -1.025881 2.416966 0.673519 0.231055 1.117165 10
0 -0.000003 0.220434 -0.276105 0.204506 1.068600 10
0 -0.656240 0.435415 0.019844 0.221489 1.083735 10
0 -0.901670 0.841918 -0.868706 0.227840 1.038294 10
0 -0.000002 1.531639 -1.398763 0.204506 1.011186 10
0 0.916947 2.301043 -0.873034 0.180776 1.038072 10
0 1.340316 2.348923 0.031298 0.169819 1.084321 10
0 1.025875 2.416969 0.673519 0.177957 1.117165 10
0 0.548831 2.747228 0.549660 0.190302 1.110831 10
0 -0.000002 2.914435 0.007248 0.204506 1.083091 10
0 -0.681010 0.908258 0.323351 0.222130 1.099257 10
0 -1.259891 0.858670 0.061551 0.237111 1.085868 10
0 -1.162681 1.561576 -0.986229 0.234595 1.032283 10
0 -0.000002 2.297141 -1.232621 0.204506 1.019683 10
0 0.453095 2.723793 -0.536553 0.192780 1.055281 10
0 0.706076 2.722122 0.032277 0.186233 1.084371 10
0 -0.000002 2.713164 -0.711447 0.204506 1.046336 10
0 -0.916953 2.301043 -0.873033 0.228236 1.038072 10
0 -1.547883 1.558780 -0.146145 0.244564 1.075247 10
0 -1.340318 2.348923 0.031299 0.239192 1.084321 10
0 -0.453100 2.723793 -0.536553 0.216231 1.055281 10
0 -0.706082 2.722122 0.032277 0.222778 1.084371 10
0 -1.207292 1.900638 0.721206 0.235749 1.119604 10
0 -1.210996 1.425562 0.725682 0.235845 1.119833 10
0 0.010555 -0.943843 -0.260038 0.579333 1.312959 0
0 -0.493479 -0.337683 -0.609449 0.570840 1.316997 4
0 0.132658 -0.930672 -0.585599 0.573296 1.312093 0
0 0.360504 -0.750625 0.556281 0.566901 1.308148 0
0 -0.665575 -0.326288 -0.128662 0.579690 1.317573 4
0 -0.307162 -0.775163 -0.918202 0.565934 1.326789 4
0 -0.475577 -0.328449 -0.816750 0.570462 1.316655 4
0 -0.293372 -0.332630 -0.906637 0.566578 1.316371 4
0 0.147387 -0.896773 -0.937971 0.572439 1.312231 0
0 0.251979 -3.298858 -0.619739 0.544993 1.374291 4
0 0.145640 -0.181963 -0.435304 0.543847 1.382994 5
0 0.991973 -2.750234 0.126306 0.515475 1.457692 5
0 -0.790444 0.200347 1.685270 0.576643 1.465307 6
0 -0.607101 -2.758842 1.073697 0.571259 1.457692 5
0 0.465586 -2.753364 1.087561 0.533543 1.457692 5
0 0.461720 -0.186484 0.112218 0.532733 1.382994 5
0 0.535471 -3.302910 -0.128662 0.535025 1.374291 4
0 0.395543 -0.776836 -0.918213 0.540449 1.326789 4
0 0.362432 -0.261796 -0.906347 0.541075 1.313567 4
0 0.145640 -0.181964 0.659741 0.543847 1.382994 5
0 0.251979 -3.298856 0.362414 0.544993 1.374291 4
0 0.821146 -0.780968 -0.128648 0.525981 1.326789 4
0 0.744548 1.274202 -0.894169 0.275653 1.205445 7
0 0.654573 0.613364 -1.158257 0.285961 1.247068 7
0 0.314552 1.274202 -1.068701 0.320385 1.205445 7
0 -0.000002 0.636106 -1.299459 0.353108 1.247607 7
0 -0.000002 1.274200 -0.755085 0.353108 1.205445 7
0 -0.000002 1.274200 -0.755085 0.399983 1.205445 7
0 -0.000002 0.636106 -1.299459 0.399983 1.247607 7
0 -0.314557 1.274202 -1.068701 0.432706 1.205445 7
0 -0.654578 0.613364 -1.158256 0.467130 1.247068 7
0 -0.744553 1.274202 -0.894169 0.477437 1.205445 7
0 -0.059580 -0.202905 -0.435294 0.543847 1.382994 2
0 -0.532944 -0.742607 1.780593 0.273202 1.994199 3
0 -0.135166 -0.736864 2.359577 0.333307 1.994199 3
0 -0.169361 -0.018318 2.371695 0.329659 1.857135 3
0 0.438661 -0.009285 2.363687 0.423344 1.857135 3
0 0.399847 -0.728911 2.352529 0.415742 1.994199 3
0 0.765320 -0.722531 1.763514 0.472879 1.994199 3
0 -0.154355 -0.736378 -0.179988 0.335505 1.994199 3
0 -0.589330 -0.743093 0.646248 0.266818 1.994199 3
0 -0.690839 -0.430013 0.647624 0.251896 1.934233 3
0 -0.634351 0.199666 1.703742 0.259895 1.814303 3
0 0.796441 0.223340 1.684963 0.479264 1.814303 3
0 0.881625 -0.406655 0.626911 0.494185 1.934233 3
0 0.789456 -0.722610 0.628087 0.479264 1.994199 3
0 0.443883 -0.708427 -0.187198 0.417499 1.994199 3
0 0.550856 -0.736508 1.780409 0.273202 1.994199 6
0 0.173032 -0.019726 2.371707 0.329659 1.857135 6
0 0.153186 -0.738811 2.359490 0.333307 1.994199 6
0 -0.381879 -0.741545 2.352574 0.415742 1.994199 6
0 -0.435049 -0.022834 2.363846 0.423344 1.857135 6
0 -0.745191 -0.743133 1.763656 0.472879 1.994199 6
0 -0.360466 -0.740262 -0.186956 0.417499 1.994199 6
0 -0.771964 -0.742743 0.628226 0.479264 1.994199 6
0 -0.870420 -0.428682 0.627121 0.494185 1.934233 6
0 -0.790444 0.200347 1.685270 0.479264 1.814303 6
0 0.633412 0.207620 1.703673 0.259895 1.814303 6
0 0.702199 -0.420652 0.647447 0.251896 1.934233 6
0 0.606959 -0.735700 0.646049 0.266818 1.994199 6
0 0.171733 -0.737547 -0.180077 0.335505 1.994199 6
0 0.153186 -0.738811 2.359490 0.310586 1.978574 6
0 -0.381879 -0.741545 2.352574 0.355836 1.978574 6
0 0.550856 -0.736508 1.780409 0.277593 1.978574 6
0 -0.745191 -0.743133 1.763656 0.387200 1.978574 6
0 0.606959 -0.735700 0.646049 0.274088 1.978574 6
0 -0.771964 -0.742743 0.628226 0.390705 1.978574 6
0 0.171733 -0.737547 -0.180077 0.311792 1.978574 6
0 -0.360466 -0.740262 -0.186956 0.356801 1.978574 6
0 0.399847 -0.728911 2.352529 0.355836 1.978574 3
0 -0.135166 -0.736864 2.359577 0.310586 1.978574 3
0 0.765320 -0.722531 1.763514 0.387200 1.978574 3
0 -0.532944 -0.742607 1.780593 0.277593 1.978574 3
0 0.789456 -0.722610 0.628087 0.390705 1.978574 3
0 -0.589330 -0.743093 0.646248 0.274088 1.978574 3
0 0.443883 -0.708427 -0.187198 0.356801 1.978574 3
0 -0.154355 -0.736378 -0.179988 0.311792 1.978574 3
0 -1.522011 -0.892771 -0.224552 0.691224 1.639238 13
0 -1.102496 -0.312654 0.220904 0.662937 1.627106 13
0 -0.967941 -0.504812 -0.224552 0.662937 1.639238 13
0 -0.967941 -0.504815 0.666359 0.662937 1.639238 13
0 -1.656558 -0.700610 0.220904 0.691224 1.627106 13
0 -0.698846 -0.889124 0.666359 0.662937 1.663503 13
0 -1.522011 -0.892771 0.666359 0.691224 1.639238 13
0 -1.252912 -1.277077 0.666359 0.691224 1.663503 13
0 -1.550422 -1.199026 0.220904 0.699543 1.651370 13
0 -1.118361 -1.469238 0.220904 0.691224 1.675635 13
0 -1.252913 -1.277080 -0.224551 0.691224 1.663503 13
0 -0.698843 -0.889124 -0.224551 0.662937 1.663503 13
0 -0.564291 -1.081278 0.220904 0.662937 1.675635 13
0 1.411771 -0.872270 -0.224552 0.691224 1.639238 17
0 0.588787 -0.854252 -0.224554 0.662937 1.663503 17
0 0.864552 -0.474693 -0.224555 0.662937 1.639238 17
0 0.450902 -1.044031 0.220901 0.662937 1.675635 17
0 1.136003 -1.251830 -0.224551 0.691224 1.663503 17
0 0.588787 -0.854250 0.666356 0.662937 1.663503 17
0 0.998122 -1.441609 0.220903 0.691224 1.675635 17
0 1.136006 -1.251828 0.666358 0.691224 1.663503 17
0 1.434837 -1.178983 0.220904 0.699543 1.651370 17
0 1.411771 -0.872270 0.666358 0.691224 1.639238 17
0 1.549655 -0.682490 0.220904 0.691224 1.627106 17
0 1.002437 -0.284913 0.220901 0.662937 1.627106 17
0 0.864552 -0.474693 0.666356 0.662937 1.639238 17
0 0.171422 -0.348494 0.755971 0.705940 1.562734 14
0 -1.240567 -1.334893 -0.103643 0.684375 1.556943 13
0 -1.240567 -1.334893 0.515344 0.684375 1.556943 13
0 -1.279346 -0.977456 0.181480 0.677129 1.540650 13
0 -1.543118 -0.902801 0.515344 0.684375 1.529662 13
0 -1.543118 -0.902801 -0.103643 0.684375 1.529662 13
0 -1.593542 -0.830790 0.183382 0.684375 1.525115 13
0 -0.442098 0.078206 0.604620 0.716722 1.526456 14
0 -0.442098 0.078206 -0.303481 0.716722 1.526456 14
0 -0.264410 -0.025721 -0.303482 0.713128 1.536131 14
0 -0.250969 -0.644259 0.503719 0.727504 1.562734 14
0 -0.250970 -0.644261 0.755971 0.727504 1.562734 14
0 -0.331440 -0.529338 0.755970 0.727504 1.555479 14
0 -0.059903 -0.167951 0.755971 0.709534 1.548223 14
0 -0.264409 -0.025725 0.604620 0.713128 1.536131 14
0 -0.643234 -0.233890 0.554169 0.731098 1.533712 14
0 -0.643234 -0.233890 -0.253032 0.731098 1.533712 14
0 -0.465542 -0.337813 -0.253032 0.727504 1.543386 14
0 -0.465542 -0.337813 0.554169 0.727504 1.543386 14
0 -0.059903 -0.167951 0.503719 0.709534 1.548223 14
0 0.171422 -0.348494 0.503719 0.705940 1.562734 14
0 -0.331440 -0.529338 0.503719 0.727504 1.555479 14
0 -0.507437 -0.652571 0.503720 0.736489 1.555479 14
0 -0.685120 -0.548649 0.503720 0.740083 1.545805 14
0 -0.685120 -0.548649 -0.202581 0.740083 1.545805 14
0 -0.507437 -0.652571 -0.202582 0.736489 1.555479 14
0 0.653084 0.387434 -0.634897 0.187604 1.050251 10
0 0.333909 -0.518807 0.755968 0.727504 1.555479 18
0 0.251451 -0.632301 0.755969 0.727504 1.562734 18
0 0.333909 -0.518807 0.503718 0.727504 1.555479 18
0 0.251451 -0.632301 0.503718 0.727504 1.562734 18
0 -0.165719 -0.329210 0.503718 0.705940 1.562734 18
0 0.068730 -0.152733 0.503718 0.709534 1.548223 18
0 0.275687 -0.014093 -0.303483 0.713128 1.536131 18
0 1.122652 -1.309419 -0.103644 0.684375 1.556943 17
0 -0.165719 -0.329210 0.755969 0.705940 1.562734 18
0 0.068730 -0.152733 0.755969 0.709534 1.548223 18
0 1.432701 -0.882671 -0.103643 0.684375 1.529662 17
0 0.455159 0.086718 -0.303482 0.716722 1.526456 18
0 0.471340 -0.329648 -0.253033 0.727504 1.543386 18
0 0.650816 -0.228838 -0.253033 0.731098 1.533712 18
0 0.507730 -0.645095 -0.202583 0.736489 1.555479 18
0 0.687208 -0.544281 -0.202583 0.740083 1.545805 18
0 0.507730 -0.645095 0.503719 0.736489 1.555479 18
0 0.471340 -0.329648 0.554168 0.727504 1.543386 18
0 0.275687 -0.014093 0.604619 0.713128 1.536131 18
0 1.432701 -0.882671 0.515344 0.684375 1.529662 17
0 1.122649 -1.309421 0.515343 0.684375 1.556943 17
0 1.167660 -0.952716 0.181480 0.677129 1.540650 17
0 1.484372 -0.811553 0.183382 0.684375 1.525115 17
0 0.455159 0.086718 0.604619 0.716722 1.526456 18
0 0.650816 -0.228838 0.554168 0.731098 1.533712 18
0 0.687208 -0.544281 0.503719 0.740083 1.545805 18
0 -0.743139 1.993182 -1.002915 0.694658 1.162136 7
0 -0.674049 1.133206 -1.212376 0.688187 1.095981 8
0 -0.314558 1.993182 -1.158575 0.654517 1.162136 7
0 -0.000002 1.049898 -1.158451 0.625055 1.101274 8
0 -0.000003 1.993182 -0.865244 0.625055 1.162136 7
0 0.314552 1.993182 -1.158575 0.595593 1.162136 7
0 0.674043 1.133206 -1.212376 0.561923 1.095981 8
0 0.743134 1.993182 -1.002915 0.555452 1.162136 7
0 -0.000002 1.274200 -0.755085 0.625055 1.200569 7
0 -0.314557 1.274202 -1.068701 0.654517 1.200569 7
0 -0.744553 1.274202 -0.894169 0.694791 1.200569 7
0 -1.042373 1.274200 -0.080100 0.731072 1.200478 7
0 -1.040393 1.993182 -0.080101 0.730863 1.162210 7
0 -1.352678 1.049898 -0.044028 0.741413 1.101274 8
0 -1.299670 1.357981 -0.673138 0.742878 1.077458 8
0 -1.240101 1.987093 -0.673138 0.737298 1.040411 8
0 -0.707942 2.044936 -0.859429 0.691362 1.037005 8
0 -1.212167 2.256708 -0.044028 0.734682 1.024534 8
0 -0.502978 2.599840 -0.660848 0.672165 1.004328 8
0 -0.576024 2.508847 -0.044028 0.679006 1.009686 8
0 -0.000003 2.661134 -0.897820 0.625055 1.000718 8
0 -0.000002 2.049405 -1.081063 0.625055 1.036742 8
0 0.729206 2.042631 -0.855575 0.556756 1.037141 8
0 0.521228 2.597615 -0.657140 0.576236 1.004459 8
0 0.314552 1.274202 -1.068701 0.595593 1.200569 7
0 0.744548 1.274202 -0.894169 0.555319 1.200569 7
0 1.042368 1.274200 -0.080101 0.515132 1.200478 7
0 1.040388 1.993182 -0.080101 0.515341 1.162210 7
0 1.352673 1.049898 -0.044029 0.504790 1.101274 8
0 1.299665 1.357981 -0.673138 0.503326 1.077458 8
0 1.240096 1.987093 -0.673138 0.508906 1.040411 8
0 1.212162 2.256708 -0.044029 0.511522 1.024534 8
0 0.585146 2.498436 -0.044028 0.570249 1.010299 8
0 0.654573 0.613364 -1.158257 0.309398 1.247068 7
0 0.744548 1.274202 -0.894169 0.299091 1.205445 7
0 1.105702 0.678662 -0.260182 0.263235 1.247068 7
0 1.042368 1.274200 -0.080101 0.268109 1.205445 7
0 0.744548 1.274200 0.455540 0.307235 1.205363 7
0 0.785057 0.627599 0.549184 0.305192 1.247150 7
0 -0.000002 1.274200 0.616233 0.376546 1.205445 7
0 -0.000002 0.645091 0.638882 0.376546 1.247068 7
0 -0.744553 1.274200 0.455541 0.445856 1.205363 7
0 -0.785062 0.627599 0.549184 0.447899 1.247150 7
0 -1.042373 1.274200 -0.080100 0.484982 1.205445 7
0 -1.105707 0.678662 -0.260182 0.489856 1.247068 7
0 -0.744553 1.274202 -0.894169 0.454000 1.205445 7
0 -0.654578 0.613364 -1.158256 0.443693 1.247068 7
0 0.681005 0.908258 0.323351 0.151723 1.089100 10
0 0.657331 0.446305 0.317426 0.153209 1.152615 10
0 0.656235 0.435415 0.019844 0.179354 1.154111 10
0 0.507749 0.076924 0.725403 0.101081 1.203402 10
0 0.310653 -0.043538 0.338573 0.173893 1.219964 10
0 -0.000003 0.220434 -0.276105 0.248158 1.183670 10
0 -0.000003 -0.115236 0.280004 0.248158 1.229822 10
0 -0.310658 -0.043538 0.338573 0.173893 1.219964 10
0 -0.656240 0.435415 0.019844 0.179354 1.154111 10
0 -0.507754 0.076924 0.725403 0.101081 1.203402 10
0 -0.657336 0.446305 0.317426 0.153209 1.152615 10
0 -0.681010 0.908258 0.323351 0.151723 1.089100 10
0 -0.219496 -0.205309 0.938390 0.044178 1.242207 10
0 -0.000003 -0.236611 0.938390 0.003245 1.246511 10
0 0.219491 -0.205309 0.938390 0.044178 1.242207 10
0 0.209377 -0.123278 1.055412 0.034389 1.230927 10
0 -0.000003 -0.154578 1.110952 0.003245 1.235231 10
0 -0.209382 -0.123278 1.055412 0.034389 1.230927 10
0 -0.604586 -0.195077 -0.382382 0.571120 1.474925 6
0 -0.360466 -0.740262 -0.186956 0.562547 1.488151 6
0 -1.148130 -0.422985 0.577377 0.589833 1.480364 6
0 -0.870420 -0.428682 0.627121 0.580048 1.480536 6
0 -0.598629 -0.861470 0.587892 0.563510 1.552724 12
0 -0.996495 -1.208963 0.646246 0.586805 1.554339 12
0 -0.488175 -1.019216 0.201830 0.563510 1.563409 12
0 -0.860077 -1.403785 0.201830 0.586805 1.566639 12
0 0.041950 -0.282253 0.574225 0.615190 1.551622 13
0 0.141460 -0.424367 0.226420 0.615190 1.561248 13
0 0.041950 -0.282253 -0.121384 0.615190 1.551622 13
0 -0.996490 -1.208970 -0.242586 0.586805 1.554339 12
0 -0.598629 -0.861472 -0.184233 0.563510 1.552724 12
0 -0.819530 -0.545990 0.587892 0.563510 1.531353 12
0 -1.269321 -0.819325 0.646246 0.586805 1.529738 12
0 -0.157063 0.001968 0.574224 0.615190 1.532369 13
0 -0.344397 -0.632285 0.651513 0.636821 1.553761 13
0 -0.213913 -0.818634 0.226419 0.636821 1.565527 13
0 -0.344397 -0.632285 -0.198674 0.636821 1.553761 13
0 -0.605368 -0.259581 -0.198675 0.636821 1.530230 13
0 -0.157063 0.001968 -0.121385 0.615190 1.532369 13
0 -0.735844 -0.073239 0.226419 0.636821 1.518464 13
0 -0.256568 0.144075 0.226419 0.615190 1.522743 13
0 -0.605368 -0.259581 0.651513 0.636821 1.530230 13
0 -0.941957 -0.541914 0.572728 0.655124 1.532206 13
0 -0.724825 -0.852018 0.572728 0.655124 1.551785 13
0 -0.616251 -1.007068 0.213292 0.655124 1.561575 13
0 -0.724825 -0.852018 -0.146144 0.655124 1.551785 13
0 -0.941957 -0.541914 -0.146145 0.655124 1.532206 13
0 -1.050529 -0.386864 0.213292 0.655124 1.522416 13
0 0.511198 -0.796452 0.587891 0.563510 1.552724 16
0 0.902935 -1.150835 0.646244 0.586805 1.554339 16
0 0.737570 -0.484877 0.587891 0.563510 1.531353 16
0 1.182522 -0.766015 0.646244 0.586805 1.529738 16
0 -0.141304 -0.234540 0.574222 0.615190 1.551622 17
0 0.062636 0.046162 0.574221 0.615190 1.532369 17
0 0.164606 0.186510 0.226417 0.615190 1.522743 17
0 1.322314 -0.573609 0.201827 0.586805 1.517438 16
0 0.850764 -0.329078 0.201828 0.563510 1.520668 16
0 0.398007 -0.952245 0.201829 0.563510 1.563409 16
0 0.763142 -1.343241 0.201828 0.586805 1.566639 16
0 -0.243280 -0.374900 0.226419 0.615190 1.561248 17
0 0.105154 -0.775306 0.226416 0.636821 1.565527 17
0 0.238875 -0.591257 0.651511 0.636821 1.553761 17
0 0.506307 -0.223168 0.651511 0.636821 1.530230 17
0 0.640017 -0.039132 0.226416 0.636821 1.518464 17
0 0.062639 0.046160 -0.121386 0.615190 1.532369 17
0 0.506307 -0.223168 -0.198678 0.636821 1.530230 17
0 -0.141303 -0.234541 -0.121386 0.615190 1.551622 17
0 0.238872 -0.591259 -0.198677 0.636821 1.553761 17
0 0.615412 -0.817605 -0.146147 0.655124 1.551785 17
0 0.504153 -0.970738 0.213289 0.655124 1.561575 17
0 0.615412 -0.817605 0.572724 0.655124 1.551785 17
0 0.837927 -0.511338 0.572724 0.655124 1.532206 17
0 0.949185 -0.358207 0.213289 0.655124 1.522416 17
0 0.837927 -0.511338 -0.146148 0.655124 1.532206 17
0 0.230825 1.061087 0.597308 0.155950 1.964267 9
0 0.314552 1.942153 0.405336 0.154877 1.985921 8
0 0.384711 1.061087 0.135652 0.153977 1.964267 9
0 0.494298 1.942153 -0.133901 0.152572 1.985921 8
0 0.230825 1.061087 -0.287533 0.155950 1.964267 9
0 0.314551 1.942153 -0.628202 0.154877 1.985921 8
0 -0.314557 1.942150 -0.628202 0.162942 1.985921 8
0 -0.230830 1.061087 -0.287533 0.161869 1.964267 9
0 -0.384716 1.061087 0.135652 0.163841 1.964267 9
0 -0.494303 1.942150 -0.133901 0.165246 1.985921 8
0 -0.230831 1.061087 0.597308 0.161869 1.964267 9
0 -0.314557 1.942150 0.405336 0.162942 1.985921 8
0 -1.212167 2.256708 -0.044028 0.488588 1.024534 8
0 -1.240101 1.987093 0.495209 0.491205 1.040411 8
0 -0.576024 2.508847 -0.044028 0.429006 1.009686 8
0 -0.472010 2.076962 0.527396 0.419264 1.035119 8
0 -0.467051 2.351166 -0.673138 0.418800 1.018972 8
0 -0.502978 2.599840 -0.660848 0.422165 1.004328 8
0 -0.000003 2.661134 -0.897820 0.375055 1.000718 8
0 0.483166 2.344155 -0.673138 0.329801 1.019384 8
0 0.521228 2.597615 -0.657140 0.326236 1.004459 8
0 0.585146 2.498436 -0.044028 0.320249 1.010299 8
0 0.410490 2.076962 0.540770 0.336608 1.035119 8
0 1.240097 1.987093 0.495208 0.258906 1.040411 8
0 1.212162 2.256708 -0.044029 0.261522 1.024534 8
0 -0.000002 1.091548 1.015752 0.375055 1.098628 8
0 0.988599 1.091548 0.726720 0.282461 1.098628 8
0 1.299665 1.357981 0.495208 0.253326 1.077458 8
0 1.352673 1.049898 -0.044029 0.254790 1.101274 8
0 1.040388 1.993182 -0.080101 0.265341 1.162210 7
0 0.743134 1.993182 0.633795 0.305452 1.162136 7
0 1.042368 1.274200 -0.080101 0.265132 1.200478 7
0 0.744548 1.274200 0.455540 0.305319 1.200569 7
0 -0.000002 1.993182 0.802522 0.375055 1.162136 7
0 -0.000002 1.274200 0.616233 0.375055 1.200569 7
0 -0.744553 1.274200 0.455541 0.444791 1.200569 7
0 -0.743139 1.993182 0.633795 0.444658 1.162136 7
0 -0.988603 1.091548 0.726721 0.467649 1.098628 8
0 -1.299671 1.357980 0.495209 0.496784 1.077458 8
0 -1.352678 1.049898 -0.044028 0.495320 1.101274 8
0 -1.040393 1.993182 -0.080101 0.484769 1.162210 7
0 -1.042373 1.274200 -0.080100 0.484978 1.200478 7
0 -1.212167 2.256708 -0.044028 0.509628 1.517386 8
0 -0.506733 0.121126 0.201829 0.535223 1.512518 12
0 -1.240101 1.987093 0.495209 0.510662 1.530311 8
0 -0.343032 -0.112665 0.735129 0.535223 1.527278 12
0 -1.299671 1.357980 0.495209 0.512868 1.560470 8
0 -0.015641 -0.580227 0.735129 0.535223 1.556799 12
0 -1.352678 1.049898 -0.044028 0.514831 1.579858 8
0 0.148058 -0.814013 0.201830 0.535223 1.571559 12
0 -1.299670 1.357981 -0.673138 0.512868 1.560470 8
0 -0.015641 -0.580227 -0.331470 0.535223 1.556799 12
0 -1.240101 1.987093 -0.673138 0.510662 1.530311 8
0 -0.343032 -0.112664 -0.331470 0.535223 1.527278 12
0 -0.929986 -0.388242 0.201829 0.563510 1.520668 12
0 -0.819530 -0.545990 -0.184233 0.563510 1.531353 12
0 -1.269321 -0.819325 -0.242586 0.586805 1.529738 12
0 -1.405735 -0.624505 0.201829 0.586805 1.517438 12
0 1.240097 1.987093 0.495208 0.510662 1.530311 8
0 0.268709 -0.043295 0.735128 0.535223 1.527278 16
0 1.212162 2.256708 -0.044029 0.509628 1.517386 8
0 0.436461 0.187597 0.201828 0.535223 1.512518 16
0 1.240096 1.987093 -0.673138 0.510662 1.530311 8
0 0.268706 -0.043298 -0.331471 0.535223 1.527278 16
0 -0.066794 -0.505075 -0.331471 0.535223 1.556799 16
0 1.299665 1.357981 -0.673138 0.512868 1.560470 8
0 -0.234547 -0.735968 0.201829 0.535223 1.571559 16
0 1.352673 1.049898 -0.044029 0.514831 1.579858 8
0 -0.066793 -0.505075 0.735128 0.535223 1.556799 16
0 1.299665 1.357981 0.495208 0.512868 1.560470 8
0 0.737570 -0.484877 -0.184235 0.563510 1.531353 16
0 0.511198 -0.796452 -0.184235 0.563510 1.552724 16
0 1.182523 -0.766015 -0.242589 0.586805 1.529738 16
0 0.902935 -1.150835 -0.242588 0.586805 1.554339 16
508
0.838137 -0.538517 -0.086752
0.501830 0.050557 0.863488
0.132908 -0.904023 0.406299
0.287704 -0.671312 -0.683057
0.386154 -0.156126 -0.909126
0.510046 0.096116 -0.854760
-0.486945 0.117396 -0.865507
-0.318677 0.178228 -0.930956
-0.965765 0.178402 -0.188337
-0.671101 0.047186 -0.739863
-0.984452 0.059277 0.165347
-0.996964 -0.073680 -0.025197
-0.534266 -0.083676 0.841165
-0.560163 -0.021899 0.828093
0.518898 0.006909 0.854808
0.535831 0.021374 0.844054
0.996657 0.074574 0.033359
-0.988348 0.147515 0.037512
-0.644944 0.178259 0.743149
-0.326820 0.028901 0.944645
0.515808 -0.046501 0.855441
0.996644 0.047009 -0.067020
0.532515 -0.007540 -0.846387
0.617413 -0.014797 -0.786500
-0.016039 -0.244530 -0.969509
-0.151777 -0.036951 -0.987724
-0.688190 -0.470384 -0.552389
0.986194 0.161949 0.034553
0.743682 0.182505 -0.643140
0.960527 0.236492 0.146487
0.545880 0.052322 0.836228
0.429705 0.084793 0.898979
-0.545490 -0.047999 0.836742
-0.187607 -0.258797 0.947538
-0.998815 -0.041366 0.025627
0.039208 -0.940681 0.337019
-0.951997 -0.260501 -0.160751
0.141752 -0.532632 -0.834391
0.475441 0.102409 -0.873767
0.923407 0.346336 -0.165444
0.548826 0.177057 0.816971
-0.002371 -0.001887 0.999995
-0.002809 -0.304506 0.952506
0.033897 -0.229630 0.972688
-0.003569 -0.798697 0.601723
0.552232 -0.044547 0.832499
-0.542174 0.037977 0.839408
0.152989 -0.161910 -0.974874
-0.000030 -0.079052 -0.996871
-0.149627 -0.271090 -0.950853
-0.602705 0.164386 -0.780848
-0.564899 0.018320 -0.824956
-0.958400 0.250129 -0.137497
-0.942561 0.314264 0.113212
-0.698750 0.161605 0.696873
-0.380105 0.112941 0.918022
-0.994113 0.104840 0.027363
-0.569255 0.058672 -0.820065
-0.561689 -0.003631 -0.827340
0.253657 0.039751 -0.966477
0.245866 0.057294 -0.967609
0.762214 -0.087980 -0.641318
0.644356 -0.055038 -0.762743
-0.997656 0.068191 0.005657
-0.596085 0.013714 -0.802804
-0.404646 -0.067489 -0.911980
0.498212 0.041089 -0.866081
0.995916 0.082873 0.035828
0.983828 0.179110 -0.001716
0.489476 0.188729 0.851349
0.480627 0.281527 0.830506
-0.363252 0.316184 0.876399
-0.528369 0.004909 0.849001
-0.994215 0.047953 0.096111
-0.995947 -0.028572 -0.085281
-0.506139 0.015287 -0.862317
0.487384 0.174011 -0.855673
0.980886 0.149425 -0.124639
0.633432 -0.031604 0.773152
-0.502692 0.041190 0.863484
-0.972782 0.195190 0.124881
-0.827239 -0.555157 -0.086466
-0.114717 -0.906435 0.406467
-0.366825 -0.775798 -0.513398
-0.314221 -0.199302 -0.928194
0.271881 -0.675148 -0.685753
0.573831 -0.151759 -0.804790
0.774376 -0.631275 0.042822
0.110467 -0.904743 0.411385
0.313430 0.119941 -0.942006
-0.661615 0.102710 -0.742776
-0.981967 0.189020 0.003487
-0.495942 0.196535 0.845822
0.522809 0.059409 0.850377
0.997219 -0.052691 0.052703
0.961820 -0.152851 -0.227021
-0.500106 0.006393 0.865941
0.574868 -0.091248 0.813143
0.998480 -0.046343 0.029822
0.965298 -0.181419 -0.187849
0.744187 -0.264688 -0.613292
0.062144 -0.175008 -0.982604
-0.999979 0.000824 -0.006470
-0.509469 -0.070762 0.857575
0.575705 -0.014026 0.817537
0.998823 -0.006816 0.048015
0.974975 -0.174240 -0.138071
0.620463 -0.501456 -0.602966
0.560866 -0.000678 0.827907
-0.515898 -0.006494 0.856625
0.987498 -0.034964 0.153708
-0.082280 -0.561001 0.823716
-0.472072 -0.094427 0.876488
-0.170946 -0.577139 0.798554
0.621342 -0.576140 -0.531034
0.750929 -0.638406 0.168951
0.586981 -0.785504 0.196054
0.228014 -0.655233 0.720194
0.592992 -0.422050 0.685736
0.183471 -0.579950 0.793723
0.442939 -0.007165 0.896523
-0.025062 -0.141943 0.989558
-0.000666 0.644689 0.764445
-0.405153 0.575709 0.710219
-0.446774 -0.823510 -0.349605
0.005638 -0.456905 -0.889498
0.076372 -0.827094 -0.556850
0.677903 -0.132765 -0.723063
0.998920 0.023211 -0.040242
0.823188 0.203941 0.529877
0.462375 0.627373 0.626589
0.038474 0.931091 0.362753
-0.319686 0.905090 0.280382
-0.662684 0.619675 0.420538
-0.000050 -0.998524 -0.054321
-0.587136 -0.785362 0.196155
-0.642056 -0.503294 -0.578324
-0.005556 -0.000241 -0.999985
0.580722 0.552906 -0.597543
0.822101 0.568338 0.033779
0.647693 0.666772 0.368658
0.337194 0.911797 0.234361
0.000000 0.998909 -0.046708
-0.228013 -0.655233 0.720194
-0.750929 -0.638405 0.168951
-0.678315 -0.054109 -0.732777
-0.017908 0.539396 -0.841862
0.281178 0.879144 -0.384767
0.445656 0.893560 -0.054235
-0.050185 0.868292 -0.493507
-0.554621 0.587998 -0.588773
-0.998920 0.023213 -0.040241
-0.781234 0.624044 -0.015588
-0.328580 0.890901 -0.313578
-0.421294 0.906915 -0.004086
-0.849075 0.174196 0.498726
-0.593040 -0.421968 0.685745
-0.999700 0.002116 0.024408
-0.960316 -0.132509 -0.245427
-0.967517 -0.134533 -0.214035
-0.550289 -0.003390 0.834967
-0.999810 -0.017892 0.007794
-0.628906 -0.122681 -0.767741
-0.857471 -0.210623 -0.469449
-0.216701 0.009631 -0.976191
-0.781172 -0.274778 -0.560595
0.328068 0.020941 -0.944422
0.646560 0.179240 -0.741508
0.980492 0.186809 -0.061133
-0.631981 -0.050555 0.773333
-0.313764 0.282723 0.906432
0.557658 0.318090 0.766705
0.966309 0.182504 0.181492
0.982720 0.023549 -0.183593
0.578341 -0.025385 -0.815400
0.404809 0.000764 -0.914401
0.320748 0.181075 0.929695
0.660923 0.022161 0.750127
0.993287 -0.044369 0.106825
0.358295 0.303980 -0.882735
0.286568 0.271942 -0.918655
-0.012543 0.398561 -0.917056
-0.221082 0.426209 -0.877194
-0.604325 0.517105 -0.606130
0.604325 0.517105 -0.606130
0.221082 0.426208 -0.877194
0.012543 0.398560 -0.917056
-0.286569 0.271942 -0.918654
-0.358296 0.303980 -0.882735
-0.497835 0.178470 -0.848710
-0.933504 -0.129421 0.334395
-0.296269 -0.030200 0.954627
-0.449743 0.485047 0.749974
0.454591 0.226408 0.861445
0.491549 -0.040000 0.869931
0.953616 -0.090223 0.287187
-0.850168 -0.273671 -0.449799
-0.930703 -0.300845 -0.208050
-0.966631 -0.235417 -0.101008
-0.819554 0.362277 0.443944
0.639661 0.647855 0.413663
0.976723 -0.194168 -0.091165
0.943416 -0.275893 -0.183980
0.887340 -0.260267 -0.380643
0.935985 -0.110807 0.334147
0.414662 0.219592 0.883082
0.459869 -0.027772 0.887552
-0.327206 -0.039015 0.944147
-0.485308 0.496122 0.719958
-0.952145 -0.106899 0.286345
-0.859015 -0.270826 -0.434449
-0.932328 -0.293026 -0.211898
-0.971482 -0.210854 -0.108460
-0.831802 0.398343 0.386559
0.630313 0.627635 0.456924
0.971114 -0.216057 -0.101281
0.936472 -0.282174 -0.208324
0.855350 -0.256577 -0.450049
0.005114 -0.999987 -0.000465
0.005116 -0.999987 -0.000463
0.005116 -0.999987 -0.000462
0.005116 -0.999987 -0.000461
0.005115 -0.999987 -0.000460
0.005112 -0.999987 -0.000462
0.005111 -0.999987 -0.000462
0.005108 -0.999987 -0.000466
0.014841 -0.999889 -0.001622
0.015147 -0.999885 -0.001160
0.015254 -0.999883 -0.000641
0.015257 -0.999884 -0.000204
0.014953 -0.999858 -0.007822
0.025424 -0.999674 -0.002437
0.030712 -0.999522 -0.003500
0.046863 -0.998764 0.016554
-0.717499 0.190346 -0.670048
-0.244684 0.955958 -0.162092
0.489575 0.614001 -0.619127
0.189104 0.787839 0.586131
-0.883111 0.453646 0.119670
0.744413 0.250053 0.619131
-0.584204 -0.000776 0.811607
-0.066537 -0.739331 0.670047
-0.819153 -0.573575 0.000002
0.124236 -0.985011 -0.119664
-0.200543 -0.548708 -0.811604
0.805003 -0.091757 -0.586132
0.814616 -0.556889 0.162099
0.584100 -0.010972 -0.811607
-0.473956 -0.045664 -0.879364
-0.348207 0.802174 -0.485045
-0.947025 -0.289599 -0.138838
0.053618 -0.740379 -0.670047
-0.870515 0.083283 0.485045
-0.141417 -0.982690 0.119669
0.190928 -0.552121 0.811609
0.809017 -0.587785 0.000000
0.720708 0.177798 0.670051
0.890894 0.438164 -0.119667
-0.017222 0.990165 0.138839
-0.103039 0.464872 0.879362
0.540045 -0.328174 0.775019
0.683488 -0.502024 -0.529921
0.901910 0.065744 0.426892
0.746759 0.664847 -0.018140
0.193592 0.600187 0.776078
0.249608 0.643666 -0.723457
-0.148889 0.988769 -0.012933
-0.510826 0.608240 0.607537
-0.592456 0.630246 -0.501783
0.120547 -0.471170 -0.873766
-0.354905 -0.655435 -0.666669
0.133909 -0.902997 0.408247
-0.761755 -0.170756 0.624957
-0.596086 0.310300 0.740537
0.047760 -0.521399 0.851975
-0.596224 0.137975 0.790873
-0.712604 0.099777 -0.694435
0.584398 -0.390283 -0.711448
0.765075 -0.306242 0.566459
-0.510786 -0.583573 -0.631300
0.386817 -0.805064 -0.449716
-0.898594 0.233306 -0.371613
0.132589 -0.542275 0.829673
-0.852549 -0.445703 0.272964
-0.600366 -0.368809 -0.709606
0.352746 -0.849707 -0.391878
0.465099 -0.850976 -0.243973
0.902534 0.217577 0.371609
0.343419 -0.661528 0.666667
0.758660 -0.184026 -0.624956
-0.149644 -0.900522 -0.408249
-0.250111 -0.602133 -0.758209
0.748262 -0.372120 -0.549210
-0.203011 -0.725098 -0.658041
-0.692142 -0.490022 -0.529922
-0.664281 -0.482541 0.570863
0.466208 -0.070523 0.881860
-0.238337 0.647924 -0.723457
0.443891 0.493092 -0.748211
-0.636296 -0.276493 -0.720194
0.691445 0.178447 -0.700043
-0.142025 -0.539873 -0.829678
0.844647 -0.460501 -0.272964
-0.367521 -0.843418 0.391887
-0.591124 -0.380016 0.711450
0.010215 -0.245504 0.969342
-0.183088 0.603474 0.776078
-0.900625 0.081473 0.426892
-0.735043 0.677778 -0.018141
0.166120 0.986021 -0.012933
0.617303 0.608993 0.498062
0.714236 0.087332 0.694435
0.593843 -0.379220 0.709607
-0.748904 -0.157306 -0.643737
-0.321891 0.071920 -0.944041
0.274800 -0.141623 -0.951014
0.000000 -0.067751 -0.997702
-0.188586 -0.194976 -0.962507
-0.070227 -0.146587 -0.986702
0.322352 0.071076 -0.943948
0.792791 -0.160872 -0.587880
0.300159 -0.135864 -0.944164
-0.003193 -0.132946 -0.991118
-0.716785 -0.102902 -0.689660
-0.945400 -0.023730 -0.325047
-0.944134 -0.126969 -0.304121
-0.922405 -0.282551 -0.263315
-0.784294 -0.126353 -0.607387
-0.451231 0.479200 -0.752833
-0.400777 0.482627 -0.778748
-0.470845 0.828672 -0.302667
-0.559988 0.683426 -0.468340
-0.366868 0.925603 0.093098
-0.102764 0.352241 -0.930250
0.061673 0.265179 -0.962225
0.392516 0.517972 -0.760024
0.509441 0.593165 -0.623398
-0.390718 -0.121758 -0.912422
0.597225 -0.110501 -0.794425
0.945400 -0.023730 -0.325047
0.944134 -0.126968 -0.304121
0.922404 -0.282552 -0.263315
0.784293 -0.126353 -0.607387
0.454090 0.477375 -0.752273
0.471705 0.831846 -0.292448
0.357422 0.927117 0.112713
0.890291 0.059226 -0.451525
0.909105 0.129994 -0.395766
0.995984 0.087474 0.019107
0.993330 0.080746 0.082319
0.737213 0.077548 0.671195
0.467879 0.112937 0.876547
0.037972 0.075983 0.996386
-0.071486 0.074260 0.994673
-0.436455 0.112913 0.892613
-0.718715 0.098206 0.688335
-0.976455 0.111954 0.184397
-0.984541 0.088601 -0.151093
-0.909105 0.129993 -0.395766
-0.890291 0.059225 -0.451525
0.998689 -0.051157 -0.001805
0.977420 -0.211265 0.004132
0.855511 -0.480891 -0.191951
0.809205 -0.586388 0.036571
0.443917 -0.843910 -0.301253
-0.000001 -0.826776 -0.562531
-0.030187 -0.944552 -0.326972
-0.502051 -0.804301 -0.317876
-0.855511 -0.480891 -0.191951
-0.809205 -0.586388 0.036571
-0.977420 -0.211265 0.004132
-0.998689 -0.051158 -0.001805
-0.438211 -0.892134 0.109856
0.003939 -0.988777 0.149350
0.439716 -0.866150 0.237557
0.546797 -0.662651 0.511768
0.052538 -0.873798 0.483442
-0.401382 -0.769587 0.496617
-0.465795 -0.211470 -0.859253
-0.339071 -0.791097 -0.509114
-0.752186 -0.657550 0.042941
-0.093235 -0.904131 0.416959
0.236446 -0.465814 0.852708
0.292634 -0.426118 0.856031
0.527908 -0.849300 0.001683
0.544012 -0.835992 -0.071891
0.395427 -0.551106 0.734792
0.609230 -0.785966 -0.105336
0.233392 -0.378954 -0.895501
0.245276 -0.325018 -0.913347
0.256182 -0.457255 -0.851639
-0.349852 0.393195 0.850295
-0.223716 0.341597 0.912832
-0.274168 0.352172 0.894878
0.186214 -0.279411 0.941941
0.582949 -0.794699 0.169186
0.408623 -0.538514 -0.736905
-0.182082 0.282480 -0.941834
-0.385076 0.559699 -0.733794
-0.560113 0.810759 -0.170128
-0.539788 0.835182 0.105355
-0.396377 0.548629 0.736132
-0.350251 0.160027 0.922884
0.223078 -0.651637 0.724986
0.424715 -0.888457 -0.173958
0.076039 -0.354448 -0.931979
-0.503656 0.460131 -0.731171
-0.697145 0.696041 0.171802
-0.264121 -0.452714 0.851640
-0.284832 -0.431185 0.856125
0.361209 0.379103 0.851944
0.376995 0.457485 0.805346
-0.319201 -0.411211 0.853824
0.214671 0.360470 0.907732
0.598477 0.797558 0.075671
0.570910 0.814807 -0.100755
0.634548 0.772882 0.001490
-0.542649 -0.839958 -0.001679
-0.607666 -0.787776 0.100751
-0.572052 -0.816720 -0.075667
-0.609548 -0.792735 -0.004733
-0.297923 -0.419387 0.857529
0.314983 0.412070 0.854976
0.586849 0.809691 0.003097
0.299896 0.427184 -0.852981
0.294991 0.422091 -0.857216
-0.277155 -0.313284 -0.908316
-0.327644 -0.399804 -0.856041
-0.271087 -0.626013 -0.731177
-0.431151 -0.885771 0.171812
-0.037286 -0.383264 0.922886
0.543510 0.423084 0.724980
0.701776 0.690834 -0.173950
0.310380 0.187292 -0.931980
0.581852 0.089772 0.808325
0.581852 0.089771 0.808325
0.990822 0.089234 0.101537
0.987692 0.089539 -0.128244
0.570890 0.089322 -0.816153
0.570890 0.089322 -0.816153
-0.570891 0.089322 -0.816153
-0.570891 0.089322 -0.816153
-0.987692 0.089539 -0.128244
-0.990822 0.089233 0.101536
-0.581852 0.089771 0.808325
-0.581852 0.089771 0.808325
-0.336550 0.849111 0.407117
-0.304441 0.536400 0.787141
0.516312 0.737979 0.434521
0.084862 0.717876 0.690979
0.621808 0.538331 0.568818
0.800555 0.086352 0.593005
0.003761 0.224411 0.974487
-0.508831 0.689556 0.515368
-0.802039 0.083108 0.591461
-0.497787 0.765330 0.408017
-0.172256 0.739634 0.650591
0.304298 0.497404 0.812399
0.328290 0.851550 0.408764
0.012044 0.109646 0.993898
0.673288 -0.161421 0.721545
0.711024 -0.263740 0.651833
0.821596 -0.396575 0.409523
0.905242 -0.149622 0.397681
0.631038 -0.149660 0.761178
0.898590 -0.057891 0.434954
0.464908 -0.215929 0.858624
0.000000 -0.213801 0.976877
0.000000 -0.250818 0.968034
-0.464907 -0.215930 0.858624
-0.631038 -0.149661 0.761179
-0.605702 -0.079549 0.791705
-0.711024 -0.263741 0.651833
-0.821595 -0.396576 0.409523
-0.905242 -0.149622 0.397681
-0.898590 -0.057891 0.434954
-0.240079 0.970344 0.028193
-0.502520 0.862105 -0.065186
-0.180541 0.668441 0.721521
-0.365907 0.367939 0.854829
-0.070332 -0.335634 0.939363
-0.252486 -0.380430 0.889676
-0.978084 0.136211 0.157473
-0.380188 -0.923875 -0.043715
-0.852187 -0.151149 -0.500931
-0.116142 -0.566833 -0.815605
-0.354187 0.498530 -0.791214
-0.349124 0.247762 -0.903729
-0.620964 0.783837 -0.001491
-0.354540 0.385348 -0.851944
-0.307717 0.417064 -0.855200
-0.597978 0.798284 0.071867
0.100194 0.523534 0.846093
0.249656 0.346337 0.904280
0.171040 0.969488 0.175611
0.515581 0.856804 0.008000
0.319300 0.513854 -0.796243
0.460244 0.418431 -0.783001
0.257697 -0.394658 -0.881951
0.901740 -0.147569 -0.406312
0.455296 -0.838018 -0.300720
0.995149 0.037658 0.090891
0.238494 -0.593160 0.768949
0.198509 -0.309940 0.929802
0.356660 0.387029 -0.850295
-0.244542 -0.461616 -0.852708
0.318787 0.408120 -0.855461
-0.319929 -0.497524 -0.806297
798
0 0 1 2 0 1 2 1
0 2 3 0 2 3 0 1
0 3 4 0 3 4 0 1
0 0 4 5 0 4 5 1
0 4 6 5 4 6 5 1
0 5 6 7 5 6 7 1
0 6 8 7 6 8 7 1
0 7 8 9 7 8 9 1
0 8 10 9 8 10 9 1
0 9 10 11 9 10 11 1
0 10 12 11 10 12 11 1
0 11 12 13 11 12 13 1
0 12 14 13 12 14 13 1
0 13 14 15 13 14 15 1
0 14 16 15 14 16 15 1
0 6 17 8 6 17 8 1
0 17 18 8 17 18 8 1
0 8 18 10 8 18 10 1
0 18 19 10 18 19 10 1
0 10 19 12 10 19 12 1
0 19 20 12 19 20 12 1
0 12 20 14 12 20 14 1
0 20 21 14 20 21 14 1
0 14 21 16 14 21 16 1
0 21 22 16 21 22 16 1
0 16 22 23 16 22 23 1
0 23 22 24 23 22 24 1
0 22 25 24 22 25 24 1
0 25 26 24 25 26 24 1
0 15 16 27 15 16 27 1
0 16 23 27 16 23 27 1
0 23 28 27 23 28 27 1
0 28 29 27 28 29 27 1
0 27 29 30 27 29 30 1
0 29 31 30 29 31 30 1
0 30 31 32 30 31 32 1
0 31 33 32 31 33 32 1
0 32 33 34 32 33 34 1
0 33 35 34 33 35 34 1
0 34 35 36 34 35 36 1
0 36 35 26 36 35 26 1
0 35 37 26 35 37 26 1
0 26 37 24 26 37 24 1
0 38 39 28 38 39 28 1
0 28 39 29 28 39 29 1
0 39 40 29 39 40 29 1
0 29 40 31 29 40 31 1
0 31 40 33 31 40 33 1
0 40 41 33 40 41 33 1
0 33 41 42 33 41 42 1
0 41 43 42 41 43 42 1
0 43 44 42 43 44 42 1
0 42 44 33 42 44 33 1
0 33 44 35 33 44 35 1
0 44 43 35 44 43 35 1
0 35 43 45 35 43 45 1
0 43 46 45 43 46 45 1
0 28 47 38 28 47 38 1
0 38 47 48 38 47 48 1
0 47 37 48 47 37 48 1
0 37 49 48 37 49 48 1
0 48 49 50 48 49 50 1
0 49 51 50 49 51 50 1
0 51 52 50 51 52 50 1
0 50 52 53 50 52 53 1
0 52 54 53 52 54 53 1
0 53 54 55 53 54 55 1
0 54 43 55 54 43 55 1
0 55 43 41 55 43 41 1
0 37 47 24 37 47 24 1
0 24 47 23 24 47 23 1
0 47 28 23 47 28 23 1
0 54 52 56 54 52 56 1
0 52 57 56 52 57 56 1
0 56 57 58 56 57 58 1
0 57 59 58 57 59 58 1
0 58 59 60 58 59 60 1
0 59 61 60 59 61 60 1
0 61 62 60 61 62 60 1
0 43 54 46 43 54 46 1
0 54 56 46 54 56 46 1
0 46 56 63 46 56 63 1
0 56 58 63 56 58 63 1
0 63 58 64 63 58 64 1
0 58 60 64 58 60 64 1
0 60 62 64 60 62 64 1
0 64 62 65 64 62 65 1
0 65 62 66 65 62 66 1
0 62 67 66 62 67 66 1
0 66 67 68 66 67 68 1
0 67 69 68 67 69 68 1
0 68 69 70 68 69 70 1
0 69 71 70 69 71 70 1
0 45 46 72 45 46 72 1
0 46 63 72 46 63 72 1
0 72 63 73 72 63 73 1
0 63 64 73 63 64 73 1
0 73 64 74 73 64 74 1
0 64 65 74 64 65 74 1
0 74 65 75 74 65 75 1
0 65 66 75 65 66 75 1
0 75 66 76 75 66 76 1
0 66 68 76 66 68 76 1
0 76 68 77 76 68 77 1
0 68 70 77 68 70 77 1
0 77 70 78 77 70 78 1
0 70 79 78 70 79 78 1
0 70 71 79 70 71 79 1
0 71 80 79 71 80 79 1
0 80 81 79 80 81 79 1
0 79 81 82 79 81 82 1
0 82 81 83 82 81 83 1
0 81 84 83 81 84 83 1
0 83 84 85 83 84 85 1
0 84 86 85 84 86 85 1
0 86 87 85 86 87 85 1
0 85 87 88 85 87 88 1
0 88 87 78 88 87 78 1
0 78 87 77 78 87 77 1
0 87 86 77 87 86 77 1
0 77 86 89 77 86 89 1
0 86 84 89 86 84 89 1
0 89 84 90 89 84 90 1
0 84 81 90 84 81 90 1
0 81 80 90 81 80 90 1
0 90 80 91 90 80 91 1
0 91 80 92 91 80 92 1
0 80 71 92 80 71 92 1
0 71 69 92 71 69 92 1
0 92 69 93 92 69 93 1
0 69 67 93 69 67 93 1
0 93 67 94 93 67 94 1
0 67 62 94 67 62 94 1
0 94 62 95 94 62 95 1
0 62 61 95 62 61 95 1
0 91 92 96 91 92 96 1
0 92 93 96 92 93 96 1
0 96 93 97 96 93 97 1
0 93 94 97 93 94 97 1
0 97 94 98 97 94 98 1
0 94 95 98 94 95 98 1
0 98 95 99 98 95 99 1
0 99 95 100 99 95 100 1
0 95 61 100 95 61 100 1
0 61 59 100 61 59 100 1
0 100 59 101 100 59 101 1
0 59 57 101 59 57 101 1
0 101 57 51 101 57 51 1
0 57 52 51 57 52 51 1
0 75 102 74 75 102 74 1
0 74 102 103 74 102 103 1
0 102 96 103 102 96 103 1
0 96 97 103 96 97 103 1
0 103 97 104 103 97 104 1
0 97 98 104 97 98 104 1
0 104 98 105 104 98 105 1
0 98 99 105 98 99 105 1
0 105 99 106 105 99 106 1
0 106 99 107 106 99 107 1
0 99 100 107 99 100 107 1
0 100 101 107 100 101 107 1
0 107 101 49 107 101 49 1
0 101 51 49 101 51 49 1
0 105 108 104 105 108 104 1
0 108 109 104 108 109 104 1
0 104 109 103 104 109 103 1
0 103 109 74 103 109 74 1
0 74 109 73 74 109 73 1
0 73 109 72 73 109 72 1
0 109 108 72 109 108 72 1
0 72 108 45 72 108 45 1
0 108 110 45 108 110 45 1
0 45 110 35 45 110 35 1
0 110 106 35 110 106 35 1
0 35 106 37 35 106 37 1
0 106 107 37 106 107 37 1
0 107 49 37 107 49 37 1
0 108 105 110 108 105 110 1
0 105 106 110 105 106 110 1
0 111 112 113 111 112 113 1
0 114 115 116 114 115 116 1
0 116 115 117 116 115 117 1
0 115 118 117 115 118 117 1
0 117 118 119 117 118 119 1
0 118 120 119 118 120 119 1
0 119 120 121 119 120 121 1
0 120 122 121 120 122 121 1
0 122 123 121 122 123 121 1
0 123 112 121 123 112 121 1
0 112 111 121 112 111 121 1
0 121 111 119 121 111 119 1
0 124 125 126 124 125 126 1
0 126 125 114 126 125 114 1
0 125 127 114 125 127 114 1
0 114 127 115 114 127 115 1
0 127 128 115 127 128 115 1
0 115 128 118 115 128 118 1
0 128 129 118 128 129 118 1
0 118 129 120 118 129 120 1
0 129 130 120 129 130 120 1
0 120 130 122 120 130 122 1
0 130 131 122 130 131 122 1
0 131 132 122 131 132 122 1
0 122 132 123 122 132 123 1
0 132 133 123 132 133 123 1
0 134 135 124 134 135 124 1
0 135 136 124 135 136 124 1
0 124 136 125 124 136 125 1
0 136 137 125 136 137 125 1
0 125 137 127 125 137 127 1
0 137 138 127 137 138 127 1
0 127 138 128 127 138 128 1
0 138 139 128 138 139 128 1
0 128 139 129 128 139 129 1
0 139 140 129 139 140 129 1
0 129 140 130 129 140 130 1
0 140 141 130 140 141 130 1
0 130 141 131 130 141 131 1
0 141 142 131 141 142 131 1
0 143 144 135 143 144 135 1
0 135 144 136 135 144 136 1
0 144 145 136 144 145 136 1
0 136 145 137 136 145 137 1
0 145 146 137 145 146 137 1
0 137 146 138 137 146 138 1
0 146 147 138 146 147 138 1
0 147 148 138 147 148 138 1
0 138 148 139 138 148 139 1
0 139 148 140 139 148 140 1
0 140 148 141 140 148 141 1
0 141 148 142 141 148 142 1
0 148 147 142 148 147 142 1
0 142 147 149 142 147 149 1
0 147 146 149 147 146 149 1
0 149 146 150 149 146 150 1
0 146 145 150 146 145 150 1
0 150 145 151 150 145 151 1
0 145 144 151 145 144 151 1
0 151 152 150 151 152 150 1
0 152 153 150 152 153 150 1
0 150 153 149 150 153 149 1
0 149 153 142 149 153 142 1
0 142 153 154 142 153 154 1
0 153 152 154 153 152 154 1
0 131 142 132 131 142 132 1
0 142 154 132 142 154 132 1
0 132 154 133 132 154 133 1
0 154 152 133 154 152 133 1
0 133 152 155 133 152 155 1
0 152 151 155 152 151 155 1
0 155 151 156 155 151 156 1
0 151 144 156 151 144 156 1
0 144 143 156 144 143 156 1
0 143 113 156 143 113 156 1
0 113 112 156 113 112 156 1
0 156 112 155 156 112 155 1
0 155 112 133 155 112 133 1
0 112 123 133 112 123 133 1
0 157 32 34 157 32 34 1
0 158 157 159 158 157 159 1
0 157 34 159 157 34 159 1
0 159 34 36 159 34 36 1
0 30 32 160 30 32 160 1
0 32 157 160 32 157 160 1
0 160 157 161 160 157 161 1
0 157 158 161 157 158 161 1
0 161 158 162 161 158 162 1
0 158 163 162 158 163 162 1
0 162 163 164 162 163 164 1
0 163 165 164 163 165 164 1
0 164 165 25 164 165 25 1
0 25 165 26 25 165 26 1
0 26 165 36 26 165 36 1
0 36 165 159 36 165 159 1
0 165 163 159 165 163 159 1
0 159 163 158 159 163 158 1
0 27 30 15 27 30 15 1
0 30 160 15 30 160 15 1
0 15 160 13 15 160 13 1
0 160 161 13 160 161 13 1
0 13 161 11 13 161 11 1
0 161 162 11 161 162 11 1
0 11 162 9 11 162 9 1
0 162 166 9 162 166 9 1
0 9 166 7 9 166 7 1
0 166 167 7 166 167 7 1
0 7 167 5 7 167 5 1
0 167 168 5 167 168 5 1
0 5 168 0 5 168 0 1
0 168 1 0 168 1 0 1
0 17 169 170 17 169 170 1
0 169 1 170 169 1 170 1
0 170 1 171 170 1 171 1
0 1 168 171 1 168 171 1
0 171 168 172 171 168 172 1
0 168 167 172 168 167 172 1
0 172 167 173 172 167 173 1
0 167 166 173 167 166 173 1
0 173 166 174 173 166 174 1
0 166 162 174 166 162 174 1
0 162 164 174 162 164 174 1
0 174 164 175 174 164 175 1
0 164 25 175 164 25 175 1
0 175 25 22 175 25 22 1
0 17 170 18 17 170 18 1
0 18 170 176 18 170 176 1
0 170 171 176 170 171 176 1
0 171 172 176 171 172 176 1
0 176 172 177 176 172 177 1
0 172 173 177 172 173 177 1
0 177 173 178 177 173 178 1
0 173 174 178 173 174 178 1
0 178 174 21 178 174 21 1
0 174 175 21 174 175 21 1
0 175 22 21 175 22 21 1
0 18 176 19 18 176 19 1
0 176 177 19 176 177 19 1
0 19 177 20 19 177 20 1
0 177 178 20 177 178 20 1
0 20 178 21 20 178 21 1
0 179 180 181 179 180 181 1
0 180 182 181 180 182 181 1
0 181 182 183 181 182 183 1
0 184 185 186 184 185 186 1
0 185 187 186 185 187 186 1
0 186 187 188 186 187 188 1
0 102 75 189 102 75 189 1
0 75 76 189 75 76 189 1
0 96 102 91 96 102 91 1
0 102 189 91 102 189 91 1
0 91 189 90 91 189 90 1
0 90 189 89 90 189 89 1
0 189 76 89 189 76 89 1
0 89 76 77 89 76 77 1
0 190 191 192 190 191 192 1
0 192 191 193 192 191 193 1
0 191 194 193 191 194 193 1
0 193 194 195 193 194 195 1
0 196 197 198 196 197 198 1
0 197 190 198 197 190 198 1
0 198 190 199 198 190 199 1
0 190 192 199 190 192 199 1
0 199 192 200 199 192 200 1
0 192 193 200 192 193 200 1
0 193 195 200 193 195 200 1
0 200 195 201 200 195 201 1
0 195 202 201 195 202 201 1
0 201 202 203 201 202 203 1
0 204 205 206 204 205 206 1
0 206 205 207 206 205 207 1
0 205 208 207 205 208 207 1
0 207 208 209 207 208 209 1
0 210 211 212 210 211 212 1
0 211 209 212 211 209 212 1
0 212 209 213 212 209 213 1
0 209 208 213 209 208 213 1
0 213 208 214 213 208 214 1
0 208 205 214 208 205 214 1
0 205 204 214 205 204 214 1
0 214 204 215 214 204 215 1
0 204 216 215 204 216 215 1
0 215 216 217 215 216 217 1
0 218 219 220 218 219 220 1
0 219 221 220 219 221 220 1
0 220 221 222 220 221 222 1
0 221 223 222 221 223 222 1
0 222 223 224 222 223 224 1
0 223 225 224 223 225 224 1
0 226 227 228 226 227 228 1
0 227 229 228 227 229 228 1
0 228 229 230 228 229 230 1
0 229 231 230 229 231 230 1
0 230 231 232 230 231 232 1
0 231 233 232 231 233 232 1
0 234 235 236 234 235 236 1
0 236 235 237 236 235 237 1
0 237 235 238 237 235 238 1
0 235 234 238 235 234 238 1
0 239 240 241 239 240 241 1
0 240 242 241 240 242 241 1
0 241 242 243 241 242 243 1
0 242 244 243 242 244 243 1
0 243 244 245 243 244 245 1
0 244 236 245 244 236 245 1
0 245 236 239 245 236 239 1
0 236 237 239 236 237 239 1
0 239 237 240 239 237 240 1
0 237 238 240 237 238 240 1
0 240 238 242 240 238 242 1
0 238 234 242 238 234 242 1
0 242 234 244 242 234 244 1
0 234 236 244 234 236 244 1
0 239 241 246 239 241 246 1
0 241 243 246 241 243 246 1
0 243 245 246 243 245 246 1
0 246 245 239 246 245 239 1
0 247 248 249 247 248 249 1
0 249 248 250 249 248 250 1
0 250 248 251 250 248 251 1
0 248 247 251 248 247 251 1
0 252 253 254 252 253 254 1
0 253 255 254 253 255 254 1
0 254 255 256 254 255 256 1
0 255 257 256 255 257 256 1
0 256 257 258 256 257 258 1
0 257 249 258 257 249 258 1
0 258 249 252 258 249 252 1
0 249 250 252 249 250 252 1
0 252 250 253 252 250 253 1
0 250 251 253 250 251 253 1
0 253 251 255 253 251 255 1
0 251 247 255 251 247 255 1
0 255 247 257 255 247 257 1
0 247 249 257 247 249 257 1
0 256 258 259 256 258 259 1
0 258 252 259 258 252 259 1
0 252 254 259 252 254 259 1
0 259 254 256 259 254 256 1
0 260 261 262 260 261 262 1
0 261 263 262 261 263 262 1
0 263 264 262 263 264 262 1
0 262 264 260 262 264 260 1
0 261 265 263 261 265 263 1
0 265 266 263 265 266 263 1
0 263 266 264 263 266 264 1
0 264 266 267 264 266 267 1
0 267 266 268 267 266 268 1
0 266 265 268 266 265 268 1
0 268 265 269 268 265 269 1
0 265 261 269 265 261 269 1
0 270 271 272 270 271 272 1
0 271 260 272 271 260 272 1
0 272 260 273 272 260 273 1
0 260 264 273 260 264 273 1
0 273 264 274 273 264 274 1
0 264 267 274 264 267 274 1
0 274 267 275 274 267 275 1
0 267 268 275 267 268 275 1
0 275 268 276 275 268 276 1
0 268 269 276 268 269 276 1
0 276 269 277 276 269 277 1
0 269 274 277 269 274 277 1
0 277 274 278 277 274 278 1
0 274 275 278 274 275 278 1
0 274 269 279 274 269 279 1
0 269 261 279 269 261 279 1
0 279 261 280 279 261 280 1
0 261 260 280 261 260 280 1
0 260 271 280 260 271 280 1
0 271 270 280 271 270 280 1
0 280 270 279 280 270 279 1
0 279 270 281 279 270 281 1
0 270 272 281 270 272 281 1
0 272 273 281 272 273 281 1
0 281 273 279 281 273 279 1
0 273 274 279 273 274 279 1
0 278 275 282 278 275 282 1
0 282 275 283 282 275 283 1
0 275 276 283 275 276 283 1
0 283 276 284 283 276 284 1
0 276 277 284 276 277 284 1
0 284 277 285 284 277 285 1
0 277 278 285 277 278 285 1
0 278 282 285 278 282 285 1
0 282 283 285 282 283 285 1
0 285 283 284 285 283 284 1
0 124 126 134 124 126 134 1
0 126 286 134 126 286 134 1
0 134 286 116 134 286 116 1
0 116 286 114 116 286 114 1
0 286 126 114 286 126 114 1
0 287 288 289 287 288 289 1
0 288 290 289 288 290 289 1
0 290 291 289 290 291 289 1
0 291 292 289 291 292 289 1
0 289 292 287 289 292 287 1
0 293 292 294 293 292 294 1
0 292 291 294 292 291 294 1
0 294 291 295 294 291 295 1
0 291 290 295 291 290 295 1
0 290 288 295 290 288 295 1
0 295 288 296 295 288 296 1
0 288 287 296 288 287 296 1
0 287 292 296 287 292 296 1
0 296 292 293 296 292 293 1
0 294 297 293 294 297 293 1
0 297 298 293 297 298 293 1
0 293 298 299 293 298 299 1
0 298 300 299 298 300 299 1
0 299 300 301 299 300 301 1
0 300 302 301 300 302 301 1
0 302 303 301 302 303 301 1
0 301 303 299 301 303 299 1
0 303 304 299 303 304 299 1
0 299 304 293 299 304 293 1
0 304 305 293 304 305 293 1
0 293 305 296 293 305 296 1
0 305 306 296 305 306 296 1
0 296 306 295 296 306 295 1
0 306 307 295 306 307 295 1
0 295 307 294 295 307 294 1
0 307 308 294 307 308 294 1
0 294 308 297 294 308 297 1
0 308 309 297 308 309 297 1
0 297 309 298 297 309 298 1
0 309 310 298 309 310 298 1
0 298 310 300 298 310 300 1
0 310 311 300 310 311 300 1
0 300 311 302 300 311 302 1
0 311 312 302 311 312 302 1
0 302 312 303 302 312 303 1
0 303 312 304 303 312 304 1
0 312 311 304 312 311 304 1
0 304 311 305 304 311 305 1
0 311 310 305 311 310 305 1
0 305 310 306 305 310 306 1
0 310 309 306 310 309 306 1
0 309 308 306 309 308 306 1
0 306 308 307 306 308 307 1
0 313 314 315 313 314 315 1
0 314 316 315 314 316 315 1
0 315 316 317 315 316 317 1
0 317 316 318 317 316 318 1
0 316 319 318 316 319 318 1
0 318 319 320 318 319 320 1
0 317 321 315 317 321 315 1
0 321 322 315 321 322 315 1
0 315 322 313 315 322 313 1
0 322 323 313 322 323 313 1
0 323 324 313 323 324 313 1
0 324 325 313 324 325 313 1
0 325 326 313 325 326 313 1
0 326 327 313 326 327 313 1
0 313 327 314 313 327 314 1
0 327 328 314 327 328 314 1
0 314 328 329 314 328 329 1
0 328 330 329 328 330 329 1
0 329 330 331 329 330 331 1
0 330 332 331 330 332 331 1
0 331 333 329 331 333 329 1
0 333 334 329 333 334 329 1
0 329 334 314 329 334 314 1
0 314 334 316 314 334 316 1
0 316 334 319 316 334 319 1
0 319 334 335 319 334 335 1
0 335 334 336 335 334 336 1
0 334 333 336 334 333 336 1
0 321 317 337 321 317 337 1
0 317 318 337 317 318 337 1
0 337 318 338 337 318 338 1
0 318 320 338 318 320 338 1
0 338 320 339 338 320 339 1
0 339 320 340 339 320 340 1
0 340 320 341 340 320 341 1
0 341 320 342 341 320 342 1
0 320 319 342 320 319 342 1
0 342 319 343 342 319 343 1
0 319 335 343 319 335 343 1
0 343 335 344 343 335 344 1
0 335 336 344 335 336 344 1
0 344 336 345 344 336 345 1
0 346 347 348 346 347 348 1
0 347 349 348 347 349 348 1
0 349 350 348 349 350 348 1
0 348 350 351 348 350 351 1
0 350 352 351 350 352 351 1
0 351 352 353 351 352 353 1
0 352 354 353 352 354 353 1
0 353 354 355 353 354 355 1
0 354 356 355 354 356 355 1
0 355 356 357 355 356 357 1
0 356 358 357 356 358 357 1
0 357 358 359 357 358 359 1
0 360 361 362 360 361 362 1
0 361 363 362 361 363 362 1
0 363 364 362 363 364 362 1
0 362 364 365 362 364 365 1
0 364 366 365 364 366 365 1
0 366 367 365 366 367 365 1
0 365 367 368 365 367 368 1
0 367 369 368 367 369 368 1
0 369 370 368 369 370 368 1
0 368 370 371 368 370 371 1
0 369 367 372 369 367 372 1
0 367 366 372 367 366 372 1
0 372 366 373 372 366 373 1
0 366 364 373 366 364 373 1
0 373 364 374 373 364 374 1
0 364 363 374 364 363 374 1
0 363 375 374 363 375 374 1
0 375 376 374 375 376 374 1
0 374 376 373 374 376 373 1
0 376 377 373 376 377 373 1
0 373 377 372 373 377 372 1
0 377 369 372 377 369 372 1
0 17 6 378 17 6 378 1
0 6 4 378 6 4 378 1
0 4 3 378 4 3 378 1
0 3 379 378 3 379 378 1
0 378 379 380 378 379 380 1
0 379 381 380 379 381 380 1
0 381 169 380 381 169 380 1
0 169 17 380 169 17 380 1
0 380 17 378 380 17 378 1
0 382 383 384 382 383 384 1
0 384 383 385 384 383 385 1
0 383 386 385 383 386 385 1
0 386 387 385 386 387 385 1
0 387 388 385 387 388 385 1
0 388 389 385 388 389 385 1
0 389 390 385 389 390 385 1
0 385 390 384 385 390 384 1
0 391 392 382 391 392 382 1
0 382 392 383 382 392 383 1
0 392 393 383 392 393 383 1
0 383 393 386 383 393 386 1
0 393 394 386 393 394 386 1
0 394 395 386 394 395 386 1
0 386 395 387 386 395 387 1
0 395 396 387 395 396 387 1
0 387 396 388 387 396 388 1
0 396 397 388 396 397 388 1
0 388 397 398 388 397 398 1
0 397 399 398 397 399 398 1
0 398 399 400 398 399 400 1
0 399 401 400 399 401 400 1
0 400 401 393 400 401 393 1
0 393 401 394 393 401 394 1
0 401 402 394 401 402 394 1
0 402 403 394 402 403 394 1
0 394 403 395 394 403 395 1
0 403 404 395 403 404 395 1
0 395 404 396 395 404 396 1
0 404 405 396 404 405 396 1
0 396 405 397 396 405 397 1
0 405 406 397 405 406 397 1
0 397 406 399 397 406 399 1
0 406 407 399 406 407 399 1
0 399 407 401 399 407 401 1
0 407 402 401 407 402 401 1
0 408 409 410 408 409 410 1
0 410 409 411 410 409 411 1
0 409 412 411 409 412 411 1
0 412 413 411 412 413 411 1
0 413 414 411 413 414 411 1
0 414 415 411 414 415 411 1
0 415 416 411 415 416 411 1
0 411 416 410 411 416 410 1
0 417 418 408 417 418 408 1
0 408 418 409 408 418 409 1
0 418 419 409 418 419 409 1
0 409 419 412 409 419 412 1
0 419 420 412 419 420 412 1
0 420 421 412 420 421 412 1
0 412 421 413 412 421 413 1
0 421 422 413 421 422 413 1
0 413 422 414 413 422 414 1
0 422 423 414 422 423 414 1
0 414 423 424 414 423 424 1
0 423 425 424 423 425 424 1
0 424 425 426 424 425 426 1
0 425 427 426 425 427 426 1
0 426 427 419 426 427 419 1
0 419 427 420 419 427 420 1
0 427 428 420 427 428 420 1
0 428 429 420 428 429 420 1
0 420 429 421 420 429 421 1
0 429 430 421 429 430 421 1
0 421 430 422 421 430 422 1
0 430 431 422 430 431 422 1
0 422 431 423 422 431 423 1
0 431 432 423 431 432 423 1
0 423 432 425 423 432 425 1
0 432 433 425 432 433 425 1
0 425 433 427 425 433 427 1
0 433 428 427 433 428 427 1
0 434 435 436 434 435 436 1
0 435 437 436 435 437 436 1
0 436 437 438 436 437 438 1
0 437 439 438 437 439 438 1
0 439 440 438 439 440 438 1
0 438 440 441 438 440 441 1
0 441 440 442 441 440 442 1
0 440 443 442 440 443 442 1
0 442 443 444 442 443 444 1
0 443 445 444 443 445 444 1
0 445 435 444 445 435 444 1
0 444 435 434 444 435 434 1
0 446 447 448 446 447 448 1
0 447 449 448 447 449 448 1
0 449 450 448 449 450 448 1
0 448 450 451 448 450 451 1
0 451 450 452 451 450 452 1
0 450 453 452 450 453 452 1
0 452 453 454 452 453 454 1
0 454 453 455 454 453 455 1
0 453 456 455 453 456 455 1
0 456 457 455 456 457 455 1
0 455 457 458 455 457 458 1
0 450 449 453 450 449 453 1
0 453 449 456 453 449 456 1
0 449 459 456 449 459 456 1
0 456 459 457 456 459 457 1
0 459 460 457 459 460 457 1
0 457 460 461 457 460 461 1
0 461 460 462 461 460 462 1
0 462 460 463 462 460 463 1
0 460 464 463 460 464 463 1
0 463 464 465 463 464 465 1
0 465 464 466 465 464 466 1
0 464 467 466 464 467 466 1
0 466 467 468 466 467 468 1
0 467 469 468 467 469 468 1
0 460 459 464 460 459 464 1
0 464 459 467 464 459 467 1
0 467 459 470 467 459 470 1
0 470 459 471 470 459 471 1
0 459 449 471 459 449 471 1
0 449 447 471 449 447 471 1
0 447 472 471 447 472 471 1
0 472 473 471 472 473 471 1
0 473 474 471 473 474 471 1
0 471 474 470 471 474 470 1
0 474 475 470 474 475 470 1
0 475 469 470 475 469 470 1
0 469 467 470 469 467 470 1
0 476 477 478 476 477 478 1
0 477 479 478 477 479 478 1
0 478 479 480 478 479 480 1
0 479 481 480 479 481 480 1
0 480 481 482 480 481 482 1
0 481 483 482 481 483 482 1
0 482 483 484 482 483 484 1
0 483 485 484 483 485 484 1
0 484 485 486 484 485 486 1
0 485 487 486 485 487 486 1
0 487 477 486 487 477 486 1
0 486 477 476 486 477 476 1
0 481 479 391 481 479 391 1
0 391 479 488 391 479 488 1
0 479 477 488 479 477 488 1
0 488 477 489 488 477 489 1
0 477 487 489 477 487 489 1
0 489 487 390 489 487 390 1
0 487 485 390 487 485 390 1
0 390 485 384 390 485 384 1
0 485 483 384 485 483 384 1
0 384 483 382 384 483 382 1
0 483 481 382 483 481 382 1
0 481 391 382 481 391 382 1
0 390 389 489 390 389 489 1
0 489 389 490 489 389 490 1
0 389 388 490 389 388 490 1
0 388 398 490 388 398 490 1
0 490 398 491 490 398 491 1
0 398 400 491 398 400 491 1
0 400 393 491 400 393 491 1
0 393 392 491 393 392 491 1
0 392 391 491 392 391 491 1
0 391 488 491 391 488 491 1
0 491 488 490 491 488 490 1
0 488 489 490 488 489 490 1
0 492 493 494 492 493 494 1
0 493 495 494 493 495 494 1
0 494 495 496 494 495 496 1
0 495 497 496 495 497 496 1
0 497 498 496 497 498 496 1
0 496 498 499 496 498 499 1
0 498 500 499 498 500 499 1
0 499 500 501 499 500 501 1
0 500 502 501 500 502 501 1
0 501 502 503 501 502 503 1
0 502 493 503 502 493 503 1
0 503 493 492 503 493 492 1
0 417 408 502 417 408 502 1
0 502 408 493 502 408 493 1
0 408 410 493 408 410 493 1
0 493 410 495 493 410 495 1
0 410 416 495 410 416 495 1
0 495 416 497 495 416 497 1
0 416 504 497 416 504 497 1
0 497 504 498 497 504 498 1
0 504 505 498 504 505 498 1
0 498 505 500 498 505 500 1
0 505 417 500 505 417 500 1
0 500 417 502 500 417 502 1
0 416 415 504 416 415 504 1
0 504 415 506 504 415 506 1
0 415 414 506 415 414 506 1
0 414 424 506 414 424 506 1
0 506 424 507 506 424 507 1
0 424 426 507 424 426 507 1
0 426 419 507 426 419 507 1
0 419 418 507 419 418 507 1
0 418 417 507 418 417 507 1
0 417 505 507 417 505 507 1
0 507 505 506 507 505 506 1
0 505 504 506 505 504 506 1
"Tex_0016_0_dds" 0 1
30
0 -0.240956 0.541022 1.197340 0.127134 1.582864 10
0 -0.000115 0.479948 1.253996 0.012825 1.615275 10
0 -0.000195 0.545197 1.394876 0.012837 1.581068 10
0 -0.462455 1.115123 1.076138 0.243365 1.280476 10
0 -0.634492 0.867044 0.836288 0.379708 1.410628 10
0 -0.419694 0.869454 1.071039 0.229986 1.409775 10
0 -0.606357 0.594182 0.941650 0.332148 1.554323 10
0 -0.315200 0.229050 1.126293 0.173843 1.746876 10
0 0.000252 0.269274 1.291833 0.012825 1.726155 10
0 0.240510 0.541855 1.197339 0.127134 1.582864 10
0 -0.000422 0.674768 1.390152 0.012837 1.512887 10
0 -0.000767 0.871101 1.216375 0.012840 1.409428 10
0 -0.001157 1.076798 1.218588 0.012825 1.301197 10
0 0.418100 0.870914 1.071036 0.229986 1.409775 10
0 0.000990 -0.153687 1.111944 0.012825 1.948533 10
0 -0.208443 -0.122843 1.056350 0.139404 1.932063 10
0 -0.507164 0.076260 0.725993 0.410457 1.826726 10
0 -0.657390 0.444655 0.317372 0.622317 1.632374 10
0 -0.681871 0.906581 0.322491 0.616276 1.389310 10
0 0.210314 -0.122111 1.056349 0.139404 1.932063 10
0 0.315843 0.230154 1.126292 0.173843 1.746876 10
0 0.508336 0.078031 0.725990 0.410457 1.826726 10
0 0.605722 0.596292 0.941645 0.332148 1.554323 10
0 0.657273 0.446955 0.317368 0.622317 1.632374 10
0 0.632904 0.869252 0.836284 0.379708 1.410628 10
0 0.460003 1.116735 1.076136 0.243365 1.280476 10
0 -0.001980 1.548488 1.072290 0.012825 1.052878 10
0 -0.467811 1.512320 0.953321 0.287412 1.071370 10
0 0.463973 1.513947 0.953318 0.287412 1.071370 10
0 0.680141 0.908957 0.322487 0.616276 1.389310 10
30
-0.522177 -0.019992 0.852603
0.000777 -0.449537 0.893262
0.001039 -0.579636 0.814875
-0.519003 0.105683 0.848214
-0.927750 0.050736 0.369737
-0.513545 0.024513 0.857712
-0.830785 -0.095865 0.548275
-0.570510 -0.256371 0.780252
0.048388 -0.136455 0.989464
0.522291 -0.018191 0.852574
-0.000549 0.359273 0.933232
-0.000411 0.259585 0.965720
-0.000116 0.072356 0.997379
0.513475 0.026317 0.857701
-0.136817 -0.351169 0.926262
-0.568584 -0.322883 0.756610
-0.861183 -0.321310 0.393857
-0.986920 -0.120316 0.107294
-0.991146 0.089296 0.098268
0.518885 -0.349270 0.780236
0.626156 -0.234807 0.743501
0.862301 -0.318303 0.393852
0.831119 -0.092966 0.548269
0.987335 -0.116871 0.107286
0.927570 0.053974 0.369730
0.518637 0.107494 0.848210
-0.000511 0.294392 0.955685
-0.786086 0.244079 0.567885
0.785234 0.246821 0.567879
0.990829 0.092754 0.098262
46
0 0 1 2 0 1 2 1
0 3 4 5 3 4 5 1
0 4 6 5 4 6 5 1
0 5 6 0 5 6 0 1
0 6 7 0 6 7 0 1
0 7 8 0 7 8 0 1
0 0 8 1 0 8 1 1
0 8 9 1 8 9 1 1
0 1 9 2 1 9 2 1
0 9 10 2 9 10 2 1
0 2 10 0 2 10 0 1
0 10 11 0 10 11 0 1
0 0 11 5 0 11 5 1
0 11 12 5 11 12 5 1
0 5 12 3 5 12 3 1
0 10 9 11 10 9 11 1
0 9 13 11 9 13 11 1
0 11 13 12 11 13 12 1
0 8 7 14 8 7 14 1
0 14 7 15 14 7 15 1
0 15 7 16 15 7 16 1
0 7 6 16 7 6 16 1
0 16 6 17 16 6 17 1
0 6 4 17 6 4 17 1
0 17 4 18 17 4 18 1
0 14 19 8 14 19 8 1
0 8 19 20 8 19 20 1
0 19 21 20 19 21 20 1
0 20 21 22 20 21 22 1
0 21 23 22 21 23 22 1
0 23 24 22 23 24 22 1
0 22 24 13 22 24 13 1
0 24 25 13 24 25 13 1
0 13 25 12 13 25 12 1
0 25 26 12 25 26 12 1
0 12 26 3 12 26 3 1
0 26 27 3 26 27 3 1
0 3 27 4 3 27 4 1
0 27 18 4 27 18 4 1
0 26 25 28 26 25 28 1
0 25 24 28 25 24 28 1
0 28 24 29 28 24 29 1
0 24 23 29 24 23 29 1
0 8 20 9 8 20 9 1
0 20 22 9 20 22 9 1
0 9 22 13 9 22 13 1

Materials: 2
"Tex_0013_0_dds"
1.000000 1.000000 1.000000 1.000000
0.800000 0.800000 0.800000 1.000000
0.500000 0.500000 0.500000 1.000000
0.000000 0.000000 0.000000 1.000000
0.185600
1.000000
"Tex_0013_0.jpg"
""
"Tex_0016_0_dds"
1.000000 1.000000 1.000000 1.000000
0.800000 0.800000 0.800000 1.000000
0.500000 0.500000 0.500000 1.000000
0.000000 0.000000 0.000000 1.000000
0.185600
1.000000
"Face.ini"
""

Bones: 19
"12.joint_HipMaster"
""
8 0.000000 0.000000 0.000000 0.000000 -0.000000 0.000000
1
1.000000 0.000000 0.000000 0.000000
1
1.000000 0.000000 -0.000000 0.000000
"28.joint_RightHip"
"12.joint_HipMaster"
8 0.000000 0.000000 0.000000 0.000000 -0.000000 0.000000
1
1.000000 0.000000 0.000000 0.000000
1
1.000000 0.000000 -0.000000 0.000000
"29.!joint_RightKnee"
"28.joint_RightHip"
8 0.000000 0.000000 0.000000 0.000000 -0.000000 0.000000
1
1.000000 0.000000 0.000000 0.000000
1
1.000000 0.000000 -0.000000 0.000000
"30.!joint_RightFoot"
"29.!joint_RightKnee"
8 0.000000 0.000000 0.000000 0.000000 -0.000000 0.000000
1
1.000000 0.000000 0.000000 0.000000
1
1.000000 0.000000 -0.000000 0.000000
"32.joint_LeftHip"
"12.joint_HipMaster"
8 0.000000 0.000000 0.000000 0.000000 -0.000000 0.000000
1
1.000000 0.000000 0.000000 0.000000
1
1.000000 0.000000 -0.000000 0.000000
"33.!joint_LeftKnee"
"32.joint_LeftHip"
8 0.000000 0.000000 0.000000 0.000000 -0.000000 0.000000
1
1.000000 0.000000 0.000000 0.000000
1
1.000000 0.000000 -0.000000 0.000000
"34.!joint_LeftFoot"
"33.!joint_LeftKnee"
8 0.000000 0.000000 0.000000 0.000000 -0.000000 0.000000
1
1.000000 0.000000 0.000000 0.000000
1
1.000000 0.000000 -0.000000 0.000000
"10.joint_Torso"
"12.joint_HipMaster"
8 0.000000 0.000000 0.000000 0.000000 -0.000000 0.000000
1
1.000000 0.000000 0.000000 0.000000
1
1.000000 0.000000 -0.000000 0.000000
"11.joint_Torso2"
"10.joint_Torso"
8 0.000000 0.000000 0.000000 0.000000 -0.000000 0.000000
1
1.000000 0.000000 0.000000 0.000000
1
1.000000 0.000000 -0.000000 0.000000
"13.joint_Neck"
"11.joint_Torso2"
8 0.000000 0.000000 0.000000 0.000000 -0.000000 0.000000
1
1.000000 0.000000 0.000000 0.000000
1
1.000000 0.000000 -0.000000 0.000000
"14.joint_Head"
"13.joint_Neck"
8 0.000000 0.000000 0.000000 0.000000 -0.000000 0.000000
1
1.000000 0.000000 0.000000 0.000000
1
1.000000 0.000000 -0.000000 0.000000
"16.joint_RightShoulder"
"11.joint_Torso2"
8 0.000000 0.000000 0.000000 0.000000 -0.000000 0.000000
1
1.000000 0.000000 0.000000 0.000000
1
1.000000 0.000000 -0.000000 0.000000
"18.joint_RightArm"
"16.joint_RightShoulder"
8 0.000000 0.000000 0.000000 0.000000 -0.000000 0.000000
1
1.000000 0.000000 0.000000 0.000000
1
1.000000 0.000000 -0.000000 0.000000
"19.joint_RightElbow"
"18.joint_RightArm"
8 0.000000 0.000000 0.000000 0.000000 -0.000000 0.000000
1
1.000000 0.000000 0.000000 0.000000
1
1.000000 0.000000 -0.000000 0.000000
"20.joint_RightWrist"
"19.joint_RightElbow"
8 0.000000 0.000000 0.000000 0.000000 -0.000000 0.000000
1
1.000000 0.000000 0.000000 0.000000
1
1.000000 0.000000 -0.000000 0.000000
"22.joint_LeftShoulder"
"11.joint_Torso2"
8 0.000000 0.000000 0.000000 0.000000 -0.000000 0.000000
1
1.000000 0.000000 0.000000 0.000000
1
1.000000 0.000000 -0.000000 0.000000
"24.joint_LeftArm"
"22.joint_LeftShoulder"
8 0.000000 0.000000 0.000000 0.000000 -0.000000 0.000000
1
1.000000 0.000000 0.000000 0.000000
1
1.000000 0.000000 -0.000000 0.000000
"25.joint_LeftElbow"
"24.joint_LeftArm"
8 0.000000 0.000000 0.000000 0.000000 -0.000000 0.000000
1
1.000000 0.000000 0.000000 0.000000
1
1.000000 0.000000 -0.000000 0.000000
"26.joint_LeftWrist"
"25.joint_LeftElbow"
8 0.000000 0.000000 0.000000 0.000000 -0.000000 0.000000
1
1.000000 0.000000 0.000000 0.000000
1
1.000000 0.000000 -0.000000 0.000000
GroupComments: 0
MaterialComments: 0
BoneComments: 0
ModelComment: 0
