// MilkShape 3D ASCII

Frames: 30
Frame: 10

Meshes: 1
"4" 0 1
265
0 2.661730 -9.214389 -8.121671 0.698047 0.180469 2
0 -0.045450 -8.938088 -7.396282 0.667578 0.159766 2
0 2.661730 -9.214389 -6.670887 0.639453 0.180469 2
0 2.661730 -9.214389 -6.670887 0.698047 0.180469 2
0 1.936346 -9.214389 -5.414490 0.639453 0.180469 2
0 1.936346 -9.214389 -5.414490 0.698047 0.180469 2
0 0.679940 -9.214389 -4.689102 0.639453 0.180469 2
0 0.679940 -9.214389 -4.689102 0.698047 0.180469 2
0 -0.770838 -9.214389 -4.689102 0.639453 0.180469 2
0 -0.770838 -9.214389 -4.689102 0.698047 0.180469 2
0 -2.027246 -9.214389 -5.414490 0.639453 0.180469 2
0 -2.027246 -9.214389 -5.414490 0.698047 0.180469 2
0 -2.752630 -9.214389 -6.670887 0.639453 0.180469 2
0 -2.752630 -9.214389 -6.670887 0.698047 0.180469 2
0 -2.752630 -9.214389 -8.121671 0.639453 0.180469 2
0 -2.752630 -9.214389 -8.121671 0.698047 0.180469 2
0 -2.027246 -9.214389 -9.378072 0.639453 0.180469 2
0 -2.027246 -9.214389 -9.378072 0.698047 0.180469 2
0 -0.770838 -9.214389 -10.103455 0.639453 0.180469 2
0 -0.770838 -9.214389 -10.103455 0.698047 0.180469 2
0 0.679940 -9.214389 -10.103455 0.639453 0.180469 2
0 0.679940 -9.214389 -10.103455 0.698047 0.180469 2
0 1.936346 -9.214389 -9.378072 0.639453 0.180469 2
0 1.936346 -9.214389 -9.378072 0.698047 0.180469 2
0 2.661730 -9.214389 -8.121671 0.639453 0.180469 2
0 15.098695 -7.832898 -11.454132 0.058594 1.126953 2
0 15.985937 -7.832898 -11.691881 0.050781 1.126953 2
0 11.040844 -7.832898 -18.482574 0.058594 1.003906 2
0 11.690351 -7.832898 -19.132088 0.050781 1.003906 2
0 7.983921 -11.701091 -9.547736 0.699219 0.138671 2
0 15.098695 -7.832898 -11.454132 0.698828 0.168360 2
0 5.832455 -11.701091 -13.274168 0.640625 0.138671 2
0 11.040844 -7.832898 -18.482574 0.640234 0.168360 2
0 4.499870 -10.319580 -11.941597 0.697657 0.157812 2
0 1.936346 -9.214389 -9.378072 0.698047 0.183594 2
0 6.163570 -10.319580 -9.059982 0.639063 0.157812 2
0 2.661730 -9.214389 -8.121671 0.639453 0.183594 2
0 11.040844 -7.832898 -18.482574 0.058594 1.126953 2
0 11.690351 -7.832898 -19.132088 0.050781 1.126953 2
0 4.012415 -7.832898 -22.540426 0.058594 1.003906 2
0 4.250155 -7.832898 -23.427694 0.050781 1.003906 2
0 5.832455 -11.701091 -13.274168 0.699219 0.138671 2
0 11.040844 -7.832898 -18.482574 0.698828 0.168360 2
0 2.106014 -11.701091 -15.425645 0.640625 0.138671 2
0 4.012415 -7.832898 -22.540426 0.640234 0.168360 2
0 1.618253 -10.319580 -13.605297 0.697657 0.157812 2
0 0.679940 -9.214389 -10.103455 0.698047 0.183594 2
0 4.499870 -10.319580 -11.941597 0.639063 0.157812 2
0 1.936346 -9.214389 -9.378072 0.639453 0.183594 2
0 4.012415 -7.832898 -22.540426 0.058594 1.126953 2
0 4.250155 -7.832898 -23.427694 0.050781 1.126953 2
0 -4.103315 -7.832898 -22.540426 0.058594 1.003906 2
0 -4.341051 -7.832898 -23.427694 0.050781 1.003906 2
0 2.106014 -11.701091 -15.425645 0.699219 0.138671 2
0 4.012415 -7.832898 -22.540426 0.698828 0.168360 2
0 -2.196916 -11.701091 -15.425645 0.640625 0.138671 2
0 -4.103315 -7.832898 -22.540426 0.640234 0.168360 2
0 -1.709152 -10.319580 -13.605297 0.697657 0.157812 2
0 -0.770838 -9.214389 -10.103455 0.698047 0.183594 2
0 1.618253 -10.319580 -13.605297 0.639063 0.157812 2
0 0.679940 -9.214389 -10.103455 0.639453 0.183594 2
0 -4.103315 -7.832898 -22.540426 0.058594 1.126953 2
0 -4.341051 -7.832898 -23.427694 0.050781 1.126953 2
0 -11.131740 -7.832898 -18.482574 0.058594 1.003906 2
0 -11.781251 -7.832898 -19.132088 0.050781 1.003906 2
0 -2.196916 -11.701091 -15.425645 0.699219 0.138671 2
0 -4.103315 -7.832898 -22.540426 0.698828 0.168360 2
0 -5.923357 -11.701091 -13.274168 0.640625 0.138671 2
0 -11.131740 -7.832898 -18.482574 0.640234 0.168360 2
0 -4.590770 -10.319580 -11.941597 0.697657 0.157812 2
0 -2.027246 -9.214389 -9.378072 0.698047 0.183594 2
0 -1.709152 -10.319580 -13.605297 0.639063 0.157812 2
0 -0.770838 -9.214389 -10.103455 0.639453 0.183594 2
0 -11.131740 -7.832898 -18.482574 0.058594 1.126953 2
0 -11.781251 -7.832898 -19.132088 0.050781 1.126953 2
0 -15.189603 -7.832898 -11.454132 0.058594 1.003906 2
0 -16.076855 -7.832898 -11.691881 0.050781 1.003906 2
0 -5.923357 -11.701091 -13.274168 0.699219 0.138671 2
0 -11.131740 -7.832898 -18.482574 0.698828 0.168360 2
0 -8.074809 -11.701091 -9.547736 0.640625 0.138671 2
0 -15.189603 -7.832898 -11.454132 0.640234 0.168360 2
0 -6.254471 -10.319580 -9.059982 0.697657 0.157812 2
0 -2.752630 -9.214389 -8.121671 0.698047 0.183594 2
0 -4.590770 -10.319580 -11.941597 0.639063 0.157812 2
0 -2.027246 -9.214389 -9.378072 0.639453 0.183594 2
0 -15.189603 -7.832898 -11.454132 0.058594 1.126953 2
0 -16.076855 -7.832898 -11.691881 0.050781 1.126953 2
0 -15.189603 -7.832898 -3.338417 0.058594 1.003906 2
0 -16.076855 -7.832898 -3.100679 0.050781 1.003906 2
0 -8.074809 -11.701091 -9.547736 0.699219 0.138671 2
0 -15.189603 -7.832898 -11.454132 0.698828 0.168360 2
0 -8.074809 -11.701091 -5.244823 0.640625 0.138671 2
0 -15.189603 -7.832898 -3.338417 0.640234 0.168360 2
0 -6.254471 -10.319580 -5.732578 0.697657 0.157812 2
0 -2.752630 -9.214389 -6.670887 0.698047 0.183594 2
0 -6.254471 -10.319580 -9.059982 0.639063 0.157812 2
0 -2.752630 -9.214389 -8.121671 0.639453 0.183594 2
0 -15.189603 -7.832898 -3.338417 0.058594 1.126953 2
0 -16.076855 -7.832898 -3.100679 0.050781 1.126953 2
0 -11.131740 -7.832898 3.690010 0.058594 1.003906 2
0 -11.781251 -7.832898 4.339523 0.050781 1.003906 2
0 -8.074809 -11.701091 -5.244823 0.699219 0.138671 2
0 -15.189603 -7.832898 -3.338417 0.698828 0.168360 2
0 -5.923357 -11.701091 -1.518377 0.640625 0.138671 2
0 -11.131740 -7.832898 3.690010 0.640234 0.168360 2
0 -4.590770 -10.319580 -2.850964 0.697657 0.157812 2
0 -2.027246 -9.214389 -5.414490 0.698047 0.183594 2
0 -6.254471 -10.319580 -5.732578 0.639063 0.157812 2
0 -2.752630 -9.214389 -6.670887 0.639453 0.183594 2
0 -11.131740 -7.832898 3.690010 0.058594 1.126953 2
0 -11.781251 -7.832898 4.339523 0.050781 1.126953 2
0 -4.103315 -7.832898 7.747870 0.058594 1.003906 2
0 -4.341051 -7.832898 8.635121 0.050781 1.003906 2
0 -5.923357 -11.701091 -1.518377 0.699219 0.138671 2
0 -11.131740 -7.832898 3.690010 0.698828 0.168360 2
0 -2.196916 -11.701091 0.633086 0.640625 0.138671 2
0 -4.103315 -7.832898 7.747870 0.640234 0.168360 2
0 -1.709152 -10.319580 -1.187258 0.697657 0.157812 2
0 -0.770838 -9.214389 -4.689102 0.698047 0.183594 2
0 -4.590770 -10.319580 -2.850964 0.639063 0.157812 2
0 -2.027246 -9.214389 -5.414490 0.639453 0.183594 2
0 -4.103315 -7.832898 7.747870 0.058594 1.126953 2
0 -4.341051 -7.832898 8.635121 0.050781 1.126953 2
0 4.012415 -7.832898 7.747870 0.058594 1.003906 2
0 4.250155 -7.832898 8.635121 0.050781 1.003906 2
0 -2.196916 -11.701091 0.633086 0.699219 0.138671 2
0 -4.103315 -7.832898 7.747870 0.698828 0.168360 2
0 2.106014 -11.701091 0.633086 0.640625 0.138671 2
0 4.012415 -7.832898 7.747870 0.640234 0.168360 2
0 1.618253 -10.319580 -1.187258 0.697657 0.157812 2
0 0.679940 -9.214389 -4.689102 0.698047 0.183594 2
0 -1.709152 -10.319580 -1.187258 0.639063 0.157812 2
0 -0.770838 -9.214389 -4.689102 0.639453 0.183594 2
0 4.012415 -7.832898 7.747870 0.058594 1.126953 2
0 4.250155 -7.832898 8.635121 0.050781 1.126953 2
0 11.040844 -7.832898 3.690010 0.058594 1.003906 2
0 11.690351 -7.832898 4.339523 0.050781 1.003906 2
0 2.106014 -11.701091 0.633086 0.699219 0.138671 2
0 4.012415 -7.832898 7.747870 0.698828 0.168360 2
0 5.832455 -11.701091 -1.518377 0.640625 0.138671 2
0 11.040844 -7.832898 3.690010 0.640234 0.168360 2
0 4.499870 -10.319580 -2.850964 0.697657 0.157812 2
0 1.936346 -9.214389 -5.414490 0.698047 0.183594 2
0 1.618253 -10.319580 -1.187258 0.639063 0.157812 2
0 0.679940 -9.214389 -4.689102 0.639453 0.183594 2
0 11.040844 -7.832898 3.690010 0.058594 1.126953 2
0 11.690351 -7.832898 4.339523 0.050781 1.126953 2
0 15.098695 -7.832898 -3.338417 0.058594 1.003906 2
0 15.985937 -7.832898 -3.100679 0.050781 1.003906 2
0 5.832455 -11.701091 -1.518377 0.699219 0.138671 2
0 11.040844 -7.832898 3.690010 0.698828 0.168360 2
0 7.983921 -11.701091 -5.244823 0.640625 0.138671 2
0 15.098695 -7.832898 -3.338417 0.640234 0.168360 2
0 6.163570 -10.319580 -5.732578 0.697657 0.157812 2
0 2.661730 -9.214389 -6.670887 0.698047 0.183594 2
0 4.499870 -10.319580 -2.850964 0.639063 0.157812 2
0 1.936346 -9.214389 -5.414490 0.639453 0.183594 2
0 15.098695 -7.832898 -3.338417 0.058594 1.126953 2
0 15.985937 -7.832898 -3.100679 0.050781 1.126953 2
0 15.098695 -7.832898 -11.454132 0.058594 1.003906 2
0 15.985937 -7.832898 -11.691881 0.050781 1.003906 2
0 7.983921 -11.701091 -5.244823 0.699219 0.138671 2
0 15.098695 -7.832898 -3.338417 0.698828 0.168360 2
0 7.983921 -11.701091 -9.547736 0.640625 0.138671 2
0 15.098695 -7.832898 -11.454132 0.640234 0.168360 2
0 6.163570 -10.319580 -9.059982 0.697657 0.157812 2
0 2.661730 -9.214389 -8.121671 0.698047 0.183594 2
0 6.163570 -10.319580 -5.732578 0.639063 0.157812 2
0 2.661730 -9.214389 -6.670887 0.639453 0.183594 2
0 7.983921 -11.701091 -9.547736 0.699610 0.133984 2
0 6.163570 -10.319580 -9.059982 0.699219 0.158203 2
0 7.983921 -11.701091 -5.244823 0.641016 0.133984 2
0 6.163570 -10.319580 -5.732578 0.640625 0.158203 2
0 22.167500 -5.517307 -13.348214 0.699219 0.138671 1
0 15.985937 -7.832898 -11.691881 0.698828 0.168360 2
0 22.167500 -5.517307 -1.444341 0.640625 0.138671 1
0 15.985937 -7.832898 -3.100679 0.640234 0.168360 2
0 22.167500 -5.517307 -1.444341 0.699219 0.138671 1
0 15.985937 -7.832898 -3.100679 0.698828 0.168360 2
0 16.215549 -5.517307 8.864727 0.640625 0.138671 1
0 11.690351 -7.832898 4.339523 0.640234 0.168360 2
0 7.983921 -11.701091 -5.244823 0.699610 0.133984 2
0 6.163570 -10.319580 -5.732578 0.699219 0.158203 2
0 5.832455 -11.701091 -1.518377 0.641016 0.133984 2
0 4.499870 -10.319580 -2.850964 0.640625 0.158203 2
0 16.215549 -5.517307 8.864727 0.699219 0.138671 1
0 11.690351 -7.832898 4.339523 0.698828 0.168360 2
0 5.906488 -5.517307 14.816664 0.640625 0.138671 1
0 4.250155 -7.832898 8.635121 0.640234 0.168360 2
0 5.832455 -11.701091 -1.518377 0.699610 0.133984 2
0 4.499870 -10.319580 -2.850964 0.699219 0.158203 2
0 2.106014 -11.701091 0.633086 0.641016 0.133984 2
0 1.618253 -10.319580 -1.187258 0.640625 0.158203 2
0 5.906488 -5.517307 14.816664 0.699219 0.138671 1
0 4.250155 -7.832898 8.635121 0.698828 0.168360 2
0 -5.997392 -5.517307 14.816664 0.640625 0.138671 1
0 -4.341051 -7.832898 8.635121 0.640234 0.168360 2
0 2.106014 -11.701091 0.633086 0.699610 0.133984 2
0 1.618253 -10.319580 -1.187258 0.699219 0.158203 2
0 -2.196916 -11.701091 0.633086 0.641016 0.133984 2
0 -1.709152 -10.319580 -1.187258 0.640625 0.158203 2
0 -5.997392 -5.517307 14.816664 0.699219 0.138671 1
0 -4.341051 -7.832898 8.635121 0.698828 0.168360 2
0 -16.306458 -5.517307 8.864727 0.640625 0.138671 1
0 -11.781251 -7.832898 4.339523 0.640234 0.168360 2
0 -2.196916 -11.701091 0.633086 0.699610 0.133984 2
0 -1.709152 -10.319580 -1.187258 0.699219 0.158203 2
0 -5.923357 -11.701091 -1.518377 0.641016 0.133984 2
0 -4.590770 -10.319580 -2.850964 0.640625 0.158203 2
0 -16.306458 -5.517307 8.864727 0.699219 0.138671 1
0 -11.781251 -7.832898 4.339523 0.698828 0.168360 2
0 -22.258394 -5.517307 -1.444341 0.640625 0.138671 1
0 -16.076855 -7.832898 -3.100679 0.640234 0.168360 2
0 -5.923357 -11.701091 -1.518377 0.699610 0.133984 2
0 -4.590770 -10.319580 -2.850964 0.699219 0.158203 2
0 -8.074809 -11.701091 -5.244823 0.641016 0.133984 2
0 -6.254471 -10.319580 -5.732578 0.640625 0.158203 2
0 -22.258394 -5.517307 -1.444341 0.699219 0.138671 1
0 -16.076855 -7.832898 -3.100679 0.698828 0.168360 2
0 -22.258394 -5.517307 -13.348214 0.640625 0.138671 1
0 -16.076855 -7.832898 -11.691881 0.640234 0.168360 2
0 -8.074809 -11.701091 -5.244823 0.699610 0.133984 2
0 -6.254471 -10.319580 -5.732578 0.699219 0.158203 2
0 -8.074809 -11.701091 -9.547736 0.641016 0.133984 2
0 -6.254471 -10.319580 -9.059982 0.640625 0.158203 2
0 -22.258394 -5.517307 -13.348214 0.699219 0.138671 1
0 -16.076855 -7.832898 -11.691881 0.698828 0.168360 2
0 -16.306458 -5.517307 -23.657318 0.640625 0.138671 1
0 -11.781251 -7.832898 -19.132088 0.640234 0.168360 2
0 -8.074809 -11.701091 -9.547736 0.699610 0.133984 2
0 -6.254471 -10.319580 -9.059982 0.699219 0.158203 2
0 -5.923357 -11.701091 -13.274168 0.641016 0.133984 2
0 -4.590770 -10.319580 -11.941597 0.640625 0.158203 2
0 -16.306458 -5.517307 -23.657318 0.699219 0.138671 1
0 -11.781251 -7.832898 -19.132088 0.698828 0.168360 2
0 -5.997392 -5.517307 -29.609253 0.640625 0.138671 1
0 -4.341051 -7.832898 -23.427694 0.640234 0.168360 2
0 -5.923357 -11.701091 -13.274168 0.699610 0.133984 2
0 -4.590770 -10.319580 -11.941597 0.699219 0.158203 2
0 -2.196916 -11.701091 -15.425645 0.641016 0.133984 2
0 -1.709152 -10.319580 -13.605297 0.640625 0.158203 2
0 -5.997392 -5.517307 -29.609253 0.699219 0.138671 1
0 -4.341051 -7.832898 -23.427694 0.698828 0.168360 2
0 5.906488 -5.517307 -29.609253 0.640625 0.138671 1
0 4.250155 -7.832898 -23.427694 0.640234 0.168360 2
0 -2.196916 -11.701091 -15.425645 0.699610 0.133984 2
0 -1.709152 -10.319580 -13.605297 0.699219 0.158203 2
0 2.106014 -11.701091 -15.425645 0.641016 0.133984 2
0 1.618253 -10.319580 -13.605297 0.640625 0.158203 2
0 5.906488 -5.517307 -29.609253 0.699219 0.138671 1
0 4.250155 -7.832898 -23.427694 0.698828 0.168360 2
0 16.215549 -5.517307 -23.657318 0.640625 0.138671 1
0 11.690351 -7.832898 -19.132088 0.640234 0.168360 2
0 2.106014 -11.701091 -15.425645 0.699610 0.133984 2
0 1.618253 -10.319580 -13.605297 0.699219 0.158203 2
0 5.832455 -11.701091 -13.274168 0.641016 0.133984 2
0 4.499870 -10.319580 -11.941597 0.640625 0.158203 2
0 5.832455 -11.701091 -13.274168 0.699610 0.133984 2
0 4.499870 -10.319580 -11.941597 0.699219 0.158203 2
0 7.983921 -11.701091 -9.547736 0.641016 0.133984 2
0 6.163570 -10.319580 -9.059982 0.640625 0.158203 2
0 16.215549 -5.517307 -23.657318 0.699219 0.138671 1
0 11.690351 -7.832898 -19.132088 0.698828 0.168360 2
0 22.167500 -5.517307 -13.348214 0.640625 0.138671 1
0 15.985937 -7.832898 -11.691881 0.640234 0.168360 2
131
0.101535 0.994832 0.000000
0.000000 1.000000 -0.000000
0.087931 0.994832 0.050767
0.050767 0.994832 0.087931
0.000000 0.994832 0.101535
-0.050767 0.994832 0.087932
-0.087931 0.994832 0.050767
-0.101535 0.994832 0.000000
-0.087932 0.994832 -0.050767
-0.050767 0.994832 -0.087932
0.000000 0.994832 -0.101535
0.050767 0.994832 -0.087932
0.087932 0.994832 -0.050767
0.000000 1.000000 0.000000
-0.413660 0.878548 0.238827
-0.413659 0.878549 0.238826
-0.413659 0.878549 0.238825
0.260647 0.953634 -0.150485
0.260647 0.953634 -0.150485
0.260647 0.953634 -0.150485
-0.238827 0.878550 0.413657
-0.238826 0.878549 0.413659
-0.238826 0.878549 0.413660
0.150485 0.953634 -0.260647
0.150484 0.953634 -0.260648
0.150484 0.953634 -0.260648
0.000000 0.878549 0.477653
0.000000 0.878549 0.477653
0.000000 0.953634 -0.300969
0.238828 0.878549 0.413659
0.238827 0.878549 0.413659
0.238825 0.878549 0.413659
-0.150485 0.953634 -0.260648
-0.150484 0.953634 -0.260648
-0.150484 0.953634 -0.260648
0.413659 0.878549 0.238826
0.413659 0.878549 0.238826
0.413659 0.878549 0.238826
-0.260647 0.953634 -0.150485
-0.260647 0.953634 -0.150485
-0.260647 0.953634 -0.150485
0.477652 0.878549 0.000000
0.477652 0.878549 0.000000
-0.300970 0.953634 0.000000
0.413659 0.878549 -0.238825
0.413659 0.878549 -0.238826
0.413659 0.878549 -0.238826
-0.260647 0.953634 0.150485
-0.260647 0.953634 0.150485
-0.260647 0.953634 0.150485
0.238826 0.878549 -0.413659
0.238826 0.878549 -0.413659
0.238826 0.878549 -0.413659
-0.150485 0.953634 0.260647
-0.150485 0.953634 0.260647
-0.150485 0.953634 0.260647
0.000000 0.878549 -0.477653
0.000000 0.953634 0.300969
-0.238826 0.878549 -0.413659
-0.238826 0.878549 -0.413659
-0.238826 0.878549 -0.413659
0.150485 0.953634 0.260647
0.150485 0.953634 0.260647
-0.413659 0.878549 -0.238826
-0.413659 0.878549 -0.238826
-0.413660 0.878549 -0.238826
0.260648 0.953634 0.150485
0.260647 0.953634 0.150485
0.260647 0.953634 0.150485
-0.477653 0.878548 0.000000
0.300970 0.953634 0.000000
0.300970 0.953634 0.000000
0.604541 0.796574 0.000000
-0.350792 0.936453 0.000000
-0.303795 0.936453 -0.175396
-0.303796 0.936453 -0.175396
-0.303796 0.936453 -0.175396
0.523548 0.796574 0.302271
0.523548 0.796574 0.302271
0.523548 0.796574 0.302271
-0.175397 0.936453 -0.303796
-0.175397 0.936453 -0.303796
-0.175397 0.936453 -0.303796
0.302271 0.796574 0.523548
0.302271 0.796574 0.523548
0.302272 0.796573 0.523548
0.000000 0.936453 -0.350793
0.000000 0.796573 0.604542
0.000000 0.796573 0.604542
0.175396 0.936453 -0.303796
0.175396 0.936453 -0.303796
0.175396 0.936453 -0.303796
-0.302271 0.796574 0.523548
-0.302271 0.796574 0.523548
-0.302271 0.796574 0.523548
0.303796 0.936453 -0.175396
0.303796 0.936453 -0.175397
0.303796 0.936453 -0.175397
-0.523549 0.796574 0.302269
-0.523550 0.796573 0.302271
-0.523550 0.796572 0.302272
0.350793 0.936453 0.000000
-0.604543 0.796572 0.000000
0.303796 0.936453 0.175396
0.303796 0.936453 0.175396
0.303795 0.936453 0.175396
-0.523550 0.796572 -0.302271
-0.523550 0.796572 -0.302271
-0.523549 0.796573 -0.302271
0.175396 0.936453 0.303795
0.175396 0.936453 0.303795
0.175396 0.936453 0.303795
-0.302274 0.796572 -0.523549
-0.302272 0.796573 -0.523549
-0.302270 0.796574 -0.523548
0.000000 0.936453 0.350792
0.000000 0.936453 0.350792
0.000000 0.796574 -0.604541
0.000000 0.796574 -0.604541
-0.175396 0.936453 0.303795
-0.175396 0.936453 0.303795
-0.175396 0.936453 0.303795
0.302272 0.796574 -0.523547
0.302272 0.796573 -0.523549
0.302272 0.796571 -0.523551
0.523549 0.796572 -0.302273
0.523549 0.796573 -0.302272
0.523548 0.796574 -0.302271
-0.303796 0.936453 0.175396
-0.303795 0.936453 0.175396
-0.303795 0.936453 0.175396
132
0 0 1 2 0 1 0 1
0 3 1 4 2 1 2 1
0 5 1 6 3 1 3 1
0 7 1 8 4 1 4 1
0 9 1 10 5 1 5 1
0 11 1 12 6 1 6 1
0 13 1 14 7 1 7 1
0 15 1 16 8 1 8 1
0 17 1 18 9 1 9 1
0 19 1 20 10 1 10 1
0 21 1 22 11 1 11 1
0 23 1 24 12 1 12 1
0 25 26 27 13 13 13 1
0 26 28 27 13 13 13 1
0 29 30 31 14 15 15 1
0 30 32 31 15 16 15 1
0 33 34 35 17 18 18 1
0 34 36 35 18 19 18 1
0 37 38 39 13 13 13 1
0 38 40 39 13 13 13 1
0 41 42 43 20 21 21 1
0 42 44 43 21 22 21 1
0 45 46 47 23 24 24 1
0 46 48 47 24 25 24 1
0 49 50 51 13 13 13 1
0 50 52 51 13 13 13 1
0 53 54 55 26 27 27 1
0 54 56 55 27 27 27 1
0 57 58 59 28 28 28 1
0 58 60 59 28 28 28 1
0 61 62 63 13 13 13 1
0 62 64 63 13 13 13 1
0 65 66 67 29 30 30 1
0 66 68 67 30 31 30 1
0 69 70 71 32 33 33 1
0 70 72 71 33 34 33 1
0 73 74 75 13 13 13 1
0 74 76 75 13 13 13 1
0 77 78 79 35 36 36 1
0 78 80 79 36 37 36 1
0 81 82 83 38 39 39 1
0 82 84 83 39 40 39 1
0 85 86 87 13 13 13 1
0 86 88 87 13 13 13 1
0 89 90 91 41 41 41 1
0 90 92 91 41 42 41 1
0 93 94 95 43 43 43 1
0 94 96 95 43 43 43 1
0 97 98 99 13 13 13 1
0 98 100 99 13 13 13 1
0 101 102 103 44 45 45 1
0 102 104 103 45 46 45 1
0 105 106 107 47 48 48 1
0 106 108 107 48 49 48 1
0 109 110 111 13 13 13 1
0 110 112 111 13 13 13 1
0 113 114 115 50 51 51 1
0 114 116 115 51 52 51 1
0 117 118 119 53 54 54 1
0 118 120 119 54 55 54 1
0 121 122 123 13 13 13 1
0 122 124 123 13 13 13 1
0 125 126 127 56 56 56 1
0 126 128 127 56 56 56 1
0 129 130 131 57 57 57 1
0 130 132 131 57 57 57 1
0 133 134 135 13 13 13 1
0 134 136 135 13 13 13 1
0 137 138 139 58 59 59 1
0 138 140 139 59 60 59 1
0 141 142 143 61 62 62 1
0 142 144 143 62 62 62 1
0 145 146 147 13 13 13 1
0 146 148 147 13 13 13 1
0 149 150 151 63 64 64 1
0 150 152 151 64 65 64 1
0 153 154 155 66 67 67 1
0 154 156 155 67 68 67 1
0 157 158 159 13 13 13 1
0 158 160 159 13 13 13 1
0 161 162 163 69 69 69 1
0 162 164 163 69 69 69 1
0 165 166 167 70 71 71 1
0 166 168 167 71 71 71 1
0 169 170 171 72 72 72 1
0 170 172 171 72 72 72 1
0 173 174 175 73 73 73 1
0 174 176 175 73 73 73 1
0 177 178 179 74 75 75 1
0 178 180 179 75 76 75 1
0 181 182 183 77 78 78 1
0 182 184 183 78 79 78 1
0 185 186 187 80 81 81 1
0 186 188 187 81 82 81 1
0 189 190 191 83 84 84 1
0 190 192 191 84 85 84 1
0 193 194 195 86 86 86 1
0 194 196 195 86 86 86 1
0 197 198 199 87 88 88 1
0 198 200 199 88 88 88 1
0 201 202 203 89 90 90 1
0 202 204 203 90 91 90 1
0 205 206 207 92 93 93 1
0 206 208 207 93 94 93 1
0 209 210 211 95 96 96 1
0 210 212 211 96 97 96 1
0 213 214 215 98 99 99 1
0 214 216 215 99 100 99 1
0 217 218 219 101 101 101 1
0 218 220 219 101 101 101 1
0 221 222 223 102 102 102 1
0 222 224 223 102 102 102 1
0 225 226 227 103 104 104 1
0 226 228 227 104 105 104 1
0 229 230 231 106 107 107 1
0 230 232 231 107 108 107 1
0 233 234 235 109 110 110 1
0 234 236 235 110 111 110 1
0 237 238 239 112 113 113 1
0 238 240 239 113 114 113 1
0 241 242 243 115 116 116 1
0 242 244 243 116 116 116 1
0 245 246 247 117 118 118 1
0 246 248 247 118 118 118 1
0 249 250 251 119 120 120 1
0 250 252 251 120 121 120 1
0 253 254 255 122 123 123 1
0 254 256 255 123 124 123 1
0 257 258 259 125 126 126 1
0 258 260 259 126 127 126 1
0 261 262 263 128 129 129 1
0 262 264 263 129 130 129 1

Materials: 6
"A"
1.000000 1.000000 1.000000 1.000000
1.000000 1.000000 1.000000 1.000000
1.000000 1.000000 1.000000 1.000000
1.000000 1.000000 1.000000 1.000000
0.185600
1.000000
"Tex_0000_0.png"
""
"B"
1.000000 1.000000 1.000000 1.000000
1.000000 1.000000 1.000000 1.000000
1.000000 1.000000 1.000000 1.000000
1.000000 1.000000 1.000000 1.000000
0.185600
1.000000
"Tex_0001_0.png"
""
"F"
0.200000 0.200000 0.200000 1.000000
0.800000 0.800000 0.800000 1.000000
0.000000 0.000000 0.000000 1.000000
1.000000 1.000000 1.000000 1.000000
0.000000
1.000000
"Tex_0005_0.ini"
""
"H"
1.000000 1.000000 1.000000 1.000000
1.000000 1.000000 1.000000 1.000000
1.000000 1.000000 1.000000 1.000000
0.000000 0.000000 0.000000 1.000000
0.000000
1.000000
"Tex_0001_1.png"
""
"I"
1.000000 1.000000 1.000000 1.000000
1.000000 1.000000 1.000000 1.000000
1.000000 1.000000 1.000000 1.000000
1.000000 1.000000 1.000000 1.000000
0.000000
1.000000
"Black.png"
""
"I"
1.000000 1.000000 1.000000 1.000000
1.000000 1.000000 1.000000 1.000000
1.000000 1.000000 1.000000 1.000000
1.000000 1.000000 1.000000 1.000000
0.000000
1.000000
"Black.png"
""

Bones: 3
"CamaraRotacion"
""
8 0.000000 0.000000 0.000000 0.000000 -0.000000 0.000000
0
0
"CamaraTraslado"
"CamaraRotacion"
8 0.000000 0.000000 0.000000 0.000000 -0.000000 0.000000
0
0
"ParlanteAbajo"
"CamaraTraslado"
8 0.000000 0.000000 0.000000 0.000000 -0.000000 0.000000
30
0.000001 0.000000 0.007574 0.000000
1.999980 0.000000 -0.025100 0.000000
2.999970 0.000000 -0.044600 0.000000
3.999960 0.000000 -0.037740 0.000000
4.999950 0.000000 0.008676 0.000000
5.999940 0.000000 0.103562 0.000000
6.999929 0.000000 0.238773 0.000000
7.999920 0.000000 0.401896 0.000000
8.999910 0.000000 0.580520 0.000000
9.999900 0.000000 0.762235 0.000000
10.999890 0.000000 0.934630 0.000000
11.999881 0.000000 1.085294 0.000000
12.999870 0.000000 1.201815 0.000000
13.999861 0.000000 1.271783 0.000000
14.999849 0.000000 1.282786 0.000000
15.999840 0.000000 1.222415 0.000000
16.999830 0.000000 1.078257 0.000000
17.999821 0.000000 0.837903 0.000000
18.999809 0.000000 0.488940 0.000000
19.999800 0.000000 0.018959 0.000000
20.999790 0.000000 -0.553330 0.000000
21.999781 0.000000 -1.084790 0.000000
22.999771 0.000000 -1.401150 0.000000
23.999762 0.000000 -1.378800 0.000000
24.999750 0.000000 -1.096920 0.000000
25.999741 0.000000 -0.685340 0.000000
26.999731 0.000000 -0.273890 0.000000
27.999722 0.000000 -0.145210 0.000000
28.999712 0.000000 -0.032512 0.000000
30.000000 0.000000 0.007574 0.000000
1
0.000000 0.000000 -0.000000 0.000000
GroupComments: 0
MaterialComments: 0
BoneComments: 0
ModelComment: 0
