Meshes: 4
"1" 0 1
90
0 239.986954 -179.541748 -239.986801 0.015625 1.007812 -1
0 0.000205 -179.541748 -339.392395 0.921875 1.007812 -1
0 0.000205 -270.499115 -0.000046 0.453125 2  -1
0 0.000205 -179.541748 -339.392395 0.015625 1.007812 -1
0 -239.986633 -179.541748 -239.986801 0.921875 1.007812 -1
0 -339.392456 -179.541748 -0.000046 0.921875 1.007812 -1
0 -239.986633 -179.541748 -239.986801 0.015625 1.007812 -1
0 -239.986633 -179.541748 239.986816 0.921875 1.007812 -1
0 -339.392456 -179.541748 -0.000046 0.015625 1.007812 -1
0 0.000205 -179.541748 339.392395 0.921875 1.007812 -1
0 -239.986633 -179.541748 239.986816 0.015625 1.007812 -1
0 239.986954 -179.541748 239.986816 0.921875 1.007812 -1
0 0.000205 -179.541748 339.392395 0.015625 1.007812 -1
0 239.986954 -179.541748 239.986816 0.015625 1.007812 -1
0 339.392456 -179.541748 -0.000046 0.921875 1.007812 -1
0 339.392456 -179.541748 -0.000046 0.015625 1.007812 -1
0 239.986954 -179.541748 -239.986801 0.921875 1.007812 -1
0 0.000205 235.195694 -339.392395 0.007812 2  -1
0 239.986954 235.195694 -239.986801 0.914062 2  -1
0 0.000205 301.037903 -0.000046 0.492188 0.992188 -1
0 -239.986633 235.195694 -239.986801 0.007812 2  -1
0 0.000205 235.195694 -339.392395 0.914062 2  -1
0 -339.392456 235.195694 -0.000046 0.007812 2  -1
0 -239.986633 235.195694 -239.986801 0.914062 2  -1
0 239.986954 235.195694 239.986816 0.914062 2  -1
0 339.392456 235.195694 -0.000046 0.007812 2  -1
0 239.986954 235.195694 -239.986801 0.007812 2  -1
0 339.392456 235.195694 -0.000046 0.914062 2  -1
0 -239.986633 235.195694 239.986816 0.007812 2  -1
0 -339.392456 235.195694 -0.000046 0.914062 2  -1
0 0.000205 235.195694 339.392395 0.007812 2  -1
0 -239.986633 235.195694 239.986816 0.914062 2  -1
0 239.986954 235.195694 239.986816 0.007812 2  -1
0 0.000205 235.195694 339.392395 0.914062 2  -1
0 0.000205 27.826895 -339.392395 0.921875 2  -1
0 0.000205 235.195694 -339.392395 0.921875 1  -1
0 -239.986633 27.826895 -239.986801 0.007812 2  -1
0 -239.986633 235.195694 -239.986801 0.007812 1  -1
0 -239.986633 27.826895 -239.986801 0.921875 2  -1
0 -239.986633 235.195694 -239.986801 0.921875 1  -1
0 -339.392456 27.826895 -0.000046 0.007812 2  -1
0 -339.392456 235.195694 -0.000046 0.007812 1  -1
0 -239.986633 -179.541748 239.986816 0.921875 2  -1
0 -339.392456 -179.541748 -0.000046 0.007812 2  -1
0 -239.986633 27.826895 239.986816 0.921875 1  -1
0 -339.392456 27.826895 -0.000046 0.007812 1  -1
0 239.986954 27.826895 239.986816 0.921875 2  -1
0 239.986954 235.195694 239.986816 0.921875 1  -1
0 339.392456 27.826895 -0.000046 0.007812 2  -1
0 339.392456 235.195694 -0.000046 0.007812 1  -1
0 0.000205 27.826895 339.392395 0.921875 2  -1
0 0.000205 235.195694 339.392395 0.921875 1  -1
0 239.986954 27.826895 239.986816 0.007812 2  -1
0 239.986954 235.195694 239.986816 0.007812 1  -1
0 -239.986633 27.826895 239.986816 0.921875 2  -1
0 -239.986633 235.195694 239.986816 0.921875 1  -1
0 0.000205 27.826895 339.392395 0.007812 2  -1
0 0.000205 235.195694 339.392395 0.007812 1  -1
0 0.000205 -179.541748 339.392395 0.921875 2  -1
0 -239.986633 -179.541748 239.986816 0.007812 2  -1
0 0.000205 27.826895 339.392395 0.921875 1  -1
0 -239.986633 27.826895 239.986816 0.007812 1  -1
0 -339.392456 27.826895 -0.000046 0.921875 2  -1
0 -339.392456 235.195694 -0.000046 0.921875 1  -1
0 -239.986633 27.826895 239.986816 0.007812 2  -1
0 -239.986633 235.195694 239.986816 0.007812 1  -1
0 239.986954 27.826895 -239.986801 0.921875 2  -1
0 239.986954 235.195694 -239.986801 0.921875 1  -1
0 0.000205 27.826895 -339.392395 0.007812 2  -1
0 0.000205 235.195694 -339.392395 0.007812 1  -1
0 239.986954 235.195694 -239.986801 0.007812 1  -1
0 239.986954 27.826895 -239.986801 0.007812 2  -1
0 339.392456 235.195694 -0.000046 0.921875 1  -1
0 339.392456 27.826895 -0.000046 0.921875 2  -1
0 0.000205 -179.541748 -339.392395 0.921875 2  -1
0 0.000205 27.826895 -339.392395 0.921875 1  -1
0 -239.986633 -179.541748 -239.986801 0.007812 2  -1
0 -239.986633 27.826895 -239.986801 0.007812 1  -1
0 -339.392456 27.826895 -0.000046 0.921875 1  -1
0 -339.392456 -179.541748 -0.000046 0.921875 2  -1
0 0.000205 27.826895 -339.392395 0.007812 1  -1
0 0.000205 -179.541748 -339.392395 0.007812 2  -1
0 239.986954 27.826895 -239.986801 0.921875 1  -1
0 239.986954 -179.541748 -239.986801 0.921875 2  -1
0 339.392456 -179.541748 -0.000046 0.007812 2  -1
0 339.392456 27.826895 -0.000046 0.007812 1  -1
0 239.986954 27.826895 239.986816 0.921875 1  -1
0 239.986954 -179.541748 239.986816 0.921875 2  -1
0 0.000205 -179.541748 339.392395 0.007812 2  -1
0 0.000205 27.826895 339.392395 0.007812 1  -1
33
-0.106614 0.960408 0.257390
-0  1  0 
0.106614 0.960408 0.257390
0.257390 0.960408 0.106614
0.257390 0.960408 -0.106614
0.106614 0.960408 -0.257390
-0.106614 0.960408 -0.257390
-0.257390 0.960408 -0.106614
-0.257390 0.960408 0.106614
-0.078642 -0.978657 0.189860
-0  -1  0 
0.078642 -0.978657 0.189860
0.189859 -0.978657 0.078642
-0.189860 -0.978657 -0.078642
-0.189860 -0.978657 0.078642
0.189859 -0.978657 -0.078642
0.078642 -0.978657 -0.189860
-0.078642 -0.978657 -0.189860
0.382683 0  0.923880
0.923879 0  0.382684
0.923880 0  -0.382683
-0.923880 0  -0.382682
-0.382683 0  -0.923880
0.382683 0  -0.923880
-0.382683 0  0.923880
-0.923880 0  0.382683
0.382683 0  0.923880
0.707106 0  0.707107
-0.382683 0  0.923880
-0.707107 0  0.707107
-0.707107 0  0.707107
-1  0  0 
-0.707107 0  -0.707107
48
0 0 1 2 0 0 1 1
0 3 4 2 2 2 1 1
0 5 2 6 3 1 3 1
0 7 2 8 4 1 4 1
0 9 2 10 5 1 5 1
0 11 2 12 6 1 6 1
0 13 14 2 7 7 1 1
0 2 15 16 1 8 8 1
0 17 18 19 9 9 10 1
0 20 21 19 11 11 10 1
0 22 23 19 12 12 10 1
0 24 19 25 13 10 13 1
0 19 26 27 10 14 14 1
0 28 29 19 15 15 10 1
0 30 31 19 16 16 10 1
0 19 32 33 10 17 17 1
0 34 35 36 18 18 18 1
0 35 37 36 18 18 18 1
0 38 39 40 19 19 19 1
0 39 41 40 19 19 19 1
0 42 43 44 20 20 20 1
0 43 45 44 20 20 20 1
0 46 47 48 21 21 21 1
0 47 49 48 21 21 21 1
0 50 51 52 22 22 22 1
0 51 53 52 22 22 22 1
0 54 55 56 23 23 23 1
0 55 57 56 23 23 23 1
0 58 59 60 23 23 23 1
0 59 61 60 23 23 23 1
0 62 63 64 20 20 20 1
0 63 65 64 20 20 20 1
0 66 67 68 24 24 24 1
0 67 69 68 24 24 24 1
0 70 71 72 25 25 25 1
0 71 73 72 25 25 25 1
0 74 75 76 26 26 27 1
0 75 77 76 26 27 27 1
0 77 78 76 27 19 27 1
0 76 78 79 27 19 19 1
0 80 81 82 28 28 29 1
0 81 83 82 28 30 29 1
0 83 84 82 30 31 29 1
0 82 84 85 29 31 31 1
0 85 84 86 31 31 32 1
0 84 87 86 31 32 32 1
0 87 88 86 32 22 32 1
0 86 88 89 32 22 22 1
"2" 0 3
89
0 -0.816900 -228.218002 10.040344 0.023438 0.587063 -1
0 151.062195 -197.642578 10.040344 0.023438 0.572553 -1
0 130.714233 -197.642578 85.979897 0.105431 0.572553 -1
0 -0.816900 228.218002 10.040344 0.023438 0.009766 -1
0 130.714279 197.642578 85.979904 0.105431 0.108261 -1
0 151.062210 197.642578 10.040344 0.023438 0.108261 -1
0 -0.816900 -228.218002 10.040344 0.105431 0.587063 -1
0 75.122650 -197.642578 141.571518 0.187426 0.572553 -1
0 -0.816900 228.218002 10.040344 0.105431 0.009766 -1
0 75.122658 197.642578 141.571548 0.187426 0.108261 -1
0 -0.816900 -228.218002 10.040344 0.187426 0.587063 -1
0 -0.816900 -197.642578 161.919434 0.269420 0.572553 -1
0 -0.816900 228.218002 10.040344 0.187426 0.009766 -1
0 -0.816900 197.642578 161.919464 0.269420 0.108261 -1
0 -0.816900 -228.218002 10.040344 0.269420 0.587063 -1
0 -76.756447 -197.642578 141.571518 0.351414 0.572553 -1
0 -0.816900 228.218002 10.040344 0.269420 0.009766 -1
0 -76.756454 197.642578 141.571548 0.351414 0.108261 -1
0 -0.816900 -228.218002 10.040344 0.351414 0.587063 -1
0 -132.348038 -197.642578 85.979897 0.433408 0.572553 -1
0 -0.816900 228.218002 10.040344 0.351414 0.009766 -1
0 -132.348068 197.642578 85.979904 0.433408 0.108261 -1
0 -0.816900 -228.218002 10.040344 0.433408 0.587063 -1
0 -152.695999 -197.642578 10.040344 0.515403 0.572553 -1
0 -0.816900 228.218002 10.040344 0.433408 0.009766 -1
0 -152.696014 197.642578 10.040344 0.515403 0.108261 -1
0 -0.816900 -228.218002 10.040344 0.515403 0.587063 -1
0 -132.348038 -197.642578 -65.899200 0.597397 0.572553 -1
0 -0.816900 228.218002 10.040344 0.515403 0.009766 -1
0 -132.348068 197.642578 -65.899200 0.597397 0.108261 -1
0 -0.816900 -228.218002 10.040344 0.597397 0.587063 -1
0 -76.756447 -197.642578 -121.490807 0.679391 0.572553 -1
0 -0.816900 228.218002 10.040344 0.597397 0.009766 -1
0 -76.756454 197.642578 -121.490837 0.679391 0.108261 -1
0 -0.816900 -228.218002 10.040344 0.679391 0.587063 -1
0 -0.816900 -197.642578 -141.838745 0.761386 0.572553 -1
0 -0.816900 228.218002 10.040344 0.679391 0.009766 -1
0 -0.816900 197.642578 -141.838776 0.761386 0.108261 -1
0 -0.816900 -228.218002 10.040344 0.761386 0.587063 -1
0 75.122650 -197.642578 -121.490807 0.843379 0.572553 -1
0 -0.816900 228.218002 10.040344 0.761386 0.009766 -1
0 75.122658 197.642578 -121.490837 0.843379 0.108261 -1
0 -0.816900 -228.218002 10.040344 0.843379 0.587063 -1
0 130.714233 -197.642578 -65.899200 0.925373 0.572553 -1
0 -0.816900 228.218002 10.040344 0.843379 0.009766 -1
0 130.714279 197.642578 -65.899200 0.925373 0.108261 -1
0 -0.816900 -228.218002 10.040344 0.925373 0.587063 -1
0 151.062195 -197.642578 10.040344 1.007368 0.572553 -1
0 -0.816900 228.218002 10.040344 0.925373 0.009766 -1
0 151.062210 197.642578 10.040344 1.007368 0.108261 -1
0 262.245422 -114.108994 10.040344 0.023438 0.556089 -1
0 227.001724 -114.108994 141.571533 0.105431 0.556089 -1
0 130.714264 -114.108994 237.858963 0.187426 0.556089 -1
0 -0.816900 -114.108994 273.102661 0.269420 0.556089 -1
0 -132.348053 -114.108994 237.858963 0.351414 0.556089 -1
0 -228.635513 -114.108994 141.571533 0.433408 0.556089 -1
0 -263.879242 -114.108994 10.040344 0.515403 0.556089 -1
0 -228.635513 -114.108994 -121.490837 0.597397 0.556089 -1
0 -132.348053 -114.108994 -217.778275 0.679391 0.556089 -1
0 -0.816900 -114.108994 -253.022003 0.761386 0.556089 -1
0 130.714264 -114.108994 -217.778275 0.843379 0.556089 -1
0 227.001724 -114.108994 -121.490837 0.925373 0.556089 -1
0 262.245422 -114.108994 10.040344 1.007368 0.556089 -1
0 302.941284 0.000010 10.040344 0.027344 0.438063 -1
0 262.245392 0.000010 161.919434 0.109338 0.438063 -1
0 151.062195 0.000010 273.102631 0.191333 0.438063 -1
0 -0.816900 0.000010 313.798523 0.273327 0.438063 -1
0 -152.695999 0.000010 273.102631 0.355320 0.438063 -1
0 -263.879181 0.000010 161.919434 0.437314 0.438063 -1
0 -304.575134 0.000010 10.040344 0.519309 0.438063 -1
0 -263.879181 0.000010 -141.838745 0.601303 0.438063 -1
0 -152.695999 0.000010 -253.021942 0.683297 0.438063 -1
0 -0.816900 0.000010 -293.717834 0.765292 0.438063 -1
0 151.062195 0.000010 -253.021942 0.847286 0.438063 -1
0 262.245392 0.000010 -141.838745 0.929280 0.438063 -1
0 302.941284 0.000010 10.040344 1.011275 0.438063 -1
0 262.245392 114.109009 10.040344 0.027344 0.202849 -1
0 227.001724 114.109009 141.571518 0.109338 0.202849 -1
0 130.714233 114.109009 237.858963 0.191333 0.202849 -1
0 -0.816900 114.109009 273.102631 0.273326 0.202849 -1
0 -132.348038 114.109009 237.858963 0.355320 0.202849 -1
0 -228.635513 114.109009 141.571518 0.437314 0.202849 -1
0 -263.879181 114.109009 10.040344 0.519309 0.202849 -1
0 -228.635513 114.109009 -121.490807 0.601303 0.202849 -1
0 -132.348038 114.109009 -217.778275 0.683297 0.202849 -1
0 -0.816900 114.109009 -253.021942 0.765292 0.202849 -1
0 130.714233 114.109009 -217.778275 0.847286 0.202849 -1
0 227.001724 114.109009 -121.490807 0.929280 0.202849 -1
0 262.245392 114.109009 10.040344 1.011275 0.202849 -1
89
0.197079 -0.978964 0.052807
0.471873 -0.872553 0.126438
0.353297 -0.913003 0.203976
0.197079 0.978964 0.052807
0.353297 0.913003 0.203976
0.471873 0.872553 0.126438
0.144272 -0.978964 0.144272
0.237845 -0.879613 0.411960
0.144272 0.978964 0.144272
0.237845 0.879613 0.411960
0.052807 -0.978964 0.197079
-0  -0.913003 0.407952
0.052807 0.978964 0.197079
-0  0.913003 0.407952
-0.052807 -0.978964 0.197079
-0.237845 -0.879613 0.411960
-0.052807 0.978964 0.197079
-0.237845 0.879613 0.411960
-0.144272 -0.978964 0.144272
-0.353297 -0.913003 0.203976
-0.144272 0.978964 0.144272
-0.353297 0.913003 0.203976
-0.197079 -0.978964 0.052807
-0.475691 -0.879613 0 
-0.197079 0.978964 0.052807
-0.475691 0.879613 -0 
-0.197079 -0.978964 -0.052807
-0.353297 -0.913003 -0.203976
-0.197079 0.978964 -0.052807
-0.353297 0.913003 -0.203976
-0.144272 -0.978964 -0.144272
-0.237845 -0.879613 -0.411960
-0.144272 0.978964 -0.144272
-0.237845 0.879613 -0.411960
-0.052807 -0.978964 -0.197079
-0  -0.913003 -0.407952
-0.052807 0.978964 -0.197079
-0  0.913003 -0.407952
0.052807 -0.978964 -0.197079
0.237845 -0.879613 -0.411960
0.052807 0.978964 -0.197079
0.237845 0.879613 -0.411960
0.144272 -0.978964 -0.144272
0.353297 -0.913003 -0.203976
0.144272 0.978964 -0.144272
0.353297 0.913003 -0.203976
0.197079 -0.978964 -0.052807
0.471873 -0.872553 -0.126438
0.197079 0.978964 -0.052807
0.471873 0.872553 -0.126438
0.785730 -0.581639 0.210536
0.696063 -0.594975 0.401872
0.401872 -0.594975 0.696063
0  -0.594975 0.803745
-0.401872 -0.594975 0.696063
-0.696063 -0.594975 0.401872
-0.803744 -0.594975 0 
-0.696063 -0.594975 -0.401872
-0.401872 -0.594975 -0.696063
0  -0.594975 -0.803745
0.401872 -0.594975 -0.696063
0.696063 -0.594975 -0.401872
0.785730 -0.581639 -0.210536
0.965926 0  0.258819
0.866025 0  0.500000
0.500000 0  0.866025
0  0  1 
-0.500000 0  0.866025
-0.866025 0  0.500000
-1  0  -0 
-0.866025 0  -0.500000
-0.500000 0  -0.866025
0  0  -1 
0.500000 0  -0.866025
0.866025 0  -0.500000
0.965926 0  -0.258819
0.785730 0.581639 0.210536
0.696063 0.594975 0.401872
0.401872 0.594975 0.696063
0  0.594975 0.803745
-0.401872 0.594974 0.696063
-0.696063 0.594975 0.401872
-0.803744 0.594975 -0 
-0.696063 0.594975 -0.401872
-0.401872 0.594975 -0.696063
0  0.594975 -0.803745
0.401872 0.594975 -0.696063
0.696063 0.594975 -0.401872
0.785730 0.581639 -0.210536
120
0 0 1 2 0 1 2 1
0 3 4 5 3 4 5 1
0 6 2 7 6 2 7 1
0 8 9 4 8 9 4 1
0 10 7 11 10 7 11 1
0 12 13 9 12 13 9 1
0 14 11 15 14 11 15 1
0 16 17 13 16 17 13 1
0 18 15 19 18 15 19 1
0 20 21 17 20 21 17 1
0 22 19 23 22 19 23 1
0 24 25 21 24 25 21 1
0 26 23 27 26 23 27 1
0 28 29 25 28 29 25 1
0 30 27 31 30 27 31 1
0 32 33 29 32 33 29 1
0 34 31 35 34 31 35 1
0 36 37 33 36 37 33 1
0 38 35 39 38 35 39 1
0 40 41 37 40 41 37 1
0 42 39 43 42 39 43 1
0 44 45 41 44 45 41 1
0 46 43 47 46 43 47 1
0 48 49 45 48 49 45 1
0 1 50 51 1 50 51 1
0 1 51 2 1 51 2 1
0 2 51 7 2 51 7 1
0 51 52 7 51 52 7 1
0 7 52 53 7 52 53 1
0 7 53 11 7 53 11 1
0 11 53 15 11 53 15 1
0 53 54 15 53 54 15 1
0 15 54 55 15 54 55 1
0 15 55 19 15 55 19 1
0 19 55 23 19 55 23 1
0 55 56 23 55 56 23 1
0 23 56 57 23 56 57 1
0 23 57 27 23 57 27 1
0 27 57 31 27 57 31 1
0 57 58 31 57 58 31 1
0 31 58 59 31 58 59 1
0 31 59 35 31 59 35 1
0 35 59 39 35 59 39 1
0 59 60 39 59 60 39 1
0 39 60 61 39 60 61 1
0 39 61 43 39 61 43 1
0 43 61 47 43 61 47 1
0 61 62 47 61 62 47 1
0 50 63 51 50 63 51 1
0 63 64 51 63 64 51 1
0 51 64 65 51 64 65 1
0 51 65 52 51 65 52 1
0 52 65 53 52 65 53 1
0 65 66 53 65 66 53 1
0 53 66 67 53 66 67 1
0 53 67 54 53 67 54 1
0 54 67 55 54 67 55 1
0 67 68 55 67 68 55 1
0 55 68 69 55 68 69 1
0 55 69 56 55 69 56 1
0 56 69 57 56 69 57 1
0 69 70 57 69 70 57 1
0 57 70 71 57 70 71 1
0 57 71 58 57 71 58 1
0 58 71 59 58 71 59 1
0 71 72 59 71 72 59 1
0 59 72 73 59 72 73 1
0 59 73 60 59 73 60 1
0 60 73 61 60 73 61 1
0 73 74 61 73 74 61 1
0 61 74 75 61 74 75 1
0 61 75 62 61 75 62 1
0 63 76 77 63 76 77 1
0 63 77 64 63 77 64 1
0 64 77 65 64 77 65 1
0 77 78 65 77 78 65 1
0 65 78 79 65 78 79 1
0 65 79 66 65 79 66 1
0 66 79 67 66 79 67 1
0 79 80 67 79 80 67 1
0 67 80 81 67 80 81 1
0 67 81 68 67 81 68 1
0 68 81 69 68 81 69 1
0 81 82 69 81 82 69 1
0 69 82 83 69 82 83 1
0 69 83 70 69 83 70 1
0 70 83 71 70 83 71 1
0 83 84 71 83 84 71 1
0 71 84 85 71 84 85 1
0 71 85 72 71 85 72 1
0 72 85 73 72 85 73 1
0 85 86 73 85 86 73 1
0 73 86 87 73 86 87 1
0 73 87 74 73 87 74 1
0 74 87 75 74 87 75 1
0 87 88 75 87 88 75 1
0 76 5 77 76 5 77 1
0 5 4 77 5 4 77 1
0 77 4 9 77 4 9 1
0 77 9 78 77 9 78 1
0 78 9 79 78 9 79 1
0 9 13 79 9 13 79 1
0 79 13 17 79 13 17 1
0 79 17 80 79 17 80 1
0 80 17 81 80 17 81 1
0 17 21 81 17 21 81 1
0 81 21 25 81 21 25 1
0 81 25 82 81 25 82 1
0 82 25 83 82 25 83 1
0 25 29 83 25 29 83 1
0 83 29 33 83 29 33 1
0 83 33 84 83 33 84 1
0 84 33 85 84 33 85 1
0 33 37 85 33 37 85 1
0 85 37 41 85 37 41 1
0 85 41 86 85 41 86 1
0 86 41 87 86 41 87 1
0 41 45 87 41 45 87 1
0 87 45 49 87 45 49 1
0 87 49 88 87 49 88 1
"6" 0 0
468
0 179.012848 76.039314 -178.266739 4.105469 1.004246 -1
0 188.135941 50.444298 -187.390045 4.105469 1.260742 -1
0 253.983795 76.039314 2.729314 -0.005871 1.004246 -1
0 266.885803 50.444298 2.729314 -0.005871 1.260742 -1
0 -1.983366 -33.526234 271.598724 4.105469 1.004246 -1
0 -1.983366 -66.080284 258.696472 4.105469 1.260742 -1
0 -192.102753 -33.526234 192.848633 -0.005871 1.004246 -1
0 -182.979507 -66.080284 183.725372 -0.005871 1.260742 -1
0 253.983795 76.039314 2.729314 4.105469 1.004246 -1
0 266.885803 50.444298 2.729314 4.105469 1.260742 -1
0 179.012848 76.039314 183.725372 -0.005871 1.004246 -1
0 188.135941 50.444298 192.848633 -0.005871 1.260742 -1
0 266.885803 -33.526234 2.729314 4.105469 1.004246 -1
0 253.983795 -66.080284 2.729314 4.105469 1.260742 -1
0 188.135941 -33.526234 192.848633 -0.005871 1.004246 -1
0 179.012848 -66.080284 183.725372 -0.005871 1.260742 -1
0 188.135941 -33.526234 -187.390045 4.105469 1.004246 -1
0 179.012848 -66.080284 -178.266739 4.105469 1.260742 -1
0 266.885803 -33.526234 2.729314 -0.005871 1.004246 -1
0 253.983795 -66.080284 2.729314 -0.005871 1.260742 -1
0 179.012848 76.039314 183.725372 4.105469 1.004246 -1
0 188.135941 50.444298 192.848633 4.105469 1.260742 -1
0 -1.983366 76.039314 258.696472 -0.005871 1.004246 -1
0 -1.983366 50.444298 271.598724 -0.005871 1.260742 -1
0 -192.102753 -33.526234 192.848633 4.105469 1.004246 -1
0 -182.979507 -66.080284 183.725372 4.105469 1.260742 -1
0 -270.852661 -33.526234 2.729314 -0.005871 1.004246 -1
0 -257.950623 -66.080284 2.729314 -0.005871 1.260742 -1
0 -257.950623 76.039314 2.729314 4.105469 1.004246 -1
0 -270.852661 50.444298 2.729314 4.105469 1.260742 -1
0 -182.979507 76.039314 -178.266739 -0.005871 1.004246 -1
0 -192.102753 50.444298 -187.390045 -0.005871 1.260742 -1
0 -1.983366 76.039314 258.696472 4.105469 1.004246 -1
0 -1.983366 50.444298 271.598724 4.105469 1.260742 -1
0 -182.979507 76.039314 183.725372 -0.005871 1.004246 -1
0 -192.102753 50.444298 192.848633 -0.005871 1.260742 -1
0 188.135941 -33.526234 192.848633 4.105469 1.004246 -1
0 179.012848 -66.080284 183.725372 4.105469 1.260742 -1
0 -1.983366 -33.526234 271.598724 -0.005871 1.004246 -1
0 -1.983366 -66.080284 258.696472 -0.005871 1.260742 -1
0 -270.852661 -33.526234 2.729314 4.105469 1.004246 -1
0 -257.950623 -66.080284 2.729314 4.105469 1.260742 -1
0 -192.102753 -33.526234 -187.390045 -0.005871 1.004246 -1
0 -182.979507 -66.080284 -178.266739 -0.005871 1.260742 -1
0 -182.979507 76.039314 183.725372 4.105469 1.004246 -1
0 -192.102753 50.444298 192.848633 4.105469 1.260742 -1
0 -257.950623 76.039314 2.729314 -0.005871 1.004246 -1
0 -270.852661 50.444298 2.729314 -0.005871 1.260742 -1
0 48.944057 45.739399 -187.334717 1.554688 2.380859 -1
0 49.798260 55.394264 -190.522064 1.701172 2.226562 -1
0 137.153198 45.739399 -136.407227 -0.048492 0.829468 -1
0 139.486572 55.394264 -138.740540 0.097717 0.675293 -1
0 137.153198 45.739399 -136.407227 1.701172 2.226562 -1
0 143.679413 38.460766 -142.933380 1.554688 2.380859 -1
0 48.944057 45.739399 -187.334717 0.097717 0.675293 -1
0 51.332787 38.460766 -196.249634 -0.048492 0.829468 -1
0 -52.910767 45.739399 -187.334717 1.554688 2.380859 -1
0 -53.765015 55.394264 -190.522064 1.701172 2.226562 -1
0 48.944057 45.739399 -187.334717 -0.048492 0.829468 -1
0 49.798260 55.394264 -190.522064 0.097717 0.675293 -1
0 -55.299534 38.460766 -196.249634 -0.048492 0.829468 -1
0 -52.910767 45.739399 -187.334717 0.097717 0.675293 -1
0 51.332787 38.460766 -196.249634 1.554688 2.380859 -1
0 48.944057 45.739399 -187.334717 1.701172 2.226562 -1
0 188.080490 45.739399 -48.198082 1.701172 2.226562 -1
0 196.995621 38.460766 -50.586853 1.554688 2.380859 -1
0 137.153198 45.739399 -136.407227 0.097717 0.675293 -1
0 143.679413 38.460766 -142.933380 -0.048492 0.829468 -1
0 -141.119888 45.739399 -136.407227 1.554688 2.380859 -1
0 -143.453262 55.394264 -138.740540 1.701172 2.226562 -1
0 -52.910767 45.739399 -187.334717 -0.048492 0.829468 -1
0 -53.765015 55.394264 -190.522064 0.097717 0.675293 -1
0 137.153198 45.739399 -136.407227 1.554688 2.380859 -1
0 139.486572 55.394264 -138.740540 1.701172 2.226562 -1
0 188.080490 45.739399 -48.198082 -0.048492 0.829468 -1
0 191.268173 55.394264 -49.052338 0.097717 0.675293 -1
0 188.080490 45.739399 53.656754 1.701172 2.226562 -1
0 196.995621 38.460766 56.045471 1.554688 2.380859 -1
0 188.080490 45.739399 -48.198082 0.097717 0.675293 -1
0 196.995621 38.460766 -50.586853 -0.048492 0.829468 -1
0 -192.047256 45.739399 -48.198082 1.554688 2.380859 -1
0 -195.234833 55.394264 -49.052338 1.701172 2.226562 -1
0 -141.119888 45.739399 -136.407227 -0.048492 0.829468 -1
0 -143.453262 55.394264 -138.740540 0.097717 0.675293 -1
0 -52.910767 45.739399 -187.334717 1.701172 2.226562 -1
0 -55.299534 38.460766 -196.249634 1.554688 2.380859 -1
0 -141.119888 45.739399 -136.407227 0.097717 0.675293 -1
0 -147.646149 38.460766 -142.933380 -0.048492 0.829468 -1
0 137.153198 45.739399 141.865891 1.701172 2.226562 -1
0 143.679413 38.460766 148.392151 1.554688 2.380859 -1
0 188.080490 45.739399 53.656754 0.097717 0.675293 -1
0 196.995621 38.460766 56.045471 -0.048492 0.829468 -1
0 -192.047256 45.739399 53.656754 1.554688 2.380859 -1
0 -195.234833 55.394264 54.510902 1.701172 2.226562 -1
0 -192.047256 45.739399 -48.198082 -0.048492 0.829468 -1
0 -195.234833 55.394264 -49.052338 0.097717 0.675293 -1
0 188.080490 45.739399 -48.198082 1.554688 2.380859 -1
0 191.268173 55.394264 -49.052338 1.701172 2.226562 -1
0 188.080490 45.739399 53.656754 -0.048492 0.829468 -1
0 191.268173 55.394264 54.510902 0.097717 0.675293 -1
0 48.944057 45.739399 192.793259 1.701172 2.226562 -1
0 51.332787 38.460766 201.708405 1.554688 2.380859 -1
0 137.153198 45.739399 141.865891 0.097717 0.675293 -1
0 143.679413 38.460766 148.392151 -0.048492 0.829468 -1
0 -141.119888 45.739399 141.865891 1.554688 2.380859 -1
0 -143.453262 55.394264 144.199249 1.701172 2.226562 -1
0 -192.047256 45.739399 53.656754 -0.048492 0.829468 -1
0 -195.234833 55.394264 54.510902 0.097717 0.675293 -1
0 -141.119888 45.739399 -136.407227 1.701172 2.226562 -1
0 -147.646149 38.460766 -142.933380 1.554688 2.380859 -1
0 -192.047256 45.739399 -48.198082 0.097717 0.675293 -1
0 -200.962418 38.460766 -50.586853 -0.048492 0.829468 -1
0 -52.910767 45.739399 192.793259 1.701172 2.226562 -1
0 -55.299534 38.460766 201.708405 1.554688 2.380859 -1
0 48.944057 45.739399 192.793259 0.097717 0.675293 -1
0 51.332787 38.460766 201.708405 -0.048492 0.829468 -1
0 -52.910767 45.739399 192.793259 1.554688 2.380859 -1
0 -53.765015 55.394264 195.980743 1.701172 2.226562 -1
0 -141.119888 45.739399 141.865891 -0.048492 0.829468 -1
0 -143.453262 55.394264 144.199249 0.097717 0.675293 -1
0 188.080490 45.739399 53.656754 1.554688 2.380859 -1
0 191.268173 55.394264 54.510902 1.701172 2.226562 -1
0 137.153198 45.739399 141.865891 -0.048492 0.829468 -1
0 139.486572 55.394264 144.199249 0.097717 0.675293 -1
0 -141.119888 45.739399 141.865891 1.701172 2.226562 -1
0 -147.646149 38.460766 148.392151 1.554688 2.380859 -1
0 -52.910767 45.739399 192.793259 0.097717 0.675293 -1
0 -55.299534 38.460766 201.708405 -0.048492 0.829468 -1
0 48.944057 45.739399 192.793259 1.554688 2.380859 -1
0 49.798260 55.394264 195.980743 1.701172 2.226562 -1
0 -52.910767 45.739399 192.793259 -0.048492 0.829468 -1
0 -53.765015 55.394264 195.980743 0.097717 0.675293 -1
0 -192.047256 45.739399 -48.198082 1.701172 2.226562 -1
0 -200.962418 38.460766 -50.586853 1.554688 2.380859 -1
0 -192.047256 45.739399 53.656754 0.097717 0.675293 -1
0 -200.962418 38.460766 56.045471 -0.048492 0.829468 -1
0 -192.047256 45.739399 53.656754 1.701172 2.226562 -1
0 -200.962418 38.460766 56.045471 1.554688 2.380859 -1
0 -141.119888 45.739399 141.865891 0.097717 0.675293 -1
0 -147.646149 38.460766 148.392151 -0.048492 0.829468 -1
0 137.153198 45.739399 141.865891 1.554688 2.380859 -1
0 139.486572 55.394264 144.199249 1.701172 2.226562 -1
0 48.944057 45.739399 192.793259 -0.048492 0.829468 -1
0 49.798260 55.394264 195.980743 0.097717 0.675293 -1
0 139.486572 55.394264 -138.740540 -0.342041 1.119385 -1
0 139.486572 55.394264 -138.740540 -0.039429 1.120178 -1
0 49.798260 55.394264 -190.522064 -0.343750 1.111877 -1
0 49.798260 55.394264 -190.522064 -0.040344 1.110901 -1
0 49.798260 55.394264 -190.522064 -0.342041 1.119385 -1
0 49.798260 55.394264 -190.522064 -0.039429 1.120178 -1
0 -53.765015 55.394264 -190.522064 -0.343750 1.111877 -1
0 -53.765015 55.394264 -190.522064 -0.040344 1.110901 -1
0 -53.765015 55.394264 -190.522064 -0.342041 1.119385 -1
0 -53.765015 55.394264 -190.522064 -0.039429 1.120178 -1
0 -143.453262 55.394264 -138.740540 -0.343750 1.111877 -1
0 -143.453262 55.394264 -138.740540 -0.040344 1.110901 -1
0 191.268173 55.394264 -49.052338 -0.342041 1.119385 -1
0 191.268173 55.394264 -49.052338 -0.039429 1.120178 -1
0 139.486572 55.394264 -138.740540 -0.343750 1.111877 -1
0 139.486572 55.394264 -138.740540 -0.040344 1.110901 -1
0 -143.453262 55.394264 -138.740540 -0.342041 1.119385 -1
0 -143.453262 55.394264 -138.740540 -0.039429 1.120178 -1
0 -195.234833 55.394264 -49.052338 -0.343750 1.111877 -1
0 -195.234833 55.394264 -49.052338 -0.040344 1.110901 -1
0 -195.234833 55.394264 -49.052338 -0.342041 1.119385 -1
0 -195.234833 55.394264 -49.052338 -0.039429 1.120178 -1
0 -195.234833 55.394264 54.510902 -0.343750 1.111877 -1
0 -195.234833 55.394264 54.510902 -0.040344 1.110901 -1
0 191.268173 55.394264 54.510902 -0.342041 1.119385 -1
0 191.268173 55.394264 54.510902 -0.039429 1.120178 -1
0 191.268173 55.394264 -49.052338 -0.343750 1.111877 -1
0 191.268173 55.394264 -49.052338 -0.040344 1.110901 -1
0 -195.234833 55.394264 54.510902 -0.342041 1.119385 -1
0 -195.234833 55.394264 54.510902 -0.039429 1.120178 -1
0 -143.453262 55.394264 144.199249 -0.343750 1.111877 -1
0 -143.453262 55.394264 144.199249 -0.040344 1.110901 -1
0 139.486572 55.394264 144.199249 -0.342041 1.119385 -1
0 139.486572 55.394264 144.199249 -0.039429 1.120178 -1
0 191.268173 55.394264 54.510902 -0.343750 1.111877 -1
0 191.268173 55.394264 54.510902 -0.040344 1.110901 -1
0 -53.765015 55.394264 195.980743 -0.342041 1.119385 -1
0 -53.765015 55.394264 195.980743 -0.039429 1.120178 -1
0 49.798260 55.394264 195.980743 -0.343750 1.111877 -1
0 49.798260 55.394264 195.980743 -0.040344 1.110901 -1
0 49.798260 55.394264 195.980743 -0.342041 1.119385 -1
0 49.798260 55.394264 195.980743 -0.039429 1.120178 -1
0 139.486572 55.394264 144.199249 -0.343750 1.111877 -1
0 139.486572 55.394264 144.199249 -0.040344 1.110901 -1
0 49.466732 -19.065737 -189.285645 1.554688 2.380859 -1
0 51.075932 -11.250051 -195.290634 1.701172 2.226562 -1
0 138.581253 -19.065737 -137.835175 -0.048492 0.829468 -1
0 142.977310 -11.250051 -142.231262 0.097717 0.675293 -1
0 138.581253 -19.065737 -137.835175 1.701172 2.226562 -1
0 133.524460 -27.263973 -132.778488 1.554688 2.380859 -1
0 49.466732 -19.065737 -189.285645 0.097717 0.675293 -1
0 47.615845 -27.263973 -182.377670 -0.048492 0.829468 -1
0 -53.433491 -19.065737 -189.285645 1.554688 2.380859 -1
0 -55.042725 -11.250051 -195.290634 1.701172 2.226562 -1
0 49.466732 -19.065737 -189.285645 -0.048492 0.829468 -1
0 51.075932 -11.250051 -195.290634 0.097717 0.675293 -1
0 -51.582577 -27.263973 -182.377670 -0.048492 0.829468 -1
0 -53.433491 -19.065737 -189.285645 0.097717 0.675293 -1
0 47.615845 -27.263973 -182.377670 1.554688 2.380859 -1
0 49.466732 -19.065737 -189.285645 1.701172 2.226562 -1
0 190.031250 -19.065737 -48.720795 1.701172 2.226562 -1
0 183.123703 -27.263973 -46.869911 1.554688 2.380859 -1
0 138.581253 -19.065737 -137.835175 0.097717 0.675293 -1
0 133.524460 -27.263973 -132.778488 -0.048492 0.829468 -1
0 -142.547943 -19.065737 -137.835175 1.554688 2.380859 -1
0 -146.943878 -11.250051 -142.231262 1.701172 2.226562 -1
0 -53.433491 -19.065737 -189.285645 -0.048492 0.829468 -1
0 -55.042725 -11.250051 -195.290634 0.097717 0.675293 -1
0 138.581253 -19.065737 -137.835175 1.554688 2.380859 -1
0 142.977310 -11.250051 -142.231262 1.701172 2.226562 -1
0 190.031250 -19.065737 -48.720795 -0.048492 0.829468 -1
0 196.036667 -11.250051 -50.330009 0.097717 0.675293 -1
0 190.031250 -19.065737 54.179443 1.701172 2.226562 -1
0 183.123703 -27.263973 52.328529 1.554688 2.380859 -1
0 190.031250 -19.065737 -48.720795 0.097717 0.675293 -1
0 183.123703 -27.263973 -46.869911 -0.048492 0.829468 -1
0 -193.998016 -19.065737 -48.720795 1.554688 2.380859 -1
0 -200.003189 -11.250051 -50.330009 1.701172 2.226562 -1
0 -142.547943 -19.065737 -137.835175 -0.048492 0.829468 -1
0 -146.943878 -11.250051 -142.231262 0.097717 0.675293 -1
0 -53.433491 -19.065737 -189.285645 1.701172 2.226562 -1
0 -51.582577 -27.263973 -182.377670 1.554688 2.380859 -1
0 -142.547943 -19.065737 -137.835175 0.097717 0.675293 -1
0 -137.491196 -27.263973 -132.778488 -0.048492 0.829468 -1
0 138.581253 -19.065737 143.293793 1.701172 2.226562 -1
0 133.524460 -27.263973 138.237061 1.554688 2.380859 -1
0 190.031250 -19.065737 54.179443 0.097717 0.675293 -1
0 183.123703 -27.263973 52.328529 -0.048492 0.829468 -1
0 -193.998016 -19.065737 54.179443 1.554688 2.380859 -1
0 -200.003189 -11.250051 55.788620 1.701172 2.226562 -1
0 -193.998016 -19.065737 -48.720795 -0.048492 0.829468 -1
0 -200.003189 -11.250051 -50.330009 0.097717 0.675293 -1
0 190.031250 -19.065737 -48.720795 1.554688 2.380859 -1
0 196.036667 -11.250051 -50.330009 1.701172 2.226562 -1
0 190.031250 -19.065737 54.179443 -0.048492 0.829468 -1
0 196.036667 -11.250051 55.788620 0.097717 0.675293 -1
0 49.466732 -19.065737 194.744095 1.701172 2.226562 -1
0 47.615845 -27.263973 187.836304 1.554688 2.380859 -1
0 138.581253 -19.065737 143.293793 0.097717 0.675293 -1
0 133.524460 -27.263973 138.237061 -0.048492 0.829468 -1
0 -142.547943 -19.065737 143.293793 1.554688 2.380859 -1
0 -146.943878 -11.250051 147.689987 1.701172 2.226562 -1
0 -193.998016 -19.065737 54.179443 -0.048492 0.829468 -1
0 -200.003189 -11.250051 55.788620 0.097717 0.675293 -1
0 -142.547943 -19.065737 -137.835175 1.701172 2.226562 -1
0 -137.491196 -27.263973 -132.778488 1.554688 2.380859 -1
0 -193.998016 -19.065737 -48.720795 0.097717 0.675293 -1
0 -187.090363 -27.263973 -46.869911 -0.048492 0.829468 -1
0 -53.433491 -19.065737 194.744095 1.701172 2.226562 -1
0 -51.582577 -27.263973 187.836304 1.554688 2.380859 -1
0 49.466732 -19.065737 194.744095 0.097717 0.675293 -1
0 47.615845 -27.263973 187.836304 -0.048492 0.829468 -1
0 -53.433491 -19.065737 194.744095 1.554688 2.380859 -1
0 -55.042725 -11.250051 200.749329 1.701172 2.226562 -1
0 -142.547943 -19.065737 143.293793 -0.048492 0.829468 -1
0 -146.943878 -11.250051 147.689987 0.097717 0.675293 -1
0 190.031250 -19.065737 54.179443 1.554688 2.380859 -1
0 196.036667 -11.250051 55.788620 1.701172 2.226562 -1
0 138.581253 -19.065737 143.293793 -0.048492 0.829468 -1
0 142.977310 -11.250051 147.689987 0.097717 0.675293 -1
0 -142.547943 -19.065737 143.293793 1.701172 2.226562 -1
0 -137.491196 -27.263973 138.237061 1.554688 2.380859 -1
0 -53.433491 -19.065737 194.744095 0.097717 0.675293 -1
0 -51.582577 -27.263973 187.836304 -0.048492 0.829468 -1
0 49.466732 -19.065737 194.744095 1.554688 2.380859 -1
0 51.075932 -11.250051 200.749329 1.701172 2.226562 -1
0 -53.433491 -19.065737 194.744095 -0.048492 0.829468 -1
0 -55.042725 -11.250051 200.749329 0.097717 0.675293 -1
0 -193.998016 -19.065737 -48.720795 1.701172 2.226562 -1
0 -187.090363 -27.263973 -46.869911 1.554688 2.380859 -1
0 -193.998016 -19.065737 54.179443 0.097717 0.675293 -1
0 -187.090363 -27.263973 52.328529 -0.048492 0.829468 -1
0 -193.998016 -19.065737 54.179443 1.701172 2.226562 -1
0 -187.090363 -27.263973 52.328529 1.554688 2.380859 -1
0 -142.547943 -19.065737 143.293793 0.097717 0.675293 -1
0 -137.491196 -27.263973 138.237061 -0.048492 0.829468 -1
0 138.581253 -19.065737 143.293793 1.554688 2.380859 -1
0 142.977310 -11.250051 147.689987 1.701172 2.226562 -1
0 49.466732 -19.065737 194.744095 -0.048492 0.829468 -1
0 51.075932 -11.250051 200.749329 0.097717 0.675293 -1
0 142.977310 -11.250051 -142.231262 -0.342041 1.119385 -1
0 142.977310 -11.250051 -142.231262 -0.039429 1.120178 -1
0 51.075932 -11.250051 -195.290634 -0.343750 1.111877 -1
0 51.075932 -11.250051 -195.290634 -0.040344 1.110901 -1
0 51.075932 -11.250051 -195.290634 -0.342041 1.119385 -1
0 51.075932 -11.250051 -195.290634 -0.039429 1.120178 -1
0 -55.042725 -11.250051 -195.290634 -0.343750 1.111877 -1
0 -55.042725 -11.250051 -195.290634 -0.040344 1.110901 -1
0 -55.042725 -11.250051 -195.290634 -0.342041 1.119385 -1
0 -55.042725 -11.250051 -195.290634 -0.039429 1.120178 -1
0 -146.943878 -11.250051 -142.231262 -0.343750 1.111877 -1
0 -146.943878 -11.250051 -142.231262 -0.040344 1.110901 -1
0 196.036667 -11.250051 -50.330009 -0.342041 1.119385 -1
0 196.036667 -11.250051 -50.330009 -0.039429 1.120178 -1
0 142.977310 -11.250051 -142.231262 -0.343750 1.111877 -1
0 142.977310 -11.250051 -142.231262 -0.040344 1.110901 -1
0 -146.943878 -11.250051 -142.231262 -0.342041 1.119385 -1
0 -146.943878 -11.250051 -142.231262 -0.039429 1.120178 -1
0 -200.003189 -11.250051 -50.330009 -0.343750 1.111877 -1
0 -200.003189 -11.250051 -50.330009 -0.040344 1.110901 -1
0 -200.003189 -11.250051 -50.330009 -0.342041 1.119385 -1
0 -200.003189 -11.250051 -50.330009 -0.039429 1.120178 -1
0 -200.003189 -11.250051 55.788620 -0.343750 1.111877 -1
0 -200.003189 -11.250051 55.788620 -0.040344 1.110901 -1
0 196.036667 -11.250051 55.788620 -0.342041 1.119385 -1
0 196.036667 -11.250051 55.788620 -0.039429 1.120178 -1
0 196.036667 -11.250051 -50.330009 -0.343750 1.111877 -1
0 196.036667 -11.250051 -50.330009 -0.040344 1.110901 -1
0 -200.003189 -11.250051 55.788620 -0.342041 1.119385 -1
0 -200.003189 -11.250051 55.788620 -0.039429 1.120178 -1
0 -146.943878 -11.250051 147.689987 -0.343750 1.111877 -1
0 -146.943878 -11.250051 147.689987 -0.040344 1.110901 -1
0 142.977310 -11.250051 147.689987 -0.342041 1.119385 -1
0 142.977310 -11.250051 147.689987 -0.039429 1.120178 -1
0 196.036667 -11.250051 55.788620 -0.343750 1.111877 -1
0 196.036667 -11.250051 55.788620 -0.040344 1.110901 -1
0 -55.042725 -11.250051 200.749329 -0.342041 1.119385 -1
0 -55.042725 -11.250051 200.749329 -0.039429 1.120178 -1
0 51.075932 -11.250051 200.749329 -0.343750 1.111877 -1
0 51.075932 -11.250051 200.749329 -0.040344 1.110901 -1
0 51.075932 -11.250051 200.749329 -0.342041 1.119385 -1
0 51.075932 -11.250051 200.749329 -0.039429 1.120178 -1
0 142.977310 -11.250051 147.689987 -0.343750 1.111877 -1
0 142.977310 -11.250051 147.689987 -0.040344 1.110901 -1
0 42.540760 -72.785980 -163.436966 1.554688 2.380859 -1
0 46.988571 -62.774658 -180.035797 1.701172 2.226562 -1
0 119.658829 -72.785980 -118.912842 -0.048492 0.829468 -1
0 131.809799 -62.774658 -131.063828 0.097717 0.675293 -1
0 119.658829 -72.785980 -118.912842 1.701172 2.226562 -1
0 113.708260 -82.337677 -112.962341 1.554688 2.380859 -1
0 42.540760 -72.785980 -163.436966 0.097717 0.675293 -1
0 40.362885 -82.337677 -155.308594 -0.048492 0.829468 -1
0 -46.507504 -72.785980 -163.436966 1.554688 2.380859 -1
0 -50.955318 -62.774658 -180.035797 1.701172 2.226562 -1
0 42.540760 -72.785980 -163.436966 -0.048492 0.829468 -1
0 46.988571 -62.774658 -180.035797 0.097717 0.675293 -1
0 -44.329613 -82.337677 -155.308594 -0.048492 0.829468 -1
0 -46.507504 -72.785980 -163.436966 0.097717 0.675293 -1
0 40.362885 -82.337677 -155.308594 1.554688 2.380859 -1
0 42.540760 -72.785980 -163.436966 1.701172 2.226562 -1
0 164.182953 -72.785980 -41.794815 1.701172 2.226562 -1
0 156.054550 -82.337677 -39.616936 1.554688 2.380859 -1
0 119.658829 -72.785980 -118.912842 0.097717 0.675293 -1
0 113.708260 -82.337677 -112.962341 -0.048492 0.829468 -1
0 -123.625473 -72.785980 -118.912842 1.554688 2.380859 -1
0 -135.776566 -62.774658 -131.063828 1.701172 2.226562 -1
0 -46.507504 -72.785980 -163.436966 -0.048492 0.829468 -1
0 -50.955318 -62.774658 -180.035797 0.097717 0.675293 -1
0 119.658829 -72.785980 -118.912842 1.554688 2.380859 -1
0 131.809799 -62.774658 -131.063828 1.701172 2.226562 -1
0 164.182953 -72.785980 -41.794815 -0.048492 0.829468 -1
0 180.781662 -62.774658 -46.242622 0.097717 0.675293 -1
0 164.182953 -72.785980 47.253471 1.701172 2.226562 -1
0 156.054550 -82.337677 45.075577 1.554688 2.380859 -1
0 164.182953 -72.785980 -41.794815 0.097717 0.675293 -1
0 156.054550 -82.337677 -39.616936 -0.048492 0.829468 -1
0 -168.149582 -72.785980 -41.794815 1.554688 2.380859 -1
0 -184.748535 -62.774658 -46.242622 1.701172 2.226562 -1
0 -123.625473 -72.785980 -118.912842 -0.048492 0.829468 -1
0 -135.776566 -62.774658 -131.063828 0.097717 0.675293 -1
0 -46.507504 -72.785980 -163.436966 1.701172 2.226562 -1
0 -44.329613 -82.337677 -155.308594 1.554688 2.380859 -1
0 -123.625473 -72.785980 -118.912842 0.097717 0.675293 -1
0 -117.675056 -82.337677 -112.962341 -0.048492 0.829468 -1
0 119.658829 -72.785980 124.371445 1.701172 2.226562 -1
0 113.708260 -82.337677 118.421036 1.554688 2.380859 -1
0 164.182953 -72.785980 47.253471 0.097717 0.675293 -1
0 156.054550 -82.337677 45.075577 -0.048492 0.829468 -1
0 -168.149582 -72.785980 47.253471 1.554688 2.380859 -1
0 -184.748535 -62.774658 51.701302 1.701172 2.226562 -1
0 -168.149582 -72.785980 -41.794815 -0.048492 0.829468 -1
0 -184.748535 -62.774658 -46.242622 0.097717 0.675293 -1
0 164.182953 -72.785980 -41.794815 1.554688 2.380859 -1
0 180.781662 -62.774658 -46.242622 1.701172 2.226562 -1
0 164.182953 -72.785980 47.253471 -0.048492 0.829468 -1
0 180.781662 -62.774658 51.701302 0.097717 0.675293 -1
0 42.540760 -72.785980 168.895523 1.701172 2.226562 -1
0 40.362885 -82.337677 160.767258 1.554688 2.380859 -1
0 119.658829 -72.785980 124.371445 0.097717 0.675293 -1
0 113.708260 -82.337677 118.421036 -0.048492 0.829468 -1
0 -123.625473 -72.785980 124.371445 1.554688 2.380859 -1
0 -135.776566 -62.774658 136.522446 1.701172 2.226562 -1
0 -168.149582 -72.785980 47.253471 -0.048492 0.829468 -1
0 -184.748535 -62.774658 51.701302 0.097717 0.675293 -1
0 -123.625473 -72.785980 -118.912842 1.701172 2.226562 -1
0 -117.675056 -82.337677 -112.962341 1.554688 2.380859 -1
0 -168.149582 -72.785980 -41.794815 0.097717 0.675293 -1
0 -160.021271 -82.337677 -39.616936 -0.048492 0.829468 -1
0 -46.507504 -72.785980 168.895523 1.701172 2.226562 -1
0 -44.329613 -82.337677 160.767258 1.554688 2.380859 -1
0 42.540760 -72.785980 168.895523 0.097717 0.675293 -1
0 40.362885 -82.337677 160.767258 -0.048492 0.829468 -1
0 -46.507504 -72.785980 168.895523 1.554688 2.380859 -1
0 -50.955318 -62.774658 185.494293 1.701172 2.226562 -1
0 -123.625473 -72.785980 124.371445 -0.048492 0.829468 -1
0 -135.776566 -62.774658 136.522446 0.097717 0.675293 -1
0 164.182953 -72.785980 47.253471 1.554688 2.380859 -1
0 180.781662 -62.774658 51.701302 1.701172 2.226562 -1
0 119.658829 -72.785980 124.371445 -0.048492 0.829468 -1
0 131.809799 -62.774658 136.522446 0.097717 0.675293 -1
0 -123.625473 -72.785980 124.371445 1.701172 2.226562 -1
0 -117.675056 -82.337677 118.421036 1.554688 2.380859 -1
0 -46.507504 -72.785980 168.895523 0.097717 0.675293 -1
0 -44.329613 -82.337677 160.767258 -0.048492 0.829468 -1
0 42.540760 -72.785980 168.895523 1.554688 2.380859 -1
0 46.988571 -62.774658 185.494293 1.701172 2.226562 -1
0 -46.507504 -72.785980 168.895523 -0.048492 0.829468 -1
0 -50.955318 -62.774658 185.494293 0.097717 0.675293 -1
0 -168.149582 -72.785980 -41.794815 1.701172 2.226562 -1
0 -160.021271 -82.337677 -39.616936 1.554688 2.380859 -1
0 -168.149582 -72.785980 47.253471 0.097717 0.675293 -1
0 -160.021271 -82.337677 45.075577 -0.048492 0.829468 -1
0 -168.149582 -72.785980 47.253471 1.701172 2.226562 -1
0 -160.021271 -82.337677 45.075577 1.554688 2.380859 -1
0 -123.625473 -72.785980 124.371445 0.097717 0.675293 -1
0 -117.675056 -82.337677 118.421036 -0.048492 0.829468 -1
0 119.658829 -72.785980 124.371445 1.554688 2.380859 -1
0 131.809799 -62.774658 136.522446 1.701172 2.226562 -1
0 42.540760 -72.785980 168.895523 -0.048492 0.829468 -1
0 46.988571 -62.774658 185.494293 0.097717 0.675293 -1
0 131.809799 -62.774658 -131.063828 -0.342041 1.119385 -1
0 131.809799 -62.774658 -131.063828 -0.039429 1.120178 -1
0 46.988571 -62.774658 -180.035797 -0.343750 1.111877 -1
0 46.988571 -62.774658 -180.035797 -0.040344 1.110901 -1
0 46.988571 -62.774658 -180.035797 -0.342041 1.119385 -1
0 46.988571 -62.774658 -180.035797 -0.039429 1.120178 -1
0 -50.955318 -62.774658 -180.035797 -0.343750 1.111877 -1
0 -50.955318 -62.774658 -180.035797 -0.040344 1.110901 -1
0 -50.955318 -62.774658 -180.035797 -0.342041 1.119385 -1
0 -50.955318 -62.774658 -180.035797 -0.039429 1.120178 -1
0 -135.776566 -62.774658 -131.063828 -0.343750 1.111877 -1
0 -135.776566 -62.774658 -131.063828 -0.040344 1.110901 -1
0 180.781662 -62.774658 -46.242622 -0.342041 1.119385 -1
0 180.781662 -62.774658 -46.242622 -0.039429 1.120178 -1
0 131.809799 -62.774658 -131.063828 -0.343750 1.111877 -1
0 131.809799 -62.774658 -131.063828 -0.040344 1.110901 -1
0 -135.776566 -62.774658 -131.063828 -0.342041 1.119385 -1
0 -135.776566 -62.774658 -131.063828 -0.039429 1.120178 -1
0 -184.748535 -62.774658 -46.242622 -0.343750 1.111877 -1
0 -184.748535 -62.774658 -46.242622 -0.040344 1.110901 -1
0 -184.748535 -62.774658 -46.242622 -0.342041 1.119385 -1
0 -184.748535 -62.774658 -46.242622 -0.039429 1.120178 -1
0 -184.748535 -62.774658 51.701302 -0.343750 1.111877 -1
0 -184.748535 -62.774658 51.701302 -0.040344 1.110901 -1
0 180.781662 -62.774658 51.701302 -0.342041 1.119385 -1
0 180.781662 -62.774658 51.701302 -0.039429 1.120178 -1
0 180.781662 -62.774658 -46.242622 -0.343750 1.111877 -1
0 180.781662 -62.774658 -46.242622 -0.040344 1.110901 -1
0 -184.748535 -62.774658 51.701302 -0.342041 1.119385 -1
0 -184.748535 -62.774658 51.701302 -0.039429 1.120178 -1
0 -135.776566 -62.774658 136.522446 -0.343750 1.111877 -1
0 -135.776566 -62.774658 136.522446 -0.040344 1.110901 -1
0 131.809799 -62.774658 136.522446 -0.342041 1.119385 -1
0 131.809799 -62.774658 136.522446 -0.039429 1.120178 -1
0 180.781662 -62.774658 51.701302 -0.343750 1.111877 -1
0 180.781662 -62.774658 51.701302 -0.040344 1.110901 -1
0 -50.955318 -62.774658 185.494293 -0.342041 1.119385 -1
0 -50.955318 -62.774658 185.494293 -0.039429 1.120178 -1
0 46.988571 -62.774658 185.494293 -0.343750 1.111877 -1
0 46.988571 -62.774658 185.494293 -0.040344 1.110901 -1
0 46.988571 -62.774658 185.494293 -0.342041 1.119385 -1
0 46.988571 -62.774658 185.494293 -0.039429 1.120178 -1
0 131.809799 -62.774658 136.522446 -0.343750 1.111877 -1
0 131.809799 -62.774658 136.522446 -0.040344 1.110901 -1
215
-0.837509 -0.422177 0.346907
-0.837510 -0.422176 0.346907
-0.837510 -0.422175 0.346908
0.359351 0.343839 -0.867549
0.359351 0.343838 -0.867549
0.359351 0.343838 -0.867549
-0.837510 -0.422175 -0.346908
-0.837510 -0.422175 -0.346908
-0.837510 -0.422176 -0.346907
-0.867552 0.343833 -0.359351
-0.867551 0.343834 -0.359351
-0.867551 0.343834 -0.359351
-0.867551 0.343835 0.359351
-0.867551 0.343834 0.359351
-0.867552 0.343833 0.359351
-0.346907 -0.422179 -0.837508
-0.346907 -0.422180 -0.837508
-0.346907 -0.422181 -0.837507
0.867550 0.343838 -0.359350
0.867550 0.343836 -0.359351
0.867551 0.343834 -0.359352
0.837510 -0.422175 0.346908
0.837509 -0.422178 0.346907
0.837508 -0.422181 0.346907
0.346907 -0.422181 -0.837507
0.346907 -0.422181 -0.837507
0.346907 -0.422181 -0.837508
-0.359351 0.343837 -0.867550
-0.359351 0.343838 -0.867550
-0.359351 0.343839 -0.867549
0.867551 0.343834 0.359351
0.867550 0.343836 0.359351
0.867549 0.343839 0.359351
0.837508 -0.422180 -0.346907
0.837509 -0.422178 -0.346907
0.837510 -0.422175 -0.346908
0.474794 -0.313495 -0.822369
0.474795 -0.313493 -0.822370
0.474795 -0.313492 -0.822370
0.316218 0.774612 -0.547706
0.316218 0.774612 -0.547706
0.316218 0.774612 -0.547706
0  -0.313488 -0.949592
0  0.774612 -0.632436
0.547699 0.774619 -0.316213
0.547702 0.774616 -0.316215
0.547705 0.774613 -0.316217
-0.474795 -0.313492 -0.822370
-0.474795 -0.313494 -0.822369
-0.474795 -0.313497 -0.822369
0.822370 -0.313494 -0.474793
0.822366 -0.313508 -0.474792
0.822361 -0.313523 -0.474791
0.632427 0.774620 0 
-0.822364 -0.313515 -0.474790
-0.822367 -0.313504 -0.474793
-0.822369 -0.313494 -0.474796
-0.316218 0.774613 -0.547706
-0.316217 0.774613 -0.547706
-0.316217 0.774613 -0.547705
0.547704 0.774615 0.316215
0.547702 0.774617 0.316215
0.547700 0.774618 0.316214
-0.949586 -0.313508 0 
-0.949586 -0.313508 0 
0.949582 -0.313517 0 
0.949582 -0.313517 0 
0.316213 0.774619 0.547699
0.316214 0.774617 0.547701
0.316216 0.774616 0.547703
-0.822370 -0.313496 0.474793
-0.822367 -0.313503 0.474793
-0.822365 -0.313510 0.474792
-0.547704 0.774614 -0.316216
-0.547701 0.774617 -0.316215
-0.547698 0.774620 -0.316213
0  0.774620 0.632427
0  0.774620 0.632427
-0.474792 -0.313507 0.822366
-0.474793 -0.313501 0.822368
-0.474795 -0.313495 0.822369
0.822363 -0.313518 0.474789
0.822366 -0.313507 0.474792
0.822369 -0.313496 0.474795
-0.316215 0.774616 0.547702
-0.316214 0.774618 0.547700
-0.316213 0.774620 0.547698
0  -0.313500 0.949588
0  -0.313500 0.949588
-0.632426 0.774621 0 
-0.632426 0.774621 0 
-0.547699 0.774619 0.316213
-0.547701 0.774618 0.316214
-0.547702 0.774616 0.316215
0.474793 -0.313495 0.822370
0.474793 -0.313500 0.822368
0.474793 -0.313505 0.822366
0  0  0 
0.396484 -0.609265 -0.686729
0.396483 -0.609267 -0.686727
0.396482 -0.609270 -0.686726
0.382368 -0.644345 -0.662279
0.382364 -0.644354 -0.662274
0.382359 -0.644362 -0.662268
0  -0.609260 -0.792971
0  -0.609260 -0.792971
0  -0.644365 -0.764718
0.662283 -0.644342 -0.382368
0.662281 -0.644345 -0.382367
0.662279 -0.644347 -0.382366
-0.396484 -0.609266 -0.686728
-0.396484 -0.609266 -0.686728
-0.396484 -0.609266 -0.686728
0.686727 -0.609269 -0.396481
0.686720 -0.609279 -0.396478
0.686713 -0.609289 -0.396475
0.764738 -0.644341 0 
-0.686723 -0.609276 -0.396478
-0.686727 -0.609269 -0.396482
-0.686731 -0.609263 -0.396485
-0.382361 -0.644363 -0.662266
-0.382364 -0.644353 -0.662274
-0.382367 -0.644344 -0.662281
0.662278 -0.644348 0.382365
0.662280 -0.644346 0.382367
0.662282 -0.644343 0.382368
-0.792962 -0.609271 0 
-0.792962 -0.609271 0 
0.792950 -0.609287 0 
0.382364 -0.644353 0.662274
0.382365 -0.644350 0.662276
0.382366 -0.644347 0.662279
-0.686729 -0.609266 0.396482
-0.686726 -0.609270 0.396481
-0.686723 -0.609274 0.396480
-0.662280 -0.644345 -0.382367
-0.662280 -0.644346 -0.382366
-0.662279 -0.644347 -0.382366
0  -0.644355 0.764727
0  -0.644355 0.764727
-0.396478 -0.609279 0.686720
-0.396480 -0.609276 0.686722
-0.396482 -0.609272 0.686724
0.686715 -0.609288 0.396473
0.686719 -0.609280 0.396477
0.686724 -0.609273 0.396481
-0.382367 -0.644346 0.662279
-0.382365 -0.644350 0.662276
-0.382363 -0.644354 0.662274
0  -0.609275 0.792959
-0.764733 -0.644347 0 
-0.662278 -0.644348 0.382366
-0.662279 -0.644347 0.382366
-0.662279 -0.644346 0.382366
0.396479 -0.609276 0.686722
0.396479 -0.609277 0.686721
0.396479 -0.609278 0.686720
0.258233 -0.856308 -0.447273
0.258236 -0.856305 -0.447276
0.258239 -0.856303 -0.447279
0.380780 -0.648094 -0.659531
0.380784 -0.648088 -0.659535
0.380787 -0.648082 -0.659538
0  -0.856307 -0.516468
0  -0.856307 -0.516468
0  -0.648085 -0.761568
0.659538 -0.648083 -0.380785
0.659533 -0.648089 -0.380783
0.659528 -0.648095 -0.380782
-0.258237 -0.856304 -0.447278
-0.258236 -0.856306 -0.447275
-0.258235 -0.856308 -0.447272
0.447280 -0.856303 -0.258237
0.447277 -0.856304 -0.258236
0.447274 -0.856306 -0.258236
0.761567 -0.648086 0 
-0.447271 -0.856309 -0.258232
-0.447274 -0.856307 -0.258235
-0.447277 -0.856304 -0.258237
-0.380785 -0.648082 -0.659539
-0.380784 -0.648087 -0.659536
-0.380783 -0.648091 -0.659532
0.659531 -0.648093 0.380781
0.659534 -0.648088 0.380784
0.659537 -0.648084 0.380786
-0.516465 -0.856308 0 
0.516471 -0.856305 0 
0.380787 -0.648078 0.659543
0.380785 -0.648084 0.659537
0.380783 -0.648090 0.659532
-0.447278 -0.856304 0.258236
-0.447274 -0.856307 0.258235
-0.447270 -0.856309 0.258234
-0.659534 -0.648089 -0.380782
-0.659537 -0.648084 -0.380785
-0.659540 -0.648080 -0.380788
0  -0.648080 0.761572
0  -0.648080 0.761572
-0.258233 -0.856307 0.447274
-0.258235 -0.856305 0.447276
-0.258237 -0.856304 0.447277
0.447274 -0.856306 0.258234
0.447277 -0.856305 0.258236
0.447279 -0.856303 0.258238
-0.380783 -0.648087 0.659536
-0.380786 -0.648082 0.659539
-0.380788 -0.648078 0.659542
0  -0.856306 0.516469
-0.761571 -0.648082 0 
-0.659541 -0.648080 0.380786
-0.659538 -0.648084 0.380785
-0.659535 -0.648087 0.380784
0.258237 -0.856303 0.447280
0.258236 -0.856305 0.447276
0.258235 -0.856307 0.447273
234
0 0 1 2 0 1 1 1
0 1 3 2 1 2 1 1
0 4 5 6 3 4 4 1
0 5 7 6 4 5 4 1
0 8 9 10 6 7 7 1
0 9 11 10 7 8 7 1
0 12 13 14 9 10 10 1
0 13 15 14 10 11 10 1
0 16 17 18 12 13 13 1
0 17 19 18 13 14 13 1
0 20 21 22 15 16 16 1
0 21 23 22 16 17 16 1
0 24 25 26 18 19 19 1
0 25 27 26 19 20 19 1
0 28 29 30 21 22 22 1
0 29 31 30 22 23 22 1
0 32 33 34 24 25 25 1
0 33 35 34 25 26 25 1
0 36 37 38 27 28 28 1
0 37 39 38 28 29 28 1
0 40 41 42 30 31 31 1
0 41 43 42 31 32 31 1
0 44 45 46 33 34 34 1
0 45 47 46 34 35 34 1
0 48 49 50 36 37 37 1
0 49 51 50 37 38 37 1
0 52 53 54 39 40 40 1
0 53 55 54 40 41 40 1
0 56 57 58 42 42 42 1
0 57 59 58 42 42 42 1
0 60 61 62 43 43 43 1
0 61 63 62 43 43 43 1
0 64 65 66 44 45 45 1
0 65 67 66 45 46 45 1
0 68 69 70 47 48 48 1
0 69 71 70 48 49 48 1
0 72 73 74 50 51 51 1
0 73 75 74 51 52 51 1
0 76 77 78 53 53 53 1
0 77 79 78 53 53 53 1
0 80 81 82 54 55 55 1
0 81 83 82 55 56 55 1
0 84 85 86 57 58 58 1
0 85 87 86 58 59 58 1
0 88 89 90 60 61 61 1
0 89 91 90 61 62 61 1
0 92 93 94 63 64 64 1
0 93 95 94 64 64 64 1
0 96 97 98 65 66 66 1
0 97 99 98 66 66 66 1
0 100 101 102 67 68 68 1
0 101 103 102 68 69 68 1
0 104 105 106 70 71 71 1
0 105 107 106 71 72 71 1
0 108 109 110 73 74 74 1
0 109 111 110 74 75 74 1
0 112 113 114 76 77 77 1
0 113 115 114 77 77 77 1
0 116 117 118 78 79 79 1
0 117 119 118 79 80 79 1
0 120 121 122 81 82 82 1
0 121 123 122 82 83 82 1
0 124 125 126 84 85 85 1
0 125 127 126 85 86 85 1
0 128 129 130 87 88 88 1
0 129 131 130 88 88 88 1
0 132 133 134 89 89 89 1
0 133 135 134 89 90 89 1
0 136 137 138 91 92 92 1
0 137 139 138 92 93 92 1
0 140 141 142 94 95 95 1
0 141 143 142 95 96 95 1
0 144 145 146 97 97 97 1
0 145 147 146 97 97 97 1
0 148 149 150 97 97 97 1
0 149 151 150 97 97 97 1
0 152 153 154 97 97 97 1
0 153 155 154 97 97 97 1
0 156 157 158 97 97 97 1
0 157 159 158 97 97 97 1
0 160 161 162 97 97 97 1
0 161 163 162 97 97 97 1
0 164 165 166 97 97 97 1
0 165 167 166 97 97 97 1
0 168 169 170 97 97 97 1
0 169 171 170 97 97 97 1
0 172 173 174 97 97 97 1
0 173 175 174 97 97 97 1
0 176 177 178 97 97 97 1
0 177 179 178 97 97 97 1
0 180 181 182 97 97 97 1
0 181 183 182 97 97 97 1
0 184 185 186 97 97 97 1
0 185 187 186 97 97 97 1
0 188 189 190 98 99 99 1
0 189 191 190 99 100 99 1
0 192 193 194 101 102 102 1
0 193 195 194 102 103 102 1
0 196 197 198 104 105 105 1
0 197 199 198 105 105 105 1
0 200 201 202 106 106 106 1
0 201 203 202 106 106 106 1
0 204 205 206 107 108 108 1
0 205 207 206 108 109 108 1
0 208 209 210 110 111 111 1
0 209 211 210 111 112 111 1
0 212 213 214 113 114 114 1
0 213 215 214 114 115 114 1
0 216 217 218 116 116 116 1
0 217 219 218 116 116 116 1
0 220 221 222 117 118 118 1
0 221 223 222 118 119 118 1
0 224 225 226 120 121 121 1
0 225 227 226 121 122 121 1
0 228 229 230 123 124 124 1
0 229 231 230 124 125 124 1
0 232 233 234 126 126 126 1
0 233 235 234 126 127 126 1
0 236 237 238 128 128 128 1
0 237 239 238 128 128 128 1
0 240 241 242 129 130 130 1
0 241 243 242 130 131 130 1
0 244 245 246 132 133 133 1
0 245 247 246 133 134 133 1
0 248 249 250 135 136 136 1
0 249 251 250 136 137 136 1
0 252 253 254 138 138 138 1
0 253 255 254 138 139 138 1
0 256 257 258 140 141 141 1
0 257 259 258 141 142 141 1
0 260 261 262 143 144 144 1
0 261 263 262 144 145 144 1
0 264 265 266 146 147 147 1
0 265 267 266 147 148 147 1
0 268 269 270 149 149 149 1
0 269 271 270 149 149 149 1
0 272 273 274 150 150 150 1
0 273 275 274 150 150 150 1
0 276 277 278 151 152 152 1
0 277 279 278 152 153 152 1
0 280 281 282 154 155 155 1
0 281 283 282 155 156 155 1
0 284 285 286 97 97 97 1
0 285 287 286 97 97 97 1
0 288 289 290 97 97 97 1
0 289 291 290 97 97 97 1
0 292 293 294 97 97 97 1
0 293 295 294 97 97 97 1
0 296 297 298 97 97 97 1
0 297 299 298 97 97 97 1
0 300 301 302 97 97 97 1
0 301 303 302 97 97 97 1
0 304 305 306 97 97 97 1
0 305 307 306 97 97 97 1
0 308 309 310 97 97 97 1
0 309 311 310 97 97 97 1
0 312 313 314 97 97 97 1
0 313 315 314 97 97 97 1
0 316 317 318 97 97 97 1
0 317 319 318 97 97 97 1
0 320 321 322 97 97 97 1
0 321 323 322 97 97 97 1
0 324 325 326 97 97 97 1
0 325 327 326 97 97 97 1
0 328 329 330 157 158 158 1
0 329 331 330 158 159 158 1
0 332 333 334 160 161 161 1
0 333 335 334 161 162 161 1
0 336 337 338 163 163 163 1
0 337 339 338 163 164 163 1
0 340 341 342 165 165 165 1
0 341 343 342 165 165 165 1
0 344 345 346 166 167 167 1
0 345 347 346 167 168 167 1
0 348 349 350 169 170 170 1
0 349 351 350 170 171 170 1
0 352 353 354 172 173 173 1
0 353 355 354 173 174 173 1
0 356 357 358 175 175 175 1
0 357 359 358 175 175 175 1
0 360 361 362 176 177 177 1
0 361 363 362 177 178 177 1
0 364 365 366 179 180 180 1
0 365 367 366 180 181 180 1
0 368 369 370 182 183 183 1
0 369 371 370 183 184 183 1
0 372 373 374 185 185 185 1
0 373 375 374 185 185 185 1
0 376 377 378 186 186 186 1
0 377 379 378 186 186 186 1
0 380 381 382 187 188 188 1
0 381 383 382 188 189 188 1
0 384 385 386 190 191 191 1
0 385 387 386 191 192 191 1
0 388 389 390 193 194 194 1
0 389 391 390 194 195 194 1
0 392 393 394 196 197 197 1
0 393 395 394 197 197 197 1
0 396 397 398 198 199 199 1
0 397 399 398 199 200 199 1
0 400 401 402 201 202 202 1
0 401 403 402 202 203 202 1
0 404 405 406 204 205 205 1
0 405 407 406 205 206 205 1
0 408 409 410 207 207 207 1
0 409 411 410 207 207 207 1
0 412 413 414 208 208 208 1
0 413 415 414 208 208 208 1
0 416 417 418 209 210 210 1
0 417 419 418 210 211 210 1
0 420 421 422 212 213 213 1
0 421 423 422 213 214 213 1
0 424 425 426 97 97 97 1
0 425 427 426 97 97 97 1
0 428 429 430 97 97 97 1
0 429 431 430 97 97 97 1
0 432 433 434 97 97 97 1
0 433 435 434 97 97 97 1
0 436 437 438 97 97 97 1
0 437 439 438 97 97 97 1
0 440 441 442 97 97 97 1
0 441 443 442 97 97 97 1
0 444 445 446 97 97 97 1
0 445 447 446 97 97 97 1
0 448 449 450 97 97 97 1
0 449 451 450 97 97 97 1
0 452 453 454 97 97 97 1
0 453 455 454 97 97 97 1
0 456 457 458 97 97 97 1
0 457 459 458 97 97 97 1
0 460 461 462 97 97 97 1
0 461 463 462 97 97 97 1
0 464 465 466 97 97 97 1
0 465 467 466 97 97 97 1
"7" 0 2
560
0 47.200001 65.598373 -180.825500 0.005836 1.002911 -1
0 45.308311 71.993530 -173.765533 0.005836 1.148438 -1
0 132.388077 65.598373 -131.642166 0.994629 1.004837 -1
0 127.219994 71.993530 -126.473969 0.994629 1.150391 -1
0 132.388077 65.598373 -131.642166 0.005836 1.148438 -1
0 139.691849 59.203102 -138.946014 0.005836 1.002911 -1
0 47.200001 65.598373 -180.825500 0.994629 1.150391 -1
0 49.873341 59.203102 -190.802612 0.994629 1.004837 -1
0 -51.166710 65.598373 -180.825500 0.005836 1.002911 -1
0 -49.275089 71.993530 -173.765533 0.005836 1.148438 -1
0 47.200001 65.598373 -180.825500 0.994629 1.004837 -1
0 45.308311 71.993530 -173.765533 0.994629 1.150391 -1
0 -53.840099 59.203102 -190.802612 0.994629 1.004837 -1
0 -51.166710 65.598373 -180.825500 0.994629 1.150391 -1
0 49.873341 59.203102 -190.802612 0.005836 1.002911 -1
0 47.200001 65.598373 -180.825500 0.005836 1.148438 -1
0 181.571442 65.598373 -46.454025 0.005836 1.148438 -1
0 191.548660 59.203102 -49.127373 0.005836 1.002911 -1
0 132.388077 65.598373 -131.642166 0.994629 1.150391 -1
0 139.691849 59.203102 -138.946014 0.994629 1.004837 -1
0 -136.354782 65.598373 -131.642166 0.005836 1.002911 -1
0 -131.186722 71.993530 -126.473969 0.005836 1.148438 -1
0 -51.166710 65.598373 -180.825500 0.994629 1.004837 -1
0 -49.275089 71.993530 -173.765533 0.994629 1.150391 -1
0 132.388077 65.598373 -131.642166 0.005836 1.002911 -1
0 127.219994 71.993530 -126.473969 0.005836 1.148438 -1
0 181.571442 65.598373 -46.454025 0.994629 1.004837 -1
0 174.511597 71.993530 -44.562355 0.994629 1.150391 -1
0 181.571442 65.598373 51.912682 0.005836 1.148438 -1
0 191.548660 59.203102 54.586037 0.005836 1.002911 -1
0 181.571442 65.598373 -46.454025 0.994629 1.150391 -1
0 191.548660 59.203102 -49.127373 0.994629 1.004837 -1
0 -185.538269 65.598373 -46.454025 0.005836 1.002911 -1
0 -178.478287 71.993530 -44.562355 0.005836 1.148438 -1
0 -136.354782 65.598373 -131.642166 0.994629 1.004837 -1
0 -131.186722 71.993530 -126.473969 0.994629 1.150391 -1
0 -51.166710 65.598373 -180.825500 0.005836 1.148438 -1
0 -53.840099 59.203102 -190.802612 0.005836 1.002911 -1
0 -136.354782 65.598373 -131.642166 0.994629 1.150391 -1
0 -143.658493 59.203102 -138.946014 0.994629 1.004837 -1
0 132.388077 65.598373 137.100830 0.005836 1.148438 -1
0 139.691849 59.203102 144.404633 0.005836 1.002911 -1
0 181.571442 65.598373 51.912682 0.994629 1.150391 -1
0 191.548660 59.203102 54.586037 0.994629 1.004837 -1
0 -185.538269 65.598373 51.912682 0.005836 1.002911 -1
0 -178.478287 71.993530 50.021011 0.005836 1.148438 -1
0 -185.538269 65.598373 -46.454025 0.994629 1.004837 -1
0 -178.478287 71.993530 -44.562355 0.994629 1.150391 -1
0 181.571442 65.598373 -46.454025 0.005836 1.002911 -1
0 174.511597 71.993530 -44.562355 0.005836 1.148438 -1
0 181.571442 65.598373 51.912682 0.994629 1.004837 -1
0 174.511597 71.993530 50.021011 0.994629 1.150391 -1
0 47.200001 65.598373 186.284180 0.005836 1.148438 -1
0 49.873341 59.203102 196.261093 0.005836 1.002911 -1
0 132.388077 65.598373 137.100830 0.994629 1.150391 -1
0 139.691849 59.203102 144.404633 0.994629 1.004837 -1
0 -136.354782 65.598373 137.100830 0.005836 1.002911 -1
0 -131.186722 71.993530 131.932556 0.005836 1.148438 -1
0 -185.538269 65.598373 51.912682 0.994629 1.004837 -1
0 -178.478287 71.993530 50.021011 0.994629 1.150391 -1
0 -136.354782 65.598373 -131.642166 0.005836 1.148438 -1
0 -143.658493 59.203102 -138.946014 0.005836 1.002911 -1
0 -185.538269 65.598373 -46.454025 0.994629 1.150391 -1
0 -195.515289 59.203102 -49.127373 0.994629 1.004837 -1
0 -51.166710 65.598373 186.284180 0.005836 1.148438 -1
0 -53.840099 59.203102 196.261093 0.005836 1.002911 -1
0 47.200001 65.598373 186.284180 0.994629 1.150391 -1
0 49.873341 59.203102 196.261093 0.994629 1.004837 -1
0 -51.166710 65.598373 186.284180 0.005836 1.002911 -1
0 -49.275089 71.993530 179.224350 0.005836 1.148438 -1
0 -136.354782 65.598373 137.100830 0.994629 1.004837 -1
0 -131.186722 71.993530 131.932556 0.994629 1.150391 -1
0 181.571442 65.598373 51.912682 0.005836 1.002911 -1
0 174.511597 71.993530 50.021011 0.005836 1.148438 -1
0 132.388077 65.598373 137.100830 0.994629 1.004837 -1
0 127.219994 71.993530 131.932556 0.994629 1.150391 -1
0 -136.354782 65.598373 137.100830 0.005836 1.148438 -1
0 -143.658493 59.203102 144.404633 0.005836 1.002911 -1
0 -51.166710 65.598373 186.284180 0.994629 1.150391 -1
0 -53.840099 59.203102 196.261093 0.994629 1.004837 -1
0 47.200001 65.598373 186.284180 0.005836 1.002911 -1
0 45.308311 71.993530 179.224350 0.005836 1.148438 -1
0 -51.166710 65.598373 186.284180 0.994629 1.004837 -1
0 -49.275089 71.993530 179.224350 0.994629 1.150391 -1
0 -185.538269 65.598373 -46.454025 0.005836 1.148438 -1
0 -195.515289 59.203102 -49.127373 0.005836 1.002911 -1
0 -185.538269 65.598373 51.912682 0.994629 1.150391 -1
0 -195.515289 59.203102 54.586037 0.994629 1.004837 -1
0 -185.538269 65.598373 51.912682 0.005836 1.148438 -1
0 -195.515289 59.203102 54.586037 0.005836 1.002911 -1
0 -136.354782 65.598373 137.100830 0.994629 1.150391 -1
0 -143.658493 59.203102 144.404633 0.994629 1.004837 -1
0 132.388077 65.598373 137.100830 0.005836 1.002911 -1
0 127.219994 71.993530 131.932556 0.005836 1.148438 -1
0 47.200001 65.598373 186.284180 0.994629 1.004837 -1
0 45.308311 71.993530 179.224350 0.994629 1.150391 -1
0 127.219994 71.993530 -126.473969 0.684082 1.828613 -1
0 127.219994 71.993530 -126.473969 0.986816 1.829590 -1
0 45.308311 71.993530 -173.765533 0.682617 1.821289 -1
0 45.308311 71.993530 -173.765533 0.985840 1.820312 -1
0 45.308311 71.993530 -173.765533 0.684082 1.828613 -1
0 45.308311 71.993530 -173.765533 0.986816 1.829590 -1
0 -49.275089 71.993530 -173.765533 0.682617 1.821289 -1
0 -49.275089 71.993530 -173.765533 0.985840 1.820312 -1
0 -49.275089 71.993530 -173.765533 0.684082 1.828613 -1
0 -49.275089 71.993530 -173.765533 0.986816 1.829590 -1
0 -131.186722 71.993530 -126.473969 0.682617 1.821289 -1
0 -131.186722 71.993530 -126.473969 0.985840 1.820312 -1
0 174.511597 71.993530 -44.562355 0.684082 1.828613 -1
0 174.511597 71.993530 -44.562355 0.986816 1.829590 -1
0 127.219994 71.993530 -126.473969 0.682617 1.821289 -1
0 127.219994 71.993530 -126.473969 0.985840 1.820312 -1
0 -131.186722 71.993530 -126.473969 0.684082 1.828613 -1
0 -131.186722 71.993530 -126.473969 0.986816 1.829590 -1
0 -178.478287 71.993530 -44.562355 0.682617 1.821289 -1
0 -178.478287 71.993530 -44.562355 0.985840 1.820312 -1
0 -178.478287 71.993530 -44.562355 0.684082 1.828613 -1
0 -178.478287 71.993530 -44.562355 0.986816 1.829590 -1
0 -178.478287 71.993530 50.021011 0.682617 1.821289 -1
0 -178.478287 71.993530 50.021011 0.985840 1.820312 -1
0 174.511597 71.993530 50.021011 0.684082 1.828613 -1
0 174.511597 71.993530 50.021011 0.986816 1.829590 -1
0 174.511597 71.993530 -44.562355 0.682617 1.821289 -1
0 174.511597 71.993530 -44.562355 0.985840 1.820312 -1
0 -178.478287 71.993530 50.021011 0.684082 1.828613 -1
0 -178.478287 71.993530 50.021011 0.986816 1.829590 -1
0 -131.186722 71.993530 131.932556 0.682617 1.821289 -1
0 -131.186722 71.993530 131.932556 0.985840 1.820312 -1
0 127.219994 71.993530 131.932556 0.684082 1.828613 -1
0 127.219994 71.993530 131.932556 0.986816 1.829590 -1
0 174.511597 71.993530 50.021011 0.682617 1.821289 -1
0 174.511597 71.993530 50.021011 0.985840 1.820312 -1
0 -49.275089 71.993530 179.224350 0.684082 1.828613 -1
0 -49.275089 71.993530 179.224350 0.986816 1.829590 -1
0 45.308311 71.993530 179.224350 0.682617 1.821289 -1
0 45.308311 71.993530 179.224350 0.985840 1.820312 -1
0 45.308311 71.993530 179.224350 0.684082 1.828613 -1
0 45.308311 71.993530 179.224350 0.986816 1.829590 -1
0 127.219994 71.993530 131.932556 0.682617 1.821289 -1
0 127.219994 71.993530 131.932556 0.985840 1.820312 -1
0 47.200001 -25.637560 -180.825500 0.005836 1.002911 -1
0 45.308311 -19.242332 -173.765533 0.005836 1.148438 -1
0 132.388077 -25.637560 -131.642166 0.994629 1.004837 -1
0 127.219994 -19.242332 -126.473969 0.994629 1.150391 -1
0 132.388077 -25.637560 -131.642166 0.005836 1.148438 -1
0 139.691849 -32.032791 -138.946014 0.005836 1.002911 -1
0 47.200001 -25.637560 -180.825500 0.994629 1.150391 -1
0 49.873341 -32.032791 -190.802612 0.994629 1.004837 -1
0 -51.166710 -25.637560 -180.825500 0.005836 1.002911 -1
0 -49.275089 -19.242332 -173.765533 0.005836 1.148438 -1
0 47.200001 -25.637560 -180.825500 0.994629 1.004837 -1
0 45.308311 -19.242332 -173.765533 0.994629 1.150391 -1
0 -53.840099 -32.032791 -190.802612 0.994629 1.004837 -1
0 -51.166710 -25.637560 -180.825500 0.994629 1.150391 -1
0 49.873341 -32.032791 -190.802612 0.005836 1.002911 -1
0 47.200001 -25.637560 -180.825500 0.005836 1.148438 -1
0 181.571442 -25.637560 -46.454025 0.005836 1.148438 -1
0 191.548660 -32.032791 -49.127373 0.005836 1.002911 -1
0 132.388077 -25.637560 -131.642166 0.994629 1.150391 -1
0 139.691849 -32.032791 -138.946014 0.994629 1.004837 -1
0 -136.354782 -25.637560 -131.642166 0.005836 1.002911 -1
0 -131.186722 -19.242332 -126.473969 0.005836 1.148438 -1
0 -51.166710 -25.637560 -180.825500 0.994629 1.004837 -1
0 -49.275089 -19.242332 -173.765533 0.994629 1.150391 -1
0 132.388077 -25.637560 -131.642166 0.005836 1.002911 -1
0 127.219994 -19.242332 -126.473969 0.005836 1.148438 -1
0 181.571442 -25.637560 -46.454025 0.994629 1.004837 -1
0 174.511597 -19.242332 -44.562355 0.994629 1.150391 -1
0 181.571442 -25.637560 51.912682 0.005836 1.148438 -1
0 191.548660 -32.032791 54.586037 0.005836 1.002911 -1
0 181.571442 -25.637560 -46.454025 0.994629 1.150391 -1
0 191.548660 -32.032791 -49.127373 0.994629 1.004837 -1
0 -185.538269 -25.637560 -46.454025 0.005836 1.002911 -1
0 -178.478287 -19.242332 -44.562355 0.005836 1.148438 -1
0 -136.354782 -25.637560 -131.642166 0.994629 1.004837 -1
0 -131.186722 -19.242332 -126.473969 0.994629 1.150391 -1
0 -51.166710 -25.637560 -180.825500 0.005836 1.148438 -1
0 -53.840099 -32.032791 -190.802612 0.005836 1.002911 -1
0 -136.354782 -25.637560 -131.642166 0.994629 1.150391 -1
0 -143.658493 -32.032791 -138.946014 0.994629 1.004837 -1
0 132.388077 -25.637560 137.100830 0.005836 1.148438 -1
0 139.691849 -32.032791 144.404633 0.005836 1.002911 -1
0 181.571442 -25.637560 51.912682 0.994629 1.150391 -1
0 191.548660 -32.032791 54.586037 0.994629 1.004837 -1
0 -185.538269 -25.637560 51.912682 0.005836 1.002911 -1
0 -178.478287 -19.242332 50.021011 0.005836 1.148438 -1
0 -185.538269 -25.637560 -46.454025 0.994629 1.004837 -1
0 -178.478287 -19.242332 -44.562355 0.994629 1.150391 -1
0 181.571442 -25.637560 -46.454025 0.005836 1.002911 -1
0 174.511597 -19.242332 -44.562355 0.005836 1.148438 -1
0 181.571442 -25.637560 51.912682 0.994629 1.004837 -1
0 174.511597 -19.242332 50.021011 0.994629 1.150391 -1
0 47.200001 -25.637560 186.284180 0.005836 1.148438 -1
0 49.873341 -32.032791 196.261093 0.005836 1.002911 -1
0 132.388077 -25.637560 137.100830 0.994629 1.150391 -1
0 139.691849 -32.032791 144.404633 0.994629 1.004837 -1
0 -136.354782 -25.637560 137.100830 0.005836 1.002911 -1
0 -131.186722 -19.242332 131.932556 0.005836 1.148438 -1
0 -185.538269 -25.637560 51.912682 0.994629 1.004837 -1
0 -178.478287 -19.242332 50.021011 0.994629 1.150391 -1
0 -136.354782 -25.637560 -131.642166 0.005836 1.148438 -1
0 -143.658493 -32.032791 -138.946014 0.005836 1.002911 -1
0 -185.538269 -25.637560 -46.454025 0.994629 1.150391 -1
0 -195.515289 -32.032791 -49.127373 0.994629 1.004837 -1
0 -51.166710 -25.637560 186.284180 0.005836 1.148438 -1
0 -53.840099 -32.032791 196.261093 0.005836 1.002911 -1
0 47.200001 -25.637560 186.284180 0.994629 1.150391 -1
0 49.873341 -32.032791 196.261093 0.994629 1.004837 -1
0 -51.166710 -25.637560 186.284180 0.005836 1.002911 -1
0 -49.275089 -19.242332 179.224350 0.005836 1.148438 -1
0 -136.354782 -25.637560 137.100830 0.994629 1.004837 -1
0 -131.186722 -19.242332 131.932556 0.994629 1.150391 -1
0 181.571442 -25.637560 51.912682 0.005836 1.002911 -1
0 174.511597 -19.242332 50.021011 0.005836 1.148438 -1
0 132.388077 -25.637560 137.100830 0.994629 1.004837 -1
0 127.219994 -19.242332 131.932556 0.994629 1.150391 -1
0 -136.354782 -25.637560 137.100830 0.005836 1.148438 -1
0 -143.658493 -32.032791 144.404633 0.005836 1.002911 -1
0 -51.166710 -25.637560 186.284180 0.994629 1.150391 -1
0 -53.840099 -32.032791 196.261093 0.994629 1.004837 -1
0 47.200001 -25.637560 186.284180 0.005836 1.002911 -1
0 45.308311 -19.242332 179.224350 0.005836 1.148438 -1
0 -51.166710 -25.637560 186.284180 0.994629 1.004837 -1
0 -49.275089 -19.242332 179.224350 0.994629 1.150391 -1
0 -185.538269 -25.637560 -46.454025 0.005836 1.148438 -1
0 -195.515289 -32.032791 -49.127373 0.005836 1.002911 -1
0 -185.538269 -25.637560 51.912682 0.994629 1.150391 -1
0 -195.515289 -32.032791 54.586037 0.994629 1.004837 -1
0 -185.538269 -25.637560 51.912682 0.005836 1.148438 -1
0 -195.515289 -32.032791 54.586037 0.005836 1.002911 -1
0 -136.354782 -25.637560 137.100830 0.994629 1.150391 -1
0 -143.658493 -32.032791 144.404633 0.994629 1.004837 -1
0 132.388077 -25.637560 137.100830 0.005836 1.002911 -1
0 127.219994 -19.242332 131.932556 0.005836 1.148438 -1
0 47.200001 -25.637560 186.284180 0.994629 1.004837 -1
0 45.308311 -19.242332 179.224350 0.994629 1.150391 -1
0 127.219994 -19.242332 -126.473969 0.684082 1.828613 -1
0 127.219994 -19.242332 -126.473969 0.986816 1.829590 -1
0 45.308311 -19.242332 -173.765533 0.682617 1.821289 -1
0 45.308311 -19.242332 -173.765533 0.985840 1.820312 -1
0 45.308311 -19.242332 -173.765533 0.684082 1.828613 -1
0 45.308311 -19.242332 -173.765533 0.986816 1.829590 -1
0 -49.275089 -19.242332 -173.765533 0.682617 1.821289 -1
0 -49.275089 -19.242332 -173.765533 0.985840 1.820312 -1
0 -49.275089 -19.242332 -173.765533 0.684082 1.828613 -1
0 -49.275089 -19.242332 -173.765533 0.986816 1.829590 -1
0 -131.186722 -19.242332 -126.473969 0.682617 1.821289 -1
0 -131.186722 -19.242332 -126.473969 0.985840 1.820312 -1
0 174.511597 -19.242332 -44.562355 0.684082 1.828613 -1
0 174.511597 -19.242332 -44.562355 0.986816 1.829590 -1
0 127.219994 -19.242332 -126.473969 0.682617 1.821289 -1
0 127.219994 -19.242332 -126.473969 0.985840 1.820312 -1
0 -131.186722 -19.242332 -126.473969 0.684082 1.828613 -1
0 -131.186722 -19.242332 -126.473969 0.986816 1.829590 -1
0 -178.478287 -19.242332 -44.562355 0.682617 1.821289 -1
0 -178.478287 -19.242332 -44.562355 0.985840 1.820312 -1
0 -178.478287 -19.242332 -44.562355 0.684082 1.828613 -1
0 -178.478287 -19.242332 -44.562355 0.986816 1.829590 -1
0 -178.478287 -19.242332 50.021011 0.682617 1.821289 -1
0 -178.478287 -19.242332 50.021011 0.985840 1.820312 -1
0 174.511597 -19.242332 50.021011 0.684082 1.828613 -1
0 174.511597 -19.242332 50.021011 0.986816 1.829590 -1
0 174.511597 -19.242332 -44.562355 0.682617 1.821289 -1
0 174.511597 -19.242332 -44.562355 0.985840 1.820312 -1
0 -178.478287 -19.242332 50.021011 0.684082 1.828613 -1
0 -178.478287 -19.242332 50.021011 0.986816 1.829590 -1
0 -131.186722 -19.242332 131.932556 0.682617 1.821289 -1
0 -131.186722 -19.242332 131.932556 0.985840 1.820312 -1
0 127.219994 -19.242332 131.932556 0.684082 1.828613 -1
0 127.219994 -19.242332 131.932556 0.986816 1.829590 -1
0 174.511597 -19.242332 50.021011 0.682617 1.821289 -1
0 174.511597 -19.242332 50.021011 0.985840 1.820312 -1
0 -49.275089 -19.242332 179.224350 0.684082 1.828613 -1
0 -49.275089 -19.242332 179.224350 0.986816 1.829590 -1
0 45.308311 -19.242332 179.224350 0.682617 1.821289 -1
0 45.308311 -19.242332 179.224350 0.985840 1.820312 -1
0 45.308311 -19.242332 179.224350 0.684082 1.828613 -1
0 45.308311 -19.242332 179.224350 0.986816 1.829590 -1
0 127.219994 -19.242332 131.932556 0.682617 1.821289 -1
0 127.219994 -19.242332 131.932556 0.985840 1.820312 -1
0 47.200001 -54.375610 -180.825500 0.005836 1.002911 -1
0 45.308311 -60.770813 -173.765533 0.005836 1.148438 -1
0 132.388077 -54.375610 -131.642166 0.994629 1.004837 -1
0 127.219994 -60.770813 -126.473969 0.994629 1.150391 -1
0 132.388077 -54.375610 -131.642166 0.005836 1.148438 -1
0 139.691849 -47.980358 -138.946014 0.005836 1.002911 -1
0 47.200001 -54.375610 -180.825500 0.994629 1.150391 -1
0 49.873341 -47.980358 -190.802612 0.994629 1.004837 -1
0 -51.166710 -54.375610 -180.825500 0.005836 1.002911 -1
0 -49.275089 -60.770813 -173.765533 0.005836 1.148438 -1
0 47.200001 -54.375610 -180.825500 0.994629 1.004837 -1
0 45.308311 -60.770813 -173.765533 0.994629 1.150391 -1
0 -53.840099 -47.980358 -190.802612 0.994629 1.004837 -1
0 -51.166710 -54.375610 -180.825500 0.994629 1.150391 -1
0 49.873341 -47.980358 -190.802612 0.005836 1.002911 -1
0 47.200001 -54.375610 -180.825500 0.005836 1.148438 -1
0 181.571442 -54.375610 -46.454025 0.005836 1.148438 -1
0 191.548660 -47.980358 -49.127373 0.005836 1.002911 -1
0 132.388077 -54.375610 -131.642166 0.994629 1.150391 -1
0 139.691849 -47.980358 -138.946014 0.994629 1.004837 -1
0 -136.354782 -54.375610 -131.642166 0.005836 1.002911 -1
0 -131.186722 -60.770813 -126.473969 0.005836 1.148438 -1
0 -51.166710 -54.375610 -180.825500 0.994629 1.004837 -1
0 -49.275089 -60.770813 -173.765533 0.994629 1.150391 -1
0 132.388077 -54.375610 -131.642166 0.005836 1.002911 -1
0 127.219994 -60.770813 -126.473969 0.005836 1.148438 -1
0 181.571442 -54.375610 -46.454025 0.994629 1.004837 -1
0 174.511597 -60.770813 -44.562355 0.994629 1.150391 -1
0 181.571442 -54.375610 51.912682 0.005836 1.148438 -1
0 191.548660 -47.980358 54.586037 0.005836 1.002911 -1
0 181.571442 -54.375610 -46.454025 0.994629 1.150391 -1
0 191.548660 -47.980358 -49.127373 0.994629 1.004837 -1
0 -185.538269 -54.375610 -46.454025 0.005836 1.002911 -1
0 -178.478287 -60.770813 -44.562355 0.005836 1.148438 -1
0 -136.354782 -54.375610 -131.642166 0.994629 1.004837 -1
0 -131.186722 -60.770813 -126.473969 0.994629 1.150391 -1
0 -51.166710 -54.375610 -180.825500 0.005836 1.148438 -1
0 -53.840099 -47.980358 -190.802612 0.005836 1.002911 -1
0 -136.354782 -54.375610 -131.642166 0.994629 1.150391 -1
0 -143.658493 -47.980358 -138.946014 0.994629 1.004837 -1
0 132.388077 -54.375610 137.100830 0.005836 1.148438 -1
0 139.691849 -47.980358 144.404633 0.005836 1.002911 -1
0 181.571442 -54.375610 51.912682 0.994629 1.150391 -1
0 191.548660 -47.980358 54.586037 0.994629 1.004837 -1
0 -185.538269 -54.375610 51.912682 0.005836 1.002911 -1
0 -178.478287 -60.770813 50.021011 0.005836 1.148438 -1
0 -185.538269 -54.375610 -46.454025 0.994629 1.004837 -1
0 -178.478287 -60.770813 -44.562355 0.994629 1.150391 -1
0 181.571442 -54.375610 -46.454025 0.005836 1.002911 -1
0 174.511597 -60.770813 -44.562355 0.005836 1.148438 -1
0 181.571442 -54.375610 51.912682 0.994629 1.004837 -1
0 174.511597 -60.770813 50.021011 0.994629 1.150391 -1
0 47.200001 -54.375610 186.284180 0.005836 1.148438 -1
0 49.873341 -47.980358 196.261093 0.005836 1.002911 -1
0 132.388077 -54.375610 137.100830 0.994629 1.150391 -1
0 139.691849 -47.980358 144.404633 0.994629 1.004837 -1
0 -136.354782 -54.375610 137.100830 0.005836 1.002911 -1
0 -131.186722 -60.770813 131.932556 0.005836 1.148438 -1
0 -185.538269 -54.375610 51.912682 0.994629 1.004837 -1
0 -178.478287 -60.770813 50.021011 0.994629 1.150391 -1
0 -136.354782 -54.375610 -131.642166 0.005836 1.148438 -1
0 -143.658493 -47.980358 -138.946014 0.005836 1.002911 -1
0 -185.538269 -54.375610 -46.454025 0.994629 1.150391 -1
0 -195.515289 -47.980358 -49.127373 0.994629 1.004837 -1
0 -51.166710 -54.375610 186.284180 0.005836 1.148438 -1
0 -53.840099 -47.980358 196.261093 0.005836 1.002911 -1
0 47.200001 -54.375610 186.284180 0.994629 1.150391 -1
0 49.873341 -47.980358 196.261093 0.994629 1.004837 -1
0 -51.166710 -54.375610 186.284180 0.005836 1.002911 -1
0 -49.275089 -60.770813 179.224350 0.005836 1.148438 -1
0 -136.354782 -54.375610 137.100830 0.994629 1.004837 -1
0 -131.186722 -60.770813 131.932556 0.994629 1.150391 -1
0 181.571442 -54.375610 51.912682 0.005836 1.002911 -1
0 174.511597 -60.770813 50.021011 0.005836 1.148438 -1
0 132.388077 -54.375610 137.100830 0.994629 1.004837 -1
0 127.219994 -60.770813 131.932556 0.994629 1.150391 -1
0 -136.354782 -54.375610 137.100830 0.005836 1.148438 -1
0 -143.658493 -47.980358 144.404633 0.005836 1.002911 -1
0 -51.166710 -54.375610 186.284180 0.994629 1.150391 -1
0 -53.840099 -47.980358 196.261093 0.994629 1.004837 -1
0 47.200001 -54.375610 186.284180 0.005836 1.002911 -1
0 45.308311 -60.770813 179.224350 0.005836 1.148438 -1
0 -51.166710 -54.375610 186.284180 0.994629 1.004837 -1
0 -49.275089 -60.770813 179.224350 0.994629 1.150391 -1
0 -185.538269 -54.375610 -46.454025 0.005836 1.148438 -1
0 -195.515289 -47.980358 -49.127373 0.005836 1.002911 -1
0 -185.538269 -54.375610 51.912682 0.994629 1.150391 -1
0 -195.515289 -47.980358 54.586037 0.994629 1.004837 -1
0 -185.538269 -54.375610 51.912682 0.005836 1.148438 -1
0 -195.515289 -47.980358 54.586037 0.005836 1.002911 -1
0 -136.354782 -54.375610 137.100830 0.994629 1.150391 -1
0 -143.658493 -47.980358 144.404633 0.994629 1.004837 -1
0 132.388077 -54.375610 137.100830 0.005836 1.002911 -1
0 127.219994 -60.770813 131.932556 0.005836 1.148438 -1
0 47.200001 -54.375610 186.284180 0.994629 1.004837 -1
0 45.308311 -60.770813 179.224350 0.994629 1.150391 -1
0 127.219994 -60.770813 -126.473969 0.684082 1.828613 -1
0 127.219994 -60.770813 -126.473969 0.986816 1.829590 -1
0 45.308311 -60.770813 -173.765533 0.682617 1.821289 -1
0 45.308311 -60.770813 -173.765533 0.985840 1.820312 -1
0 45.308311 -60.770813 -173.765533 0.684082 1.828613 -1
0 45.308311 -60.770813 -173.765533 0.986816 1.829590 -1
0 -49.275089 -60.770813 -173.765533 0.682617 1.821289 -1
0 -49.275089 -60.770813 -173.765533 0.985840 1.820312 -1
0 -49.275089 -60.770813 -173.765533 0.684082 1.828613 -1
0 -49.275089 -60.770813 -173.765533 0.986816 1.829590 -1
0 -131.186722 -60.770813 -126.473969 0.682617 1.821289 -1
0 -131.186722 -60.770813 -126.473969 0.985840 1.820312 -1
0 174.511597 -60.770813 -44.562355 0.684082 1.828613 -1
0 174.511597 -60.770813 -44.562355 0.986816 1.829590 -1
0 127.219994 -60.770813 -126.473969 0.682617 1.821289 -1
0 127.219994 -60.770813 -126.473969 0.985840 1.820312 -1
0 -131.186722 -60.770813 -126.473969 0.684082 1.828613 -1
0 -131.186722 -60.770813 -126.473969 0.986816 1.829590 -1
0 -178.478287 -60.770813 -44.562355 0.682617 1.821289 -1
0 -178.478287 -60.770813 -44.562355 0.985840 1.820312 -1
0 -178.478287 -60.770813 -44.562355 0.684082 1.828613 -1
0 -178.478287 -60.770813 -44.562355 0.986816 1.829590 -1
0 -178.478287 -60.770813 50.021011 0.682617 1.821289 -1
0 -178.478287 -60.770813 50.021011 0.985840 1.820312 -1
0 174.511597 -60.770813 50.021011 0.684082 1.828613 -1
0 174.511597 -60.770813 50.021011 0.986816 1.829590 -1
0 174.511597 -60.770813 -44.562355 0.682617 1.821289 -1
0 174.511597 -60.770813 -44.562355 0.985840 1.820312 -1
0 -178.478287 -60.770813 50.021011 0.684082 1.828613 -1
0 -178.478287 -60.770813 50.021011 0.986816 1.829590 -1
0 -131.186722 -60.770813 131.932556 0.682617 1.821289 -1
0 -131.186722 -60.770813 131.932556 0.985840 1.820312 -1
0 127.219994 -60.770813 131.932556 0.684082 1.828613 -1
0 127.219994 -60.770813 131.932556 0.986816 1.829590 -1
0 174.511597 -60.770813 50.021011 0.682617 1.821289 -1
0 174.511597 -60.770813 50.021011 0.985840 1.820312 -1
0 -49.275089 -60.770813 179.224350 0.684082 1.828613 -1
0 -49.275089 -60.770813 179.224350 0.986816 1.829590 -1
0 45.308311 -60.770813 179.224350 0.682617 1.821289 -1
0 45.308311 -60.770813 179.224350 0.985840 1.820312 -1
0 45.308311 -60.770813 179.224350 0.684082 1.828613 -1
0 45.308311 -60.770813 179.224350 0.986816 1.829590 -1
0 127.219994 -60.770813 131.932556 0.682617 1.821289 -1
0 127.219994 -60.770813 131.932556 0.985840 1.820312 -1
0 42.540760 80.315445 -163.436966 0.000541 0.996489 -1
0 43.287483 89.356140 -166.223663 0.001361 1.152954 -1
0 119.658829 80.315445 -118.912842 0.986328 0.999058 -1
0 121.698715 89.356140 -120.952881 0.986816 1.155640 -1
0 119.658829 80.315445 -118.912842 0.001361 1.152954 -1
0 127.269142 73.010284 -126.523132 0.000541 0.996489 -1
0 42.540760 80.315445 -163.436966 0.986816 1.155640 -1
0 45.326466 73.010284 -173.833084 0.986328 0.999058 -1
0 -46.507504 80.315445 -163.436966 0.000541 0.996489 -1
0 -47.254219 89.356140 -166.223663 0.001361 1.152954 -1
0 42.540760 80.315445 -163.436966 0.986328 0.999058 -1
0 43.287483 89.356140 -166.223663 0.986816 1.155640 -1
0 -49.293201 73.010284 -173.833084 0.986328 0.999058 -1
0 -46.507504 80.315445 -163.436966 0.986816 1.155640 -1
0 45.326466 73.010284 -173.833084 0.000541 0.996489 -1
0 42.540760 80.315445 -163.436966 0.001361 1.152954 -1
0 164.182953 80.315445 -41.794815 0.001361 1.152954 -1
0 174.578918 73.010284 -44.580513 0.000541 0.996489 -1
0 119.658829 80.315445 -118.912842 0.986816 1.155640 -1
0 127.269142 73.010284 -126.523132 0.986328 0.999058 -1
0 -123.625473 80.315445 -118.912842 0.000541 0.996489 -1
0 -125.665405 89.356140 -120.952881 0.001361 1.152954 -1
0 -46.507504 80.315445 -163.436966 0.986328 0.999058 -1
0 -47.254219 89.356140 -166.223663 0.986816 1.155640 -1
0 119.658829 80.315445 -118.912842 0.000541 0.996489 -1
0 121.698715 89.356140 -120.952881 0.001361 1.152954 -1
0 164.182953 80.315445 -41.794815 0.986328 0.999058 -1
0 166.969604 89.356140 -42.541550 0.986816 1.155640 -1
0 164.182953 80.315445 47.253471 0.001361 1.152954 -1
0 174.578918 73.010284 50.039169 0.000541 0.996489 -1
0 164.182953 80.315445 -41.794815 0.986816 1.155640 -1
0 174.578918 73.010284 -44.580513 0.986328 0.999058 -1
0 -168.149582 80.315445 -41.794815 0.000541 0.996489 -1
0 -170.936279 89.356140 -42.541550 0.001361 1.152954 -1
0 -123.625473 80.315445 -118.912842 0.986328 0.999058 -1
0 -125.665405 89.356140 -120.952881 0.986816 1.155640 -1
0 -46.507504 80.315445 -163.436966 0.001361 1.152954 -1
0 -49.293201 73.010284 -173.833084 0.000541 0.996489 -1
0 -123.625473 80.315445 -118.912842 0.986816 1.155640 -1
0 -131.235886 73.010284 -126.523132 0.986328 0.999058 -1
0 119.658829 80.315445 124.371445 0.001361 1.152954 -1
0 127.269142 73.010284 131.981827 0.000541 0.996489 -1
0 164.182953 80.315445 47.253471 0.986816 1.155640 -1
0 174.578918 73.010284 50.039169 0.986328 0.999058 -1
0 -168.149582 80.315445 47.253471 0.000541 0.996489 -1
0 -170.936279 89.356140 48.000160 0.001361 1.152954 -1
0 -168.149582 80.315445 -41.794815 0.986328 0.999058 -1
0 -170.936279 89.356140 -42.541550 0.986816 1.155640 -1
0 164.182953 80.315445 -41.794815 0.000541 0.996489 -1
0 166.969604 89.356140 -42.541550 0.001361 1.152954 -1
0 164.182953 80.315445 47.253471 0.986328 0.999058 -1
0 166.969604 89.356140 48.000160 0.986816 1.155640 -1
0 42.540760 80.315445 168.895523 0.001361 1.152954 -1
0 45.326466 73.010284 179.291580 0.000541 0.996489 -1
0 119.658829 80.315445 124.371445 0.986816 1.155640 -1
0 127.269142 73.010284 131.981827 0.986328 0.999058 -1
0 -123.625473 80.315445 124.371445 0.000541 0.996489 -1
0 -125.665405 89.356140 126.411423 0.001361 1.152954 -1
0 -168.149582 80.315445 47.253471 0.986328 0.999058 -1
0 -170.936279 89.356140 48.000160 0.986816 1.155640 -1
0 -123.625473 80.315445 -118.912842 0.001361 1.152954 -1
0 -131.235886 73.010284 -126.523132 0.000541 0.996489 -1
0 -168.149582 80.315445 -41.794815 0.986816 1.155640 -1
0 -178.545624 73.010284 -44.580513 0.986328 0.999058 -1
0 -46.507504 80.315445 168.895523 0.001361 1.152954 -1
0 -49.293201 73.010284 179.291580 0.000541 0.996489 -1
0 42.540760 80.315445 168.895523 0.986816 1.155640 -1
0 45.326466 73.010284 179.291580 0.986328 0.999058 -1
0 -46.507504 80.315445 168.895523 0.000541 0.996489 -1
0 -47.254219 89.356140 171.682281 0.001361 1.152954 -1
0 -123.625473 80.315445 124.371445 0.986328 0.999058 -1
0 -125.665405 89.356140 126.411423 0.986816 1.155640 -1
0 164.182953 80.315445 47.253471 0.000541 0.996489 -1
0 166.969604 89.356140 48.000160 0.001361 1.152954 -1
0 119.658829 80.315445 124.371445 0.986328 0.999058 -1
0 121.698715 89.356140 126.411423 0.986816 1.155640 -1
0 -123.625473 80.315445 124.371445 0.001361 1.152954 -1
0 -131.235886 73.010284 131.981827 0.000541 0.996489 -1
0 -46.507504 80.315445 168.895523 0.986816 1.155640 -1
0 -49.293201 73.010284 179.291580 0.986328 0.999058 -1
0 42.540760 80.315445 168.895523 0.000541 0.996489 -1
0 43.287483 89.356140 171.682281 0.001361 1.152954 -1
0 -46.507504 80.315445 168.895523 0.986328 0.999058 -1
0 -47.254219 89.356140 171.682281 0.986816 1.155640 -1
0 -168.149582 80.315445 -41.794815 0.001361 1.152954 -1
0 -178.545624 73.010284 -44.580513 0.000541 0.996489 -1
0 -168.149582 80.315445 47.253471 0.986816 1.155640 -1
0 -178.545624 73.010284 50.039169 0.986328 0.999058 -1
0 -168.149582 80.315445 47.253471 0.001361 1.152954 -1
0 -178.545624 73.010284 50.039169 0.000541 0.996489 -1
0 -123.625473 80.315445 124.371445 0.986816 1.155640 -1
0 -131.235886 73.010284 131.981827 0.986328 0.999058 -1
0 119.658829 80.315445 124.371445 0.000541 0.996489 -1
0 121.698715 89.356140 126.411423 0.001361 1.152954 -1
0 42.540760 80.315445 168.895523 0.986328 0.999058 -1
0 43.287483 89.356140 171.682281 0.986816 1.155640 -1
0 121.698715 89.356140 -120.952881 -0.577637 1.187256 -1
0 121.698715 89.356140 -120.952881 -0.275146 1.187988 -1
0 43.287483 89.356140 -166.223663 -0.579590 1.179688 -1
0 43.287483 89.356140 -166.223663 -0.276123 1.178711 -1
0 43.287483 89.356140 -166.223663 -0.577637 1.187256 -1
0 43.287483 89.356140 -166.223663 -0.275146 1.187988 -1
0 -47.254219 89.356140 -166.223663 -0.579590 1.179688 -1
0 -47.254219 89.356140 -166.223663 -0.276123 1.178711 -1
0 -47.254219 89.356140 -166.223663 -0.577637 1.187256 -1
0 -47.254219 89.356140 -166.223663 -0.275146 1.187988 -1
0 -125.665405 89.356140 -120.952881 -0.579590 1.179688 -1
0 -125.665405 89.356140 -120.952881 -0.276123 1.178711 -1
0 166.969604 89.356140 -42.541550 -0.577637 1.187256 -1
0 166.969604 89.356140 -42.541550 -0.275146 1.187988 -1
0 121.698715 89.356140 -120.952881 -0.579590 1.179688 -1
0 121.698715 89.356140 -120.952881 -0.276123 1.178711 -1
0 -125.665405 89.356140 -120.952881 -0.577637 1.187256 -1
0 -125.665405 89.356140 -120.952881 -0.275146 1.187988 -1
0 -170.936279 89.356140 -42.541550 -0.579590 1.179688 -1
0 -170.936279 89.356140 -42.541550 -0.276123 1.178711 -1
0 -170.936279 89.356140 -42.541550 -0.577637 1.187256 -1
0 -170.936279 89.356140 -42.541550 -0.275146 1.187988 -1
0 -170.936279 89.356140 48.000160 -0.579590 1.179688 -1
0 -170.936279 89.356140 48.000160 -0.276123 1.178711 -1
0 166.969604 89.356140 48.000160 -0.577637 1.187256 -1
0 166.969604 89.356140 48.000160 -0.275146 1.187988 -1
0 166.969604 89.356140 -42.541550 -0.579590 1.179688 -1
0 166.969604 89.356140 -42.541550 -0.276123 1.178711 -1
0 -170.936279 89.356140 48.000160 -0.577637 1.187256 -1
0 -170.936279 89.356140 48.000160 -0.275146 1.187988 -1
0 -125.665405 89.356140 126.411423 -0.579590 1.179688 -1
0 -125.665405 89.356140 126.411423 -0.276123 1.178711 -1
0 121.698715 89.356140 126.411423 -0.577637 1.187256 -1
0 121.698715 89.356140 126.411423 -0.275146 1.187988 -1
0 166.969604 89.356140 48.000160 -0.579590 1.179688 -1
0 166.969604 89.356140 48.000160 -0.276123 1.178711 -1
0 -47.254219 89.356140 171.682281 -0.577637 1.187256 -1
0 -47.254219 89.356140 171.682281 -0.275146 1.187988 -1
0 43.287483 89.356140 171.682281 -0.579590 1.179688 -1
0 43.287483 89.356140 171.682281 -0.276123 1.178711 -1
0 43.287483 89.356140 171.682281 -0.577637 1.187256 -1
0 43.287483 89.356140 171.682281 -0.275146 1.187988 -1
0 121.698715 89.356140 126.411423 -0.579590 1.179688 -1
0 121.698715 89.356140 126.411423 -0.276123 1.178711 -1
235
0.335675 0.741140 -0.581407
0.335676 0.741137 -0.581410
0.335678 0.741134 -0.581413
0.269822 0.841893 -0.467345
0.269823 0.841892 -0.467347
0.269823 0.841891 -0.467349
0  0.741140 -0.671350
0  0.841891 -0.539647
0.467346 0.841893 -0.269822
0.467346 0.841893 -0.269822
0.467346 0.841893 -0.269822
-0.335679 0.741133 -0.581413
-0.335677 0.741136 -0.581411
-0.335675 0.741138 -0.581409
0.581414 0.741132 -0.335680
0.581413 0.741133 -0.335679
0.581412 0.741134 -0.335678
0.539643 0.841894 0 
-0.581406 0.741140 -0.335676
-0.581411 0.741135 -0.335678
-0.581416 0.741131 -0.335680
-0.269823 0.841892 -0.467348
-0.269823 0.841892 -0.467347
-0.269822 0.841893 -0.467346
0.467347 0.841892 0.269823
0.467346 0.841893 0.269822
0.467345 0.841893 0.269822
-0.671349 0.741141 0 
-0.671349 0.741141 0 
0.671356 0.741135 0 
0.269827 0.841887 0.467354
0.269824 0.841890 0.467351
0.269822 0.841892 0.467347
-0.581413 0.741133 0.335680
-0.581410 0.741137 0.335677
-0.581407 0.741140 0.335675
-0.467348 0.841891 -0.269824
-0.467349 0.841890 -0.269825
-0.467351 0.841889 -0.269825
0  0.841886 0.539655
-0.335679 0.741133 0.581414
-0.335678 0.741135 0.581412
-0.335678 0.741137 0.581410
0.581412 0.741134 0.335678
0.581412 0.741134 0.335678
0.581413 0.741134 0.335678
-0.269823 0.841892 0.467348
-0.269825 0.841890 0.467351
-0.269826 0.841887 0.467354
0  0.741134 0.671357
-0.539651 0.841889 0 
-0.467351 0.841889 0.269826
-0.467350 0.841890 0.269825
-0.467349 0.841891 0.269824
0.335677 0.741137 0.581409
0.335678 0.741136 0.581411
0.335679 0.741134 0.581412
0  0  0 
0.335677 0.741136 -0.581410
0.335678 0.741133 -0.581413
0.335680 0.741130 -0.581416
0.269821 0.841895 -0.467343
0.269821 0.841894 -0.467345
0.269822 0.841893 -0.467347
0  0.741137 -0.671354
0  0.841893 -0.539645
0  0.841893 -0.539645
0.467343 0.841895 -0.269821
0.467344 0.841895 -0.269821
0.467344 0.841894 -0.269821
-0.335681 0.741130 -0.581416
-0.335679 0.741132 -0.581414
-0.335677 0.741135 -0.581412
0.581418 0.741128 -0.335682
0.581417 0.741130 -0.335681
0.581416 0.741131 -0.335680
0.539641 0.841895 0 
-0.581410 0.741136 -0.335678
-0.581414 0.741132 -0.335680
-0.581419 0.741127 -0.335682
-0.269822 0.841893 -0.467346
-0.269822 0.841894 -0.467345
-0.269821 0.841894 -0.467344
0.467345 0.841894 0.269822
0.467344 0.841894 0.269821
0.467343 0.841895 0.269821
-0.671353 0.741137 0 
-0.671353 0.741137 0 
0.671360 0.741131 0 
0.269826 0.841888 0.467352
0.269823 0.841891 0.467349
0.269821 0.841894 0.467345
-0.581417 0.741129 0.335682
-0.581413 0.741133 0.335679
-0.581410 0.741136 0.335677
-0.467346 0.841893 -0.269823
-0.467347 0.841892 -0.269823
-0.467349 0.841891 -0.269824
0  0.841888 0.539653
-0.335681 0.741129 0.581417
-0.335680 0.741131 0.581415
-0.335680 0.741133 0.581413
0.581416 0.741131 0.335680
0.581416 0.741130 0.335680
0.581416 0.741130 0.335680
-0.269822 0.841893 0.467346
-0.269823 0.841891 0.467349
-0.269825 0.841889 0.467352
0  0.741130 0.671361
0  0.741130 0.671361
-0.539648 0.841890 0 
-0.539649 0.841890 0 
-0.467349 0.841891 0.269824
-0.467348 0.841892 0.269824
-0.467347 0.841892 0.269823
0.335679 0.741133 0.581413
0.335680 0.741132 0.581414
0.335681 0.741131 0.581415
-0.335677 0.741138 0.581409
-0.335678 0.741135 0.581412
-0.335679 0.741131 0.581415
-0.269821 0.841894 0.467344
-0.269822 0.841893 0.467346
-0.269823 0.841892 0.467348
0  0.741138 0.671353
0  0.841892 0.539646
0  0.841892 0.539646
-0.467345 0.841894 0.269821
-0.467345 0.841894 0.269822
-0.467345 0.841893 0.269822
0.335680 0.741131 0.581415
0.335678 0.741134 0.581413
0.335677 0.741136 0.581411
-0.581417 0.741130 0.335681
-0.581416 0.741131 0.335680
-0.581414 0.741132 0.335679
-0.539642 0.841895 0 
0.581409 0.741138 0.335677
0.581413 0.741133 0.335679
0.581418 0.741129 0.335681
0.269823 0.841892 0.467347
0.269822 0.841893 0.467346
0.269822 0.841893 0.467346
-0.467346 0.841893 -0.269822
-0.467345 0.841893 -0.269822
-0.467344 0.841894 -0.269821
0.671352 0.741139 0 
0.671352 0.741139 0 
-0.671359 0.741132 0 
-0.671359 0.741132 0 
-0.269827 0.841887 -0.467353
-0.269824 0.841890 -0.467350
-0.269821 0.841893 -0.467346
0.581415 0.741131 -0.335681
0.581412 0.741134 -0.335678
0.581409 0.741138 -0.335676
0.467347 0.841892 0.269823
0.467348 0.841891 0.269824
0.467350 0.841890 0.269825
0  0.841887 -0.539654
0.335681 0.741130 -0.581416
0.335680 0.741132 -0.581414
0.335679 0.741134 -0.581412
-0.581414 0.741132 -0.335679
-0.581415 0.741132 -0.335680
-0.581415 0.741131 -0.335680
0.269823 0.841892 -0.467347
0.269824 0.841890 -0.467350
0.269825 0.841888 -0.467353
0  0.741131 -0.671360
0.539650 0.841890 0 
0.539650 0.841890 0 
0.467350 0.841890 -0.269825
0.467349 0.841891 -0.269824
0.467348 0.841892 -0.269823
-0.335678 0.741135 -0.581412
-0.335679 0.741133 -0.581413
-0.335680 0.741132 -0.581414
0.477816 -0.294565 -0.827601
0.477816 -0.294563 -0.827602
0.477817 -0.294561 -0.827602
0.287472 0.818193 -0.497916
0.287470 0.818197 -0.497911
0.287468 0.818201 -0.497906
0  -0.294563 -0.955632
0  0.818200 -0.574934
0.497911 0.818197 -0.287469
0.497913 0.818195 -0.287471
0.497915 0.818193 -0.287472
-0.477816 -0.294563 -0.827601
-0.477816 -0.294564 -0.827601
-0.477816 -0.294564 -0.827601
0.827604 -0.294555 -0.477817
0.827603 -0.294558 -0.477817
0.827602 -0.294561 -0.477817
0.574940 0.818196 0 
-0.827601 -0.294565 -0.477816
-0.827602 -0.294562 -0.477816
-0.827602 -0.294559 -0.477817
-0.287467 0.818201 -0.497906
-0.287469 0.818198 -0.497910
-0.287472 0.818195 -0.497913
0.497914 0.818195 0.287471
0.497912 0.818196 0.287470
0.497910 0.818197 0.287470
-0.955632 -0.294563 0 
0.955633 -0.294559 0 
0.287467 0.818199 0.497908
0.287469 0.818197 0.497910
0.287471 0.818195 0.497913
-0.827603 -0.294556 0.477817
-0.827602 -0.294560 0.477817
-0.827601 -0.294563 0.477817
-0.497913 0.818196 -0.287470
-0.497910 0.818197 -0.287469
-0.497908 0.818199 -0.287468
0  0.818198 0.574936
0  0.818198 0.574936
-0.477815 -0.294569 0.827600
-0.477816 -0.294564 0.827601
-0.477818 -0.294558 0.827602
0.827602 -0.294559 0.477817
0.827603 -0.294556 0.477818
0.827604 -0.294552 0.477819
-0.287469 0.818196 0.497912
-0.287469 0.818198 0.497910
-0.287468 0.818199 0.497908
0  -0.294569 0.955630
-0.574937 0.818198 0 
-0.497908 0.818199 0.287468
-0.497910 0.818198 0.287469
-0.497911 0.818197 0.287470
0.477817 -0.294555 0.827604
0.477816 -0.294563 0.827602
0.477816 -0.294570 0.827599
280
0 0 1 2 0 1 1 1
0 1 3 2 1 2 1 1
0 4 5 6 3 4 4 1
0 5 7 6 4 5 4 1
0 8 9 10 6 6 6 1
0 9 11 10 6 6 6 1
0 12 13 14 7 7 7 1
0 13 15 14 7 7 7 1
0 16 17 18 8 9 9 1
0 17 19 18 9 10 9 1
0 20 21 22 11 12 12 1
0 21 23 22 12 13 12 1
0 24 25 26 14 15 15 1
0 25 27 26 15 16 15 1
0 28 29 30 17 17 17 1
0 29 31 30 17 17 17 1
0 32 33 34 18 19 19 1
0 33 35 34 19 20 19 1
0 36 37 38 21 22 22 1
0 37 39 38 22 23 22 1
0 40 41 42 24 25 25 1
0 41 43 42 25 26 25 1
0 44 45 46 27 28 28 1
0 45 47 46 28 28 28 1
0 48 49 50 29 29 29 1
0 49 51 50 29 29 29 1
0 52 53 54 30 31 31 1
0 53 55 54 31 32 31 1
0 56 57 58 33 34 34 1
0 57 59 58 34 35 34 1
0 60 61 62 36 37 37 1
0 61 63 62 37 38 37 1
0 64 65 66 39 39 39 1
0 65 67 66 39 39 39 1
0 68 69 70 40 41 41 1
0 69 71 70 41 42 41 1
0 72 73 74 43 44 44 1
0 73 75 74 44 45 44 1
0 76 77 78 46 47 47 1
0 77 79 78 47 48 47 1
0 80 81 82 49 49 49 1
0 81 83 82 49 49 49 1
0 84 85 86 50 50 50 1
0 85 87 86 50 50 50 1
0 88 89 90 51 52 52 1
0 89 91 90 52 53 52 1
0 92 93 94 54 55 55 1
0 93 95 94 55 56 55 1
0 96 97 98 57 57 57 1
0 97 99 98 57 57 57 1
0 100 101 102 57 57 57 1
0 101 103 102 57 57 57 1
0 104 105 106 57 57 57 1
0 105 107 106 57 57 57 1
0 108 109 110 57 57 57 1
0 109 111 110 57 57 57 1
0 112 113 114 57 57 57 1
0 113 115 114 57 57 57 1
0 116 117 118 57 57 57 1
0 117 119 118 57 57 57 1
0 120 121 122 57 57 57 1
0 121 123 122 57 57 57 1
0 124 125 126 57 57 57 1
0 125 127 126 57 57 57 1
0 128 129 130 57 57 57 1
0 129 131 130 57 57 57 1
0 132 133 134 57 57 57 1
0 133 135 134 57 57 57 1
0 136 137 138 57 57 57 1
0 137 139 138 57 57 57 1
0 140 141 142 58 59 59 1
0 141 143 142 59 60 59 1
0 144 145 146 61 62 62 1
0 145 147 146 62 63 62 1
0 148 149 150 64 64 64 1
0 149 151 150 64 64 64 1
0 152 153 154 65 66 66 1
0 153 155 154 66 66 66 1
0 156 157 158 67 68 68 1
0 157 159 158 68 69 68 1
0 160 161 162 70 71 71 1
0 161 163 162 71 72 71 1
0 164 165 166 73 74 74 1
0 165 167 166 74 75 74 1
0 168 169 170 76 76 76 1
0 169 171 170 76 76 76 1
0 172 173 174 77 78 78 1
0 173 175 174 78 79 78 1
0 176 177 178 80 81 81 1
0 177 179 178 81 82 81 1
0 180 181 182 83 84 84 1
0 181 183 182 84 85 84 1
0 184 185 186 86 87 87 1
0 185 187 186 87 87 87 1
0 188 189 190 88 88 88 1
0 189 191 190 88 88 88 1
0 192 193 194 89 90 90 1
0 193 195 194 90 91 90 1
0 196 197 198 92 93 93 1
0 197 199 198 93 94 93 1
0 200 201 202 95 96 96 1
0 201 203 202 96 97 96 1
0 204 205 206 98 98 98 1
0 205 207 206 98 98 98 1
0 208 209 210 99 100 100 1
0 209 211 210 100 101 100 1
0 212 213 214 102 103 103 1
0 213 215 214 103 104 103 1
0 216 217 218 105 106 106 1
0 217 219 218 106 107 106 1
0 220 221 222 108 108 108 1
0 221 223 222 108 109 108 1
0 224 225 226 110 111 111 1
0 225 227 226 111 111 111 1
0 228 229 230 112 113 113 1
0 229 231 230 113 114 113 1
0 232 233 234 115 116 116 1
0 233 235 234 116 117 116 1
0 236 237 238 57 57 57 1
0 237 239 238 57 57 57 1
0 240 241 242 57 57 57 1
0 241 243 242 57 57 57 1
0 244 245 246 57 57 57 1
0 245 247 246 57 57 57 1
0 248 249 250 57 57 57 1
0 249 251 250 57 57 57 1
0 252 253 254 57 57 57 1
0 253 255 254 57 57 57 1
0 256 257 258 57 57 57 1
0 257 259 258 57 57 57 1
0 260 261 262 57 57 57 1
0 261 263 262 57 57 57 1
0 264 265 266 57 57 57 1
0 265 267 266 57 57 57 1
0 268 269 270 57 57 57 1
0 269 271 270 57 57 57 1
0 272 273 274 57 57 57 1
0 273 275 274 57 57 57 1
0 276 277 278 57 57 57 1
0 277 279 278 57 57 57 1
0 280 281 282 118 119 119 1
0 281 283 282 119 120 119 1
0 284 285 286 121 122 122 1
0 285 287 286 122 123 122 1
0 288 289 290 124 124 124 1
0 289 291 290 124 124 124 1
0 292 293 294 125 126 126 1
0 293 295 294 126 126 126 1
0 296 297 298 127 128 128 1
0 297 299 298 128 129 128 1
0 300 301 302 130 131 131 1
0 301 303 302 131 132 131 1
0 304 305 306 133 134 134 1
0 305 307 306 134 135 134 1
0 308 309 310 136 136 136 1
0 309 311 310 136 136 136 1
0 312 313 314 137 138 138 1
0 313 315 314 138 139 138 1
0 316 317 318 140 141 141 1
0 317 319 318 141 142 141 1
0 320 321 322 143 144 144 1
0 321 323 322 144 145 144 1
0 324 325 326 146 147 147 1
0 325 327 326 147 147 147 1
0 328 329 330 148 148 148 1
0 329 331 330 148 149 148 1
0 332 333 334 150 151 151 1
0 333 335 334 151 152 151 1
0 336 337 338 153 154 154 1
0 337 339 338 154 155 154 1
0 340 341 342 156 157 157 1
0 341 343 342 157 158 157 1
0 344 345 346 159 159 159 1
0 345 347 346 159 159 159 1
0 348 349 350 160 161 161 1
0 349 351 350 161 162 161 1
0 352 353 354 163 164 164 1
0 353 355 354 164 165 164 1
0 356 357 358 166 167 167 1
0 357 359 358 167 168 167 1
0 360 361 362 169 169 169 1
0 361 363 362 169 169 169 1
0 364 365 366 170 170 170 1
0 365 367 366 170 171 170 1
0 368 369 370 172 173 173 1
0 369 371 370 173 174 173 1
0 372 373 374 175 176 176 1
0 373 375 374 176 177 176 1
0 376 377 378 57 57 57 1
0 377 379 378 57 57 57 1
0 380 381 382 57 57 57 1
0 381 383 382 57 57 57 1
0 384 385 386 57 57 57 1
0 385 387 386 57 57 57 1
0 388 389 390 57 57 57 1
0 389 391 390 57 57 57 1
0 392 393 394 57 57 57 1
0 393 395 394 57 57 57 1
0 396 397 398 57 57 57 1
0 397 399 398 57 57 57 1
0 400 401 402 57 57 57 1
0 401 403 402 57 57 57 1
0 404 405 406 57 57 57 1
0 405 407 406 57 57 57 1
0 408 409 410 57 57 57 1
0 409 411 410 57 57 57 1
0 412 413 414 57 57 57 1
0 413 415 414 57 57 57 1
0 416 417 418 57 57 57 1
0 417 419 418 57 57 57 1
0 420 421 422 178 179 179 1
0 421 423 422 179 180 179 1
0 424 425 426 181 182 182 1
0 425 427 426 182 183 182 1
0 428 429 430 184 184 184 1
0 429 431 430 184 184 184 1
0 432 433 434 185 185 185 1
0 433 435 434 185 185 185 1
0 436 437 438 186 187 187 1
0 437 439 438 187 188 187 1
0 440 441 442 189 190 190 1
0 441 443 442 190 191 190 1
0 444 445 446 192 193 193 1
0 445 447 446 193 194 193 1
0 448 449 450 195 195 195 1
0 449 451 450 195 195 195 1
0 452 453 454 196 197 197 1
0 453 455 454 197 198 197 1
0 456 457 458 199 200 200 1
0 457 459 458 200 201 200 1
0 460 461 462 202 203 203 1
0 461 463 462 203 204 203 1
0 464 465 466 205 205 205 1
0 465 467 466 205 205 205 1
0 468 469 470 206 206 206 1
0 469 471 470 206 206 206 1
0 472 473 474 207 208 208 1
0 473 475 474 208 209 208 1
0 476 477 478 210 211 211 1
0 477 479 478 211 212 211 1
0 480 481 482 213 214 214 1
0 481 483 482 214 215 214 1
0 484 485 486 216 216 216 1
0 485 487 486 216 217 216 1
0 488 489 490 218 219 219 1
0 489 491 490 219 220 219 1
0 492 493 494 221 222 222 1
0 493 495 494 222 223 222 1
0 496 497 498 224 225 225 1
0 497 499 498 225 226 225 1
0 500 501 502 227 227 227 1
0 501 503 502 227 227 227 1
0 504 505 506 228 228 228 1
0 505 507 506 228 228 228 1
0 508 509 510 229 230 230 1
0 509 511 510 230 231 230 1
0 512 513 514 232 233 233 1
0 513 515 514 233 234 233 1
0 516 517 518 57 57 57 1
0 517 519 518 57 57 57 1
0 520 521 522 57 57 57 1
0 521 523 522 57 57 57 1
0 524 525 526 57 57 57 1
0 525 527 526 57 57 57 1
0 528 529 530 57 57 57 1
0 529 531 530 57 57 57 1
0 532 533 534 57 57 57 1
0 533 535 534 57 57 57 1
0 536 537 538 57 57 57 1
0 537 539 538 57 57 57 1
0 540 541 542 57 57 57 1
0 541 543 542 57 57 57 1
0 544 545 546 57 57 57 1
0 545 547 546 57 57 57 1
0 548 549 550 57 57 57 1
0 549 551 550 57 57 57 1
0 552 553 554 57 57 57 1
0 553 555 554 57 57 57 1
0 556 557 558 57 57 57 1
0 557 559 558 57 57 57 1

Materials: 4
"A"
1  1  1  1 
1  1  1  1 
1  1  1  1 
1  1  1  1 
0.185600
1 
"Tex_0000_0.png"
""
"C"
1  1  1  1 
1  1  1  1 
1  1  1  1 
1  1  1  1 
0.185600
1 
"Tex_0003_0.png"
""
"E"
1  1  1  1 
1  1  1  1 
1  1  1  1 
1  1  1  1 
0.185600
1 
"Tex_0008_0.png"
""
"I"
1  1  1  1 
1  1  1  1 
1  1  1  1 
1  1  1  1 
0 
1 
"Black.png"
""

Bones: 0
GroupComments: 0
MaterialComments: 0
BoneComments: 0
ModelComment: 0
