// MilkShape 3D ASCII

Frames: 30
Frame: 1

Meshes: 1
"Duplicate01" 0 0
33
0 -15.335140 -111.100525 7.900555 0.000000 0.000000 4
0 -14.354678 -110.975616 8.908071 0.000000 0.000000 4
0 -16.679245 -110.168098 10.081994 0.000000 0.000000 4
0 -15.335140 -111.100525 7.900555 0.000000 1.000000 4
0 0.054348 0.586861 -0.082923 0.000000 0.000000 4
0 -14.354678 -110.975616 8.908071 0.083333 1.000000 4
0 -13.996977 -110.634453 10.230130 0.000000 0.000000 4
0 0.054317 0.586861 -0.082954 0.166667 0.000000 4
0 -13.996977 -110.634453 10.230130 0.166667 1.000000 4
0 -14.357872 -110.168098 11.512314 0.000000 0.000000 4
0 -14.357872 -110.168098 11.512314 0.250000 1.000000 4
0 -15.341020 -109.701721 12.411463 0.000000 0.000000 4
0 0.054317 0.586861 -0.082954 0.333333 0.000000 4
0 -15.341020 -109.701721 12.411463 0.333333 1.000000 4
0 -16.682507 -109.360283 12.686451 0.000000 0.000000 4
0 -16.682507 -109.360283 12.686451 0.416667 1.000000 4
0 -18.023495 -109.235458 12.263406 0.000000 0.000000 4
0 0.054348 0.586861 -0.082923 0.500000 0.000000 4
0 -18.023495 -109.235458 12.263406 0.500000 1.000000 4
0 -19.004009 -109.360283 11.255930 0.000000 0.000000 4
0 -19.004009 -109.360283 11.255930 0.583333 1.000000 4
0 -19.361725 -109.701721 9.933960 0.000000 0.000000 4
0 0.054348 0.586861 -0.082923 0.666667 0.000000 4
0 -19.361725 -109.701721 9.933960 0.666667 1.000000 4
0 -19.000679 -110.168098 8.651503 0.000000 0.000000 4
0 -19.000679 -110.168098 8.651503 0.750000 1.000000 4
0 -18.017605 -110.634453 7.752626 0.000000 0.000000 4
0 0.054348 0.586861 -0.082923 0.833333 0.000000 4
0 -18.017605 -110.634453 7.752626 0.833333 1.000000 4
0 -16.676029 -110.975616 7.477759 0.000000 0.000000 4
0 -16.676029 -110.975616 7.477759 0.916667 1.000000 4
0 0.054348 0.586861 -0.082923 1.000000 0.000000 4
0 -15.335140 -111.100525 7.900555 1.000000 1.000000 4
26
-0.179386 -0.939712 0.291138
-0.179444 -0.939718 0.291084
-0.179426 -0.939689 0.291189
0.717900 -0.147550 -0.680330
0.870764 -0.150198 -0.468199
-0.179460 -0.939692 0.291158
0.991782 -0.121616 0.039713
-0.179445 -0.939671 0.291235
0.840356 -0.052876 0.539450
-0.179449 -0.939675 0.291219
0.461571 0.035984 0.886373
-0.179408 -0.939679 0.291232
-0.033482 0.120329 0.992169
-0.179430 -0.939690 0.291185
-0.516890 0.179191 0.837088
-0.179478 -0.939678 0.291193
-0.867122 0.197467 0.457281
-0.179444 -0.939673 0.291229
-0.984262 0.168416 -0.053521
-0.179455 -0.939673 0.291223
-0.828477 0.099068 -0.551191
-0.179391 -0.939691 0.291203
-0.449373 0.010085 -0.893287
-0.179330 -0.939715 0.291164
0.041704 -0.073781 -0.996402
0.289803 -0.107909 -0.950984
24
0 0 1 2 0 1 2 2
0 3 4 5 3 3 4 1
0 1 6 2 1 5 2 2
0 5 7 8 4 6 6 1
0 6 9 2 5 7 2 2
0 8 7 10 6 6 8 1
0 9 11 2 7 9 2 2
0 10 12 13 8 10 10 1
0 11 14 2 9 11 2 2
0 13 12 15 10 10 12 1
0 14 16 2 11 13 2 2
0 15 17 18 12 14 14 1
0 16 19 2 13 15 2 2
0 18 17 20 14 14 16 1
0 19 21 2 15 17 2 2
0 20 22 23 16 18 18 1
0 21 24 2 17 19 2 2
0 23 22 25 18 18 20 1
0 24 26 2 19 21 2 2
0 25 27 28 20 22 22 1
0 26 29 2 21 23 2 2
0 28 27 30 22 22 24 1
0 29 0 2 23 0 2 2
0 30 31 32 24 25 25 1

Materials: 1
"Material01"
1.000000 1.000000 1.000000 1.000000
1.000000 1.000000 1.000000 1.000000
1.000000 1.000000 1.000000 1.000000
1.000000 1.000000 1.000000 1.000000
0.000000
1.000000
"Tex_0001_1.png"
""

Bones: 5
"CamaraRotacion"
""
8 0.000000 0.000000 0.000000 0.000000 -0.000000 0.000000
1
0.000001 0.000000 0.000000 0.000000
1
0.000001 0.000000 -0.000000 0.000000
"CamaraTraslado"
"CamaraRotacion"
8 0.000000 0.000000 0.000000 0.000000 -0.000000 0.000000
2
0.000001 0.000000 6.115707 5.769235
1199.988037 0.000000 6.115707 5.769235
1
0.000001 0.000000 -0.000000 0.000000
"EjeBichitos"
"CamaraTraslado"
8 0.000000 0.000000 0.000000 0.000000 -0.000000 0.000000
461
0.000001 -0.516442 23.666664 -4.876209
100.000000 -0.516442 23.666664 -4.876209
102.000000 -0.516442 23.666664 -4.876209
104.000000 -0.516442 23.666664 -4.876209
106.000000 -0.516442 23.666664 -4.876209
108.000000 -0.516442 23.666664 -4.876209
110.000000 -0.516442 23.666664 -4.876209
112.000000 -0.516442 23.666664 -4.876209
114.000000 -0.516442 23.666664 -4.876209
116.000000 -0.516442 23.666664 -4.876209
118.000000 -0.516442 23.666664 -4.876209
120.000000 -0.516442 23.666664 -4.876209
122.000000 -0.516442 23.666664 -4.876209
124.000000 -0.516442 23.666664 -4.876209
125.999977 -0.516442 23.666664 -4.876209
128.000000 -0.516442 23.666664 -4.876209
130.000000 -0.516442 23.666664 -4.876209
132.000000 -0.516442 23.666664 -4.876209
134.000000 -0.516442 23.666664 -4.876209
136.000000 -0.516442 23.666664 -4.876209
138.000000 -0.516442 23.666664 -4.876209
140.000000 -0.516442 23.666664 -4.876209
142.000000 -0.516442 23.666664 -4.876209
144.000000 -0.516442 23.666664 -4.876209
146.000000 -0.516442 23.666664 -4.876209
148.000000 -0.516442 23.666664 -4.876209
150.000000 -0.516442 23.666664 -4.876209
152.000000 -0.516442 23.666664 -4.876209
154.000000 -0.516442 23.666664 -4.876209
156.000000 -0.516442 23.666664 -4.876209
158.000000 -0.516442 23.666664 -4.876209
160.000000 -0.516442 23.666664 -4.876209
162.000000 -0.516442 23.666664 -4.876209
164.000000 -0.516442 23.666664 -4.876209
166.000000 -0.516442 23.666664 -4.876209
168.000000 -0.516442 23.666664 -4.876209
170.000000 -0.516442 23.666664 -4.876209
172.000000 -0.516442 23.666664 -4.876209
174.000000 -0.516442 23.666664 -4.876209
176.000000 -0.516442 23.666664 -4.876209
178.000000 -0.516442 23.666664 -4.876209
180.000000 -0.516442 23.666664 -4.876209
182.000000 -0.516442 23.666664 -4.876209
184.000000 -0.516442 23.666664 -4.876209
186.000000 -0.516442 23.666664 -4.876209
188.000000 -0.516442 23.666664 -4.876209
190.000000 -0.516442 23.666664 -4.876209
192.000000 -0.516442 23.666664 -4.876209
194.000000 -0.516442 23.666664 -4.876209
196.000000 -0.516442 23.666664 -4.876209
198.000000 -0.516442 23.666664 -4.876209
200.000000 -0.516442 23.666664 -4.876209
300.000000 -0.516442 23.666664 -4.876209
302.000000 -0.516442 23.666664 -4.876209
304.000000 -0.516442 23.666664 -4.876209
306.000000 -0.516442 23.666664 -4.876209
308.000000 -0.516442 23.666664 -4.876209
310.000000 -0.516442 23.666664 -4.876209
312.000000 -0.516442 23.666664 -4.876209
314.000000 -0.516442 23.666664 -4.876209
316.000000 -0.516442 23.666664 -4.876209
318.000000 -0.516442 23.666664 -4.876209
320.000000 -0.516442 23.666664 -4.876209
322.000000 -0.516442 23.666664 -4.876209
324.000000 -0.516442 23.666664 -4.876209
326.000000 -0.516442 23.666664 -4.876209
328.000000 -0.516442 23.666664 -4.876209
330.000000 -0.516442 23.666664 -4.876209
332.000000 -0.516442 23.666664 -4.876209
334.000000 -0.516442 23.666664 -4.876209
336.000000 -0.516442 23.666664 -4.876209
338.000000 -0.516442 23.666664 -4.876209
340.000000 -0.516442 23.666664 -4.876209
342.000000 -0.516442 23.666664 -4.876209
344.000000 -0.516442 23.666664 -4.876209
346.000000 -0.516442 23.666664 -4.876209
348.000000 -0.516442 23.666664 -4.876209
350.000000 -0.516442 23.666664 -4.876209
352.000000 -0.516442 23.666664 -4.876209
354.000000 -0.516442 23.666664 -4.876209
356.000000 -0.516442 23.666664 -4.876209
358.000000 -0.516442 23.666664 -4.876209
360.000000 -0.516442 23.666664 -4.876209
362.000000 -0.516442 23.666664 -4.876209
364.000000 -0.516442 23.666664 -4.876209
366.000000 -0.516442 23.666664 -4.876209
368.000000 -0.516442 23.666664 -4.876209
370.000000 -0.516442 23.666664 -4.876209
372.000000 -0.516442 23.666664 -4.876209
374.000000 -0.516442 23.666664 -4.876209
376.000000 -0.516442 23.666664 -4.876209
378.000000 -0.516442 23.666664 -4.876209
380.000000 -0.516442 23.666664 -4.876209
382.000000 -0.516442 23.666664 -4.876209
384.000000 -0.516442 23.666664 -4.876209
386.000000 -0.516442 23.666664 -4.876209
388.000000 -0.516442 23.666664 -4.876209
390.000000 -0.516442 23.666664 -4.876209
392.000000 -0.516442 23.666664 -4.876209
394.000000 -0.516442 23.666664 -4.876209
396.000000 -0.516442 23.666664 -4.876209
398.000000 -0.516442 23.666664 -4.876209
400.000000 -0.516442 23.666664 -4.876209
499.999969 -0.516442 23.666664 -4.876209
502.000000 -0.516442 23.666664 -4.876209
503.999908 -0.516442 23.666664 -4.876209
506.000000 -0.516442 23.666664 -4.876209
507.999969 -0.516442 23.666664 -4.876209
510.000000 -0.516442 23.666664 -4.876209
512.000000 -0.516442 23.666664 -4.876209
514.000000 -0.516442 23.666664 -4.876209
516.000000 -0.516442 23.666664 -4.876209
518.000000 -0.516442 23.666664 -4.876209
520.000000 -0.516442 23.666664 -4.876209
522.000000 -0.516442 23.666664 -4.876209
524.000000 -0.516442 23.666664 -4.876209
526.000000 -0.516442 23.666664 -4.876209
528.000000 -0.516442 23.666664 -4.876209
530.000000 -0.516442 23.666664 -4.876209
532.000000 -0.516442 23.666664 -4.876209
534.000000 -0.516442 23.666664 -4.876209
536.000000 -0.516442 23.666664 -4.876209
538.000000 -0.516442 23.666664 -4.876209
540.000000 -0.516442 23.666664 -4.876209
542.000000 -0.516442 23.666664 -4.876209
544.000000 -0.516442 23.666664 -4.876209
546.000000 -0.516442 23.666664 -4.876209
548.000000 -0.516442 23.666664 -4.876209
550.000000 -0.516442 23.666664 -4.876209
552.000000 -0.516442 23.666664 -4.876209
554.000000 -0.516442 23.666664 -4.876209
556.000000 -0.516442 23.666664 -4.876209
558.000000 -0.516442 23.666664 -4.876209
560.000000 -0.516442 23.666664 -4.876209
562.000000 -0.516442 23.666664 -4.876209
564.000000 -0.516442 23.666664 -4.876209
566.000000 -0.516442 23.666664 -4.876209
568.000000 -0.516442 23.666664 -4.876209
570.000000 -0.516442 23.666664 -4.876209
572.000000 -0.516442 23.666664 -4.876209
574.000000 -0.516442 23.666664 -4.876209
576.000000 -0.516442 23.666664 -4.876209
578.000000 -0.516442 23.666664 -4.876209
580.000000 -0.516442 23.666664 -4.876209
582.000000 -0.516442 23.666664 -4.876209
584.000000 -0.516442 23.666664 -4.876209
586.000000 -0.516442 23.666664 -4.876209
588.000000 -0.516442 23.666664 -4.876209
590.000000 -0.516442 23.666664 -4.876209
592.000000 -0.516442 23.666664 -4.876209
594.000000 -0.516442 23.666664 -4.876209
596.000000 -0.516442 23.666664 -4.876209
598.000000 -0.516442 23.666664 -4.876209
600.000000 -0.516442 23.666664 -4.876209
690.000000 -0.516442 23.666664 -4.876209
692.000000 -0.516442 23.666664 -4.876209
694.000000 -0.516442 23.666664 -4.876209
696.000000 -0.516442 23.666664 -4.876209
698.000000 -0.516442 23.666664 -4.876209
700.000000 -0.516442 23.666664 -4.876209
702.000000 -0.516442 23.666664 -4.876209
704.000000 -0.516442 23.666664 -4.876209
706.000000 -0.516442 23.666664 -4.876209
708.000000 -0.516442 23.666664 -4.876209
710.000000 -0.516442 23.666664 -4.876209
712.000000 -0.516442 23.666664 -4.876209
714.000000 -0.516442 23.666664 -4.876209
716.000000 -0.516442 23.666664 -4.876209
718.000000 -0.516442 23.666664 -4.876209
720.000000 -0.516442 23.666664 -4.876209
722.000000 -0.516442 23.666664 -4.876209
724.000000 -0.516442 23.666664 -4.876209
726.000000 -0.516442 23.666664 -4.876209
728.000000 -0.516442 23.666664 -4.876209
730.000000 -0.516442 23.666664 -4.876209
732.000000 -0.516442 23.666664 -4.876209
734.000000 -0.516442 23.666664 -4.876209
736.000000 -0.516442 23.666664 -4.876209
738.000000 -0.516442 23.666664 -4.876209
740.000000 -0.516442 23.666664 -4.876209
742.000000 -0.516442 23.666664 -4.876209
744.000000 -0.516442 23.666664 -4.876209
746.000000 -0.516442 23.666664 -4.876209
748.000000 -0.516442 23.666664 -4.876209
750.000000 -0.516442 23.666664 -4.876209
752.000000 -0.516442 23.666664 -4.876209
754.000000 -0.516442 23.666664 -4.876209
756.000000 -0.516442 23.666664 -4.876209
758.000000 -0.516442 23.666664 -4.876209
760.000000 -0.516442 23.666664 -4.876209
762.000000 -0.516442 23.666664 -4.876209
764.000000 -0.516442 23.666664 -4.876209
766.000000 -0.516442 23.666664 -4.876209
768.000000 -0.516442 23.666664 -4.876209
770.000000 -0.516442 23.666664 -4.876209
772.000000 -0.516442 23.666664 -4.876209
774.000000 -0.516442 23.666664 -4.876209
776.000000 -0.516442 23.666664 -4.876209
778.000000 -0.516442 23.666664 -4.876209
780.000000 -0.516442 23.666664 -4.876209
782.000000 -0.516442 23.666664 -4.876209
784.000000 -0.516442 23.666664 -4.876209
786.000000 -0.516442 23.666664 -4.876209
788.000000 -0.516442 23.666664 -4.876209
790.000000 -0.516442 23.666664 -4.876209
792.000000 -0.516442 23.666664 -4.876209
794.000000 -0.516442 23.666664 -4.876209
796.000000 -0.516442 23.666664 -4.876209
798.000000 -0.516442 23.666664 -4.876209
800.000000 -0.516442 23.666664 -4.876209
802.000000 -0.516442 23.666664 -4.876209
804.000000 -0.516442 23.666664 -4.876209
806.000000 -0.516442 23.666664 -4.876209
808.000000 -0.516442 23.666664 -4.876209
810.000000 -0.516442 23.666664 -4.876209
812.000000 -0.516442 23.666664 -4.876209
814.000000 -0.516442 23.666664 -4.876209
816.000000 -0.516442 23.666664 -4.876209
818.000000 -0.516442 23.666664 -4.876209
820.000000 -0.516442 23.666664 -4.876209
822.000000 -0.516442 23.666664 -4.876209
824.000000 -0.516442 23.666664 -4.876209
826.000000 -0.516442 23.666664 -4.876209
828.000000 -0.516442 23.666664 -4.876209
830.000000 -0.516442 23.666664 -4.876209
832.000000 -0.516442 23.666664 -4.876209
834.000000 -0.516442 23.666664 -4.876209
836.000000 -0.516442 23.666664 -4.876209
838.000000 -0.516442 23.666664 -4.876209
840.000000 -0.516442 23.666664 -4.876209
842.000000 -0.516442 23.666664 -4.876209
844.000000 -0.516442 23.666664 -4.876209
846.000000 -0.516442 23.666664 -4.876209
848.000000 -0.516442 23.666664 -4.876209
850.000000 -0.516442 23.666664 -4.876209
852.000000 -0.516442 23.666664 -4.876209
854.000000 -0.516442 23.666664 -4.876209
856.000000 -0.516442 23.666664 -4.876209
858.000000 -0.516442 23.666664 -4.876209
860.000000 -0.516442 23.666664 -4.876209
862.000000 -0.516442 23.666664 -4.876209
864.000000 -0.516442 23.666664 -4.876209
866.000000 -0.516442 23.666664 -4.876209
868.000000 -0.516442 23.666664 -4.876209
870.000000 -0.516442 23.666664 -4.876209
872.000000 -0.516442 23.666664 -4.876209
874.000000 -0.516442 23.666664 -4.876209
876.000000 -0.516442 23.666664 -4.876209
878.000000 -0.516442 23.666664 -4.876209
880.000000 -0.516442 23.666664 -4.876209
882.000000 -0.516442 23.666664 -4.876209
884.000000 -0.516442 23.666664 -4.876209
886.000000 -0.516442 23.666664 -4.876209
888.000000 -0.516442 23.666664 -4.876209
890.000000 -0.516442 23.666664 -4.876209
892.000000 -0.516442 23.666664 -4.876209
894.000000 -0.516442 23.666664 -4.876209
896.000000 -0.516442 23.666664 -4.876209
898.000000 -0.516442 23.666664 -4.876209
900.000000 -0.516442 23.666664 -4.876209
902.000000 -0.516442 23.666664 -4.876209
904.000000 -0.516442 23.666664 -4.876209
906.000000 -0.516442 23.666664 -4.876209
908.000000 -0.516442 23.666664 -4.876209
910.000000 -0.516442 23.666664 -4.876209
912.000000 -0.516442 23.666664 -4.876209
914.000000 -0.516442 23.666664 -4.876209
916.000000 -0.516442 23.666664 -4.876209
918.000000 -0.516442 23.666664 -4.876209
920.000000 -0.516442 23.666664 -4.876209
922.000000 -0.516442 23.666664 -4.876209
924.000000 -0.516442 23.666664 -4.876209
926.000000 -0.516442 23.666664 -4.876209
928.000000 -0.516442 23.666664 -4.876209
930.000000 -0.516442 23.666664 -4.876209
932.000000 -0.516442 23.666664 -4.876209
934.000000 -0.516442 23.666664 -4.876209
936.000000 -0.516442 23.666664 -4.876209
938.000000 -0.516442 23.666664 -4.876209
940.000000 -0.516442 23.666664 -4.876209
942.000000 -0.516442 23.666664 -4.876209
944.000000 -0.516442 23.666664 -4.876209
946.000000 -0.516442 23.666664 -4.876209
948.000000 -0.516442 23.666664 -4.876209
950.000000 -0.516442 23.666664 -4.876209
952.000000 -0.516442 23.666664 -4.876209
954.000000 -0.516442 23.666664 -4.876209
956.000000 -0.516442 23.666664 -4.876209
958.000000 -0.516442 23.666664 -4.876209
960.000000 -0.516442 23.666664 -4.876209
962.000000 -0.516442 23.666664 -4.876209
964.000061 -0.516442 23.666664 -4.876209
966.000000 -0.516442 23.666664 -4.876209
968.000000 -0.516442 23.666664 -4.876209
969.999939 -0.516442 23.666664 -4.876209
972.000183 -0.516442 23.666664 -4.876209
974.000000 -0.516442 23.666664 -4.876209
976.000000 -0.516442 23.666664 -4.876209
977.999817 -0.516442 23.666664 -4.876209
980.000061 -0.516442 23.666664 -4.876209
982.000000 -0.516442 23.666664 -4.876209
984.000000 -0.516442 23.666664 -4.876209
985.999939 -0.516442 23.666664 -4.876209
988.000000 -0.516442 23.666664 -4.876209
990.000000 -0.516442 23.666664 -4.876209
992.000000 -0.516442 23.666664 -4.876209
994.000061 -0.516442 23.666664 -4.876209
996.000000 -0.516442 23.666664 -4.876209
998.000000 -0.516442 23.666664 -4.876209
999.999939 -0.516442 23.666664 -4.876209
1050.000000 -0.516442 23.666664 -4.876209
1051.000000 -0.516442 23.666664 -4.876209
1052.000000 -0.516442 23.666664 -4.876209
1053.000000 -0.516442 23.666664 -4.876209
1054.000000 -0.516442 23.666664 -4.876209
1055.000000 -0.516442 23.666664 -4.876209
1056.000000 -0.516442 23.666664 -4.876209
1057.000000 -0.516442 23.666664 -4.876209
1058.000000 -0.516442 23.666664 -4.876209
1059.000000 -0.516442 23.666664 -4.876209
1060.000000 -0.516442 23.666664 -4.876209
1061.000000 -0.516442 23.666664 -4.876209
1062.000000 -0.516442 23.666664 -4.876209
1063.000000 -0.516442 23.666664 -4.876209
1064.000000 -0.516442 23.666664 -4.876209
1065.000000 -0.516442 23.666664 -4.876209
1066.000000 -0.516442 23.666664 -4.876209
1067.000000 -0.516442 23.666664 -4.876209
1068.000000 -0.516442 23.666664 -4.876209
1069.000000 -0.516442 23.666664 -4.876209
1070.000000 -0.516442 23.666664 -4.876209
1071.000000 -0.516442 23.666664 -4.876209
1072.000000 -0.516442 23.666664 -4.876209
1073.000000 -0.516442 23.666664 -4.876209
1074.000000 -0.516442 23.666664 -4.876209
1075.000000 -0.516442 23.666664 -4.876209
1076.000000 -0.516442 23.666664 -4.876209
1077.000000 -0.516442 23.666664 -4.876209
1078.000000 -0.516442 23.666664 -4.876209
1079.000000 -0.516442 23.666664 -4.876209
1080.000000 -0.516442 23.666664 -4.876209
1081.000000 -0.516442 23.666664 -4.876209
1082.000000 -0.516442 23.666664 -4.876209
1083.000000 -0.516442 23.666664 -4.876209
1084.000000 -0.516442 23.666664 -4.876209
1085.000000 -0.516442 23.666664 -4.876209
1086.000000 -0.516442 23.666664 -4.876209
1087.000000 -0.516442 23.666664 -4.876209
1088.000000 -0.516442 23.666664 -4.876209
1089.000000 -0.516442 23.666664 -4.876209
1090.000000 -0.516442 23.666664 -4.876209
1091.000000 -0.516442 23.666664 -4.876209
1092.000000 -0.516442 23.666664 -4.876209
1093.000000 -0.516442 23.666664 -4.876209
1094.000000 -0.516442 23.666664 -4.876209
1095.000000 -0.516442 23.666664 -4.876209
1096.000000 -0.516442 23.666664 -4.876209
1097.000000 -0.516442 23.666664 -4.876209
1098.000000 -0.516442 23.666664 -4.876209
1099.000000 -0.516442 23.666664 -4.876209
1100.000000 -0.516442 23.666664 -4.876209
1101.000000 -0.516442 23.666664 -4.876209
1102.000000 -0.516442 23.666664 -4.876209
1103.000000 -0.516442 23.666664 -4.876209
1104.000000 -0.516442 23.666664 -4.876209
1105.000000 -0.516442 23.666664 -4.876209
1106.000000 -0.516442 23.666664 -4.876209
1107.000000 -0.516442 23.666664 -4.876209
1108.000000 -0.516442 23.666664 -4.876209
1109.000000 -0.516442 23.666664 -4.876209
1110.000000 -0.516442 23.666664 -4.876209
1111.000000 -0.516442 23.666664 -4.876209
1112.000000 -0.516442 23.666664 -4.876209
1113.000000 -0.516442 23.666664 -4.876209
1114.000000 -0.516442 23.666664 -4.876209
1115.000000 -0.516442 23.666664 -4.876209
1116.000000 -0.516442 23.666664 -4.876209
1117.000000 -0.516442 23.666664 -4.876209
1118.000000 -0.516442 23.666664 -4.876209
1119.000000 -0.516442 23.666664 -4.876209
1120.000000 -0.516442 23.666664 -4.876209
1121.000000 -0.516442 23.666664 -4.876209
1122.000000 -0.516442 23.666664 -4.876209
1123.000000 -0.516442 23.666664 -4.876209
1124.000000 -0.516442 23.666664 -4.876209
1125.000000 -0.516442 23.666664 -4.876209
1126.000000 -0.516442 23.666664 -4.876209
1127.000000 -0.516442 23.666664 -4.876209
1128.000000 -0.516442 23.666664 -4.876209
1129.000000 -0.516442 23.666664 -4.876209
1130.000000 -0.516442 23.666664 -4.876209
1131.000000 -0.516442 23.666664 -4.876209
1132.000000 -0.516442 23.666664 -4.876209
1133.000000 -0.516442 23.666664 -4.876209
1134.000000 -0.516442 23.666664 -4.876209
1135.000000 -0.516442 23.666664 -4.876209
1136.000000 -0.516442 23.666664 -4.876209
1137.000000 -0.516442 23.666664 -4.876209
1138.000000 -0.516442 23.666664 -4.876209
1139.000000 -0.516442 23.666664 -4.876209
1140.000000 -0.516442 23.666664 -4.876209
1141.000000 -0.516442 23.666664 -4.876209
1142.000000 -0.516442 23.666664 -4.876209
1143.000000 -0.516442 23.666664 -4.876209
1144.000000 -0.516442 23.666664 -4.876209
1145.000000 -0.516442 23.666664 -4.876209
1146.000000 -0.516442 23.666664 -4.876209
1147.000000 -0.516442 23.666664 -4.876209
1148.000000 -0.516442 23.666664 -4.876209
1149.000000 -0.516442 23.666664 -4.876209
1150.000000 -0.516442 23.666664 -4.876209
1151.000000 -0.516442 23.666664 -4.876209
1152.000000 -0.516442 23.666664 -4.876209
1153.000000 -0.516442 23.666664 -4.876209
1154.000000 -0.516442 23.666664 -4.876209
1155.000000 -0.516442 23.666664 -4.876209
1156.000000 -0.516442 23.666664 -4.876209
1157.000000 -0.516442 23.666664 -4.876209
1158.000000 -0.516442 23.666664 -4.876209
1159.000000 -0.516442 23.666664 -4.876209
1160.000000 -0.516442 23.666664 -4.876209
1161.000000 -0.516442 23.666664 -4.876209
1162.000000 -0.516442 23.666664 -4.876209
1163.000000 -0.516442 23.666664 -4.876209
1164.000000 -0.516442 23.666664 -4.876209
1165.000000 -0.516442 23.666664 -4.876209
1166.000000 -0.516442 23.666664 -4.876209
1167.000000 -0.516442 23.666664 -4.876209
1168.000000 -0.516442 23.666664 -4.876209
1169.000000 -0.516442 23.666664 -4.876209
1170.000000 -0.516442 23.666664 -4.876209
1171.000000 -0.516442 23.666664 -4.876209
1172.000000 -0.516442 23.666664 -4.876209
1173.000000 -0.516442 23.666664 -4.876209
1174.000000 -0.516442 23.666664 -4.876209
1175.000000 -0.516442 23.666664 -4.876209
1176.000000 -0.516442 23.666664 -4.876209
1177.000000 -0.516442 23.666664 -4.876209
1178.000000 -0.516442 23.666664 -4.876209
1179.000000 -0.516442 23.666664 -4.876209
1180.000000 -0.516442 23.666664 -4.876209
1181.000000 -0.516442 23.666664 -4.876209
1182.000000 -0.516442 23.666664 -4.876209
1183.000000 -0.516442 23.666664 -4.876209
1184.000000 -0.516442 23.666664 -4.876209
1185.000000 -0.516442 23.666664 -4.876209
1186.000000 -0.516442 23.666664 -4.876209
1187.000000 -0.516442 23.666664 -4.876209
1188.000000 -0.516442 23.666664 -4.876209
1189.000000 -0.516442 23.666664 -4.876209
1190.000000 -0.516442 23.666664 -4.876209
1191.000000 -0.516442 23.666664 -4.876209
1192.000000 -0.516442 23.666664 -4.876209
1193.000000 -0.516442 23.666664 -4.876209
1194.000000 -0.516442 23.666664 -4.876209
1195.000000 -0.516442 23.666664 -4.876209
1196.000000 -0.516442 23.666664 -4.876209
1197.000000 -0.516442 23.666664 -4.876209
1198.000000 -0.516442 23.666664 -4.876209
1199.000000 -0.516442 23.666664 -4.876209
1200.000000 -0.516442 23.666664 -4.876209
461
0.000001 0.000000 -0.000000 0.000000
100.000000 0.000000 -0.000000 0.000000
102.000000 0.000000 0.001151 0.000000
104.000000 0.000000 0.002015 0.000000
106.000000 0.000000 0.002303 0.000000
108.000000 0.000000 0.001727 0.000000
110.000000 0.000000 -0.000000 0.000000
112.000000 0.000000 -0.003106 0.000000
114.000000 0.000000 -0.007572 0.000000
116.000000 0.000000 -0.013321 0.000000
118.000000 0.000000 -0.020272 0.000000
120.000000 0.000000 -0.028347 0.000000
122.000000 0.000000 -0.037467 0.000000
124.000000 0.000000 -0.047553 0.000000
125.999977 0.000000 -0.058525 0.000000
128.000000 0.000000 -0.070305 0.000000
130.000000 0.000000 -0.082814 0.000000
132.000000 0.000000 -0.095973 0.000000
134.000000 0.000000 -0.109703 0.000000
136.000000 0.000000 -0.123925 0.000000
138.000000 0.000000 -0.138560 0.000000
140.000000 0.000000 -0.153529 0.000000
142.000000 0.000000 -0.168753 0.000000
144.000000 0.000000 -0.184153 0.000000
146.000000 0.000000 -0.199650 0.000000
148.000000 0.000000 -0.215165 0.000000
150.000000 0.000000 -0.230620 0.000000
152.000000 0.000000 -0.245934 0.000000
154.000000 0.000000 -0.261030 0.000000
156.000000 0.000000 -0.275828 0.000000
158.000000 0.000000 -0.290249 0.000000
160.000000 0.000000 -0.304214 0.000000
162.000000 0.000000 -0.317645 0.000000
164.000000 0.000000 -0.330461 0.000000
166.000000 0.000000 -0.342586 0.000000
168.000000 0.000000 -0.353938 0.000000
170.000000 0.000000 -0.364440 0.000000
172.000000 0.000000 -0.374012 0.000000
174.000000 0.000000 -0.382576 0.000000
176.000000 0.000000 -0.390052 0.000000
178.000000 0.000000 -0.396361 0.000000
180.000000 0.000000 -0.401426 0.000000
182.000000 0.000000 -0.405200 0.000000
184.000000 0.000000 -0.407783 0.000000
186.000000 0.000000 -0.409306 0.000000
188.000000 0.000000 -0.409902 0.000000
190.000000 0.000000 -0.409704 0.000000
192.000000 0.000000 -0.408843 0.000000
194.000000 0.000000 -0.407452 0.000000
196.000000 0.000000 -0.405664 0.000000
198.000000 0.000000 -0.403611 0.000000
200.000000 0.000000 -0.401425 0.000000
300.000000 0.000000 -0.401426 0.000000
302.000000 0.000000 -0.403326 0.000000
304.000000 0.000000 -0.404751 0.000000
306.000000 0.000000 -0.405226 0.000000
308.000000 0.000000 -0.404276 0.000000
310.000000 0.000000 -0.401425 0.000000
312.000000 0.000000 -0.396299 0.000000
314.000000 0.000000 -0.388917 0.000000
316.000000 0.000000 -0.379397 0.000000
318.000000 0.000000 -0.367858 0.000000
320.000000 0.000000 -0.354419 0.000000
322.000000 0.000000 -0.339199 0.000000
324.000000 0.000000 -0.322317 0.000000
326.000000 0.000000 -0.303890 0.000000
328.000000 0.000000 -0.284039 0.000000
330.000000 0.000000 -0.262881 0.000000
332.000000 0.000000 -0.240536 0.000000
334.000000 0.000000 -0.217122 0.000000
336.000000 0.000000 -0.192758 0.000000
338.000000 0.000000 -0.167563 0.000000
340.000000 0.000000 -0.141655 0.000000
342.000000 0.000000 -0.115154 0.000000
344.000000 0.000000 -0.088177 0.000000
346.000000 0.000000 -0.060844 0.000000
348.000000 0.000000 -0.033274 0.000000
350.000000 0.000000 -0.005585 0.000000
352.000000 0.000000 0.022103 0.000000
354.000000 0.000000 0.049673 0.000000
356.000000 0.000000 0.077006 0.000000
358.000000 0.000000 0.103983 0.000000
360.000000 0.000000 0.130484 0.000000
362.000000 0.000000 0.156392 0.000000
364.000000 0.000000 0.181587 0.000000
366.000000 0.000000 0.205951 0.000000
368.000000 0.000000 0.229365 0.000000
370.000000 0.000000 0.251710 0.000000
372.000000 0.000000 0.272868 0.000000
374.000000 0.000000 0.292719 0.000000
376.000000 0.000000 0.311146 0.000000
378.000000 0.000000 0.328028 0.000000
380.000000 0.000000 0.343248 0.000000
382.000000 0.000000 0.356687 0.000000
384.000000 0.000000 0.368226 0.000000
386.000000 0.000000 0.377746 0.000000
388.000000 0.000000 0.385128 0.000000
390.000000 0.000000 0.390255 0.000000
392.000000 0.000000 0.393105 0.000000
394.000000 0.000000 0.394055 0.000000
396.000000 0.000000 0.393580 0.000000
398.000000 0.000000 0.392155 0.000000
400.000000 0.000000 0.390255 0.000000
499.999969 0.000000 0.390255 0.000000
502.000000 0.000000 0.391191 0.000000
503.999908 0.000000 0.391894 0.000000
506.000000 0.000000 0.392128 0.000000
507.999969 0.000000 0.391659 0.000000
510.000000 0.000000 0.390255 0.000000
512.000000 0.000000 0.387728 0.000000
514.000000 0.000000 0.384088 0.000000
516.000000 0.000000 0.379396 0.000000
518.000000 0.000000 0.373708 0.000000
520.000000 0.000000 0.367083 0.000000
522.000000 0.000000 0.359580 0.000000
524.000000 0.000000 0.351258 0.000000
526.000000 0.000000 0.342175 0.000000
528.000000 0.000000 0.332389 0.000000
530.000000 0.000000 0.321960 0.000000
532.000000 0.000000 0.310945 0.000000
534.000000 0.000000 0.299403 0.000000
536.000000 0.000000 0.287393 0.000000
538.000000 0.000000 0.274973 0.000000
540.000000 0.000000 0.262202 0.000000
542.000000 0.000000 0.249138 0.000000
544.000000 0.000000 0.235840 0.000000
546.000000 0.000000 0.222367 0.000000
548.000000 0.000000 0.208776 0.000000
550.000000 0.000000 0.195127 0.000000
552.000000 0.000000 0.181478 0.000000
554.000000 0.000000 0.167887 0.000000
556.000000 0.000000 0.154414 0.000000
558.000000 0.000000 0.141116 0.000000
560.000000 0.000000 0.128052 0.000000
562.000000 0.000000 0.115281 0.000000
564.000000 0.000000 0.102861 0.000000
566.000000 0.000000 0.090851 0.000000
568.000000 0.000000 0.079309 0.000000
570.000000 0.000000 0.068294 0.000000
572.000000 0.000000 0.057865 0.000000
574.000000 0.000000 0.048079 0.000000
576.000000 0.000000 0.038996 0.000000
578.000000 0.000000 0.030674 0.000000
580.000000 0.000000 0.023171 0.000000
582.000000 0.000000 0.016546 0.000000
584.000000 0.000000 0.010858 0.000000
586.000000 0.000000 0.006166 0.000000
588.000000 0.000000 0.002526 0.000000
590.000000 0.000000 -0.000000 0.000000
592.000000 0.000000 -0.001404 0.000000
594.000000 0.000000 -0.001873 0.000000
596.000000 0.000000 -0.001639 0.000000
598.000000 0.000000 -0.000936 0.000000
600.000000 0.000000 -0.000000 0.000000
690.000000 0.000000 -0.000000 0.000000
692.000000 0.000000 0.001192 0.000000
694.000000 0.000000 0.002086 0.000000
696.000000 0.000000 0.002384 0.000000
698.000000 0.000000 0.001788 0.000000
700.000000 0.000000 -0.000000 0.000000
702.000000 0.000000 -0.003198 0.000000
704.000000 0.000000 -0.007705 0.000000
706.000000 0.000000 -0.013338 0.000000
708.000000 0.000000 -0.019915 0.000000
710.000000 0.000000 -0.027253 0.000000
712.000000 0.000000 -0.035170 0.000000
714.000000 0.000000 -0.043483 0.000000
716.000000 0.000000 -0.052011 0.000000
718.000000 0.000000 -0.060571 0.000000
720.000000 0.000000 -0.068981 0.000000
722.000000 0.000000 -0.077059 0.000000
724.000000 0.000000 -0.084622 0.000000
726.000000 0.000000 -0.091487 0.000000
728.000000 0.000000 -0.097474 0.000000
730.000000 0.000000 -0.102399 0.000000
732.000000 0.000000 -0.106080 0.000000
734.000000 0.000000 -0.108335 0.000000
736.000000 0.000000 -0.108981 0.000000
738.000000 0.000000 -0.107837 0.000000
740.000000 0.000000 -0.104719 0.000000
742.000000 0.000000 -0.099518 0.000000
744.000000 0.000000 -0.092402 0.000000
746.000000 0.000000 -0.083615 0.000000
748.000000 0.000000 -0.073397 0.000000
750.000000 0.000000 -0.061992 0.000000
752.000000 0.000000 -0.049640 0.000000
754.000000 0.000000 -0.036583 0.000000
756.000000 0.000000 -0.023064 0.000000
758.000000 0.000000 -0.009323 0.000000
760.000000 0.000000 0.004395 0.000000
762.000000 0.000000 0.017853 0.000000
764.000000 0.000000 0.030806 0.000000
766.000000 0.000000 0.043013 0.000000
768.000000 0.000000 0.054232 0.000000
770.000000 0.000000 0.064222 0.000000
772.000000 0.000000 0.072741 0.000000
774.000000 0.000000 0.079546 0.000000
776.000000 0.000000 0.084396 0.000000
778.000000 0.000000 0.087050 0.000000
780.000000 0.000000 0.087266 0.000000
782.000000 0.000000 0.084887 0.000000
784.000000 0.000000 0.080102 0.000000
786.000000 0.000000 0.073185 0.000000
788.000000 0.000000 0.064412 0.000000
790.000000 0.000000 0.054055 0.000000
792.000000 0.000000 0.042389 0.000000
794.000000 0.000000 0.029690 0.000000
796.000000 0.000000 0.016230 0.000000
798.000000 0.000000 0.002284 0.000000
800.000000 0.000000 -0.011872 0.000000
802.000000 0.000000 -0.025966 0.000000
804.000000 0.000000 -0.039722 0.000000
806.000000 0.000000 -0.052868 0.000000
808.000000 0.000000 -0.065127 0.000000
810.000000 0.000000 -0.076226 0.000000
812.000000 0.000000 -0.085891 0.000000
814.000000 0.000000 -0.093847 0.000000
816.000000 0.000000 -0.099820 0.000000
818.000000 0.000000 -0.103536 0.000000
820.000000 0.000000 -0.104719 0.000000
822.000000 0.000000 -0.103190 0.000000
824.000000 0.000000 -0.099133 0.000000
826.000000 0.000000 -0.092830 0.000000
828.000000 0.000000 -0.084559 0.000000
830.000000 0.000000 -0.074600 0.000000
832.000000 0.000000 -0.063233 0.000000
834.000000 0.000000 -0.050736 0.000000
836.000000 0.000000 -0.037391 0.000000
838.000000 0.000000 -0.023475 0.000000
840.000000 0.000000 -0.009269 0.000000
842.000000 0.000000 0.004947 0.000000
844.000000 0.000000 0.018895 0.000000
846.000000 0.000000 0.032295 0.000000
848.000000 0.000000 0.044867 0.000000
850.000000 0.000000 0.056332 0.000000
852.000000 0.000000 0.066410 0.000000
854.000000 0.000000 0.074822 0.000000
856.000000 0.000000 0.081288 0.000000
858.000000 0.000000 0.085529 0.000000
860.000000 0.000000 0.087265 0.000000
862.000000 0.000000 0.086309 0.000000
864.000000 0.000000 0.082835 0.000000
866.000000 0.000000 0.077113 0.000000
868.000000 0.000000 0.069410 0.000000
870.000000 0.000000 0.059994 0.000000
872.000000 0.000000 0.049132 0.000000
874.000000 0.000000 0.037093 0.000000
876.000000 0.000000 0.024144 0.000000
878.000000 0.000000 0.010553 0.000000
880.000000 0.000000 -0.003410 0.000000
882.000000 0.000000 -0.017482 0.000000
884.000000 0.000000 -0.031391 0.000000
886.000000 0.000000 -0.044872 0.000000
888.000000 0.000000 -0.057655 0.000000
890.000000 0.000000 -0.069473 0.000000
892.000000 0.000000 -0.080059 0.000000
894.000000 0.000000 -0.089145 0.000000
896.000000 0.000000 -0.096462 0.000000
898.000000 0.000000 -0.101742 0.000000
900.000000 0.000000 -0.104720 0.000000
902.000000 0.000000 -0.105205 0.000000
904.000000 0.000000 -0.103335 0.000000
906.000000 0.000000 -0.099325 0.000000
908.000000 0.000000 -0.093390 0.000000
910.000000 0.000000 -0.085747 0.000000
912.000000 0.000000 -0.076610 0.000000
914.000000 0.000000 -0.066196 0.000000
916.000000 0.000000 -0.054721 0.000000
918.000000 0.000000 -0.042399 0.000000
920.000000 0.000000 -0.029448 0.000000
922.000000 0.000000 -0.016082 0.000000
924.000000 0.000000 -0.002517 0.000000
926.000000 0.000000 0.011029 0.000000
928.000000 0.000000 0.024344 0.000000
930.000000 0.000000 0.037211 0.000000
932.000000 0.000000 0.049413 0.000000
934.000000 0.000000 0.060735 0.000000
936.000000 0.000000 0.070962 0.000000
938.000000 0.000000 0.079877 0.000000
940.000000 0.000000 0.087266 0.000000
942.000000 0.000000 0.092966 0.000000
944.000000 0.000000 0.097036 0.000000
946.000000 0.000000 0.099588 0.000000
948.000000 0.000000 0.100736 0.000000
950.000000 0.000000 0.100592 0.000000
952.000000 0.000000 0.099269 0.000000
954.000000 0.000000 0.096879 0.000000
956.000000 0.000000 0.093536 0.000000
958.000000 0.000000 0.089351 0.000000
960.000000 0.000000 0.084439 0.000000
962.000000 0.000000 0.078910 0.000000
964.000061 0.000000 0.072879 0.000000
966.000000 0.000000 0.066458 0.000000
968.000000 0.000000 0.059759 0.000000
969.999939 0.000000 0.052895 0.000000
972.000183 0.000000 0.045980 0.000000
974.000000 0.000000 0.039125 0.000000
976.000000 0.000000 0.032443 0.000000
977.999817 0.000000 0.026048 0.000000
980.000061 0.000000 0.020052 0.000000
982.000000 0.000000 0.014567 0.000000
984.000000 0.000000 0.009707 0.000000
985.999939 0.000000 0.005584 0.000000
988.000000 0.000000 0.002310 0.000000
990.000000 0.000000 -0.000000 0.000000
992.000000 0.000000 -0.001290 0.000000
994.000061 0.000000 -0.001720 0.000000
996.000000 0.000000 -0.001505 0.000000
998.000000 0.000000 -0.000860 0.000000
999.999939 0.000000 -0.000000 0.000000
1050.000000 0.000000 -0.000000 0.000000
1051.000000 0.000000 0.001151 0.000000
1052.000000 0.000000 0.002015 0.000000
1053.000000 0.000000 0.002303 0.000000
1054.000000 0.000000 0.001727 0.000000
1055.000000 0.000000 -0.000000 0.000000
1056.000000 0.000000 -0.003106 0.000000
1057.000000 0.000000 -0.007572 0.000000
1058.000000 0.000000 -0.013321 0.000000
1059.000000 0.000000 -0.020272 0.000000
1060.000000 0.000000 -0.028347 0.000000
1061.000000 0.000000 -0.037467 0.000000
1062.000000 0.000000 -0.047553 0.000000
1063.000000 0.000000 -0.058525 0.000000
1064.000000 0.000000 -0.070305 0.000000
1065.000000 0.000000 -0.082814 0.000000
1066.000000 0.000000 -0.095973 0.000000
1067.000000 0.000000 -0.109703 0.000000
1068.000000 0.000000 -0.123925 0.000000
1069.000000 0.000000 -0.138560 0.000000
1070.000000 0.000000 -0.153529 0.000000
1071.000000 0.000000 -0.168753 0.000000
1072.000000 0.000000 -0.184153 0.000000
1073.000000 0.000000 -0.199650 0.000000
1074.000000 0.000000 -0.215165 0.000000
1075.000000 0.000000 -0.230620 0.000000
1076.000000 0.000000 -0.245934 0.000000
1077.000000 0.000000 -0.261030 0.000000
1078.000000 0.000000 -0.275828 0.000000
1079.000000 0.000000 -0.290249 0.000000
1080.000000 0.000000 -0.304214 0.000000
1081.000000 0.000000 -0.317645 0.000000
1082.000000 0.000000 -0.330461 0.000000
1083.000000 0.000000 -0.342586 0.000000
1084.000000 0.000000 -0.353938 0.000000
1085.000000 0.000000 -0.364440 0.000000
1086.000000 0.000000 -0.374012 0.000000
1087.000000 0.000000 -0.382576 0.000000
1088.000000 0.000000 -0.390052 0.000000
1089.000000 0.000000 -0.396361 0.000000
1090.000000 0.000000 -0.401426 0.000000
1091.000000 0.000000 -0.405200 0.000000
1092.000000 0.000000 -0.407783 0.000000
1093.000000 0.000000 -0.409306 0.000000
1094.000000 0.000000 -0.409902 0.000000
1095.000000 0.000000 -0.409704 0.000000
1096.000000 0.000000 -0.408843 0.000000
1097.000000 0.000000 -0.407452 0.000000
1098.000000 0.000000 -0.405664 0.000000
1099.000000 0.000000 -0.403611 0.000000
1100.000000 0.000000 -0.401425 0.000000
1101.000000 0.000000 -0.403326 0.000000
1102.000000 0.000000 -0.404751 0.000000
1103.000000 0.000000 -0.405226 0.000000
1104.000000 0.000000 -0.404276 0.000000
1105.000000 0.000000 -0.401425 0.000000
1106.000000 0.000000 -0.396299 0.000000
1107.000000 0.000000 -0.388917 0.000000
1108.000000 0.000000 -0.379397 0.000000
1109.000000 0.000000 -0.367858 0.000000
1110.000000 0.000000 -0.354419 0.000000
1111.000000 0.000000 -0.339199 0.000000
1112.000000 0.000000 -0.322317 0.000000
1113.000000 0.000000 -0.303890 0.000000
1114.000000 0.000000 -0.284039 0.000000
1115.000000 0.000000 -0.262881 0.000000
1116.000000 0.000000 -0.240536 0.000000
1117.000000 0.000000 -0.217122 0.000000
1118.000000 0.000000 -0.192758 0.000000
1119.000000 0.000000 -0.167563 0.000000
1120.000000 0.000000 -0.141655 0.000000
1121.000000 0.000000 -0.115154 0.000000
1122.000000 0.000000 -0.088177 0.000000
1123.000000 0.000000 -0.060844 0.000000
1124.000000 0.000000 -0.033274 0.000000
1125.000000 0.000000 -0.005585 0.000000
1126.000000 0.000000 0.022103 0.000000
1127.000000 0.000000 0.049673 0.000000
1128.000000 0.000000 0.077006 0.000000
1129.000000 0.000000 0.103983 0.000000
1130.000000 0.000000 0.130484 0.000000
1131.000000 0.000000 0.156392 0.000000
1132.000000 0.000000 0.181587 0.000000
1133.000000 0.000000 0.205951 0.000000
1134.000000 0.000000 0.229365 0.000000
1135.000000 0.000000 0.251710 0.000000
1136.000000 0.000000 0.272868 0.000000
1137.000000 0.000000 0.292719 0.000000
1138.000000 0.000000 0.311146 0.000000
1139.000000 0.000000 0.328028 0.000000
1140.000000 0.000000 0.343248 0.000000
1141.000000 0.000000 0.356687 0.000000
1142.000000 0.000000 0.368226 0.000000
1143.000000 0.000000 0.377746 0.000000
1144.000000 0.000000 0.385128 0.000000
1145.000000 0.000000 0.390255 0.000000
1146.000000 0.000000 0.393105 0.000000
1147.000000 0.000000 0.394055 0.000000
1148.000000 0.000000 0.393580 0.000000
1149.000000 0.000000 0.392155 0.000000
1150.000000 0.000000 0.390255 0.000000
1151.000000 0.000000 0.391191 0.000000
1152.000000 0.000000 0.391894 0.000000
1153.000000 0.000000 0.392128 0.000000
1154.000000 0.000000 0.391659 0.000000
1155.000000 0.000000 0.390255 0.000000
1156.000000 0.000000 0.387728 0.000000
1157.000000 0.000000 0.384088 0.000000
1158.000000 0.000000 0.379396 0.000000
1159.000000 0.000000 0.373708 0.000000
1160.000000 0.000000 0.367083 0.000000
1161.000000 0.000000 0.359580 0.000000
1162.000000 0.000000 0.351258 0.000000
1163.000000 0.000000 0.342175 0.000000
1164.000000 0.000000 0.332389 0.000000
1165.000000 0.000000 0.321960 0.000000
1166.000000 0.000000 0.310945 0.000000
1167.000000 0.000000 0.299403 0.000000
1168.000000 0.000000 0.287393 0.000000
1169.000000 0.000000 0.274973 0.000000
1170.000000 0.000000 0.262202 0.000000
1171.000000 0.000000 0.249138 0.000000
1172.000000 0.000000 0.235840 0.000000
1173.000000 0.000000 0.222367 0.000000
1174.000000 0.000000 0.208776 0.000000
1175.000000 0.000000 0.195127 0.000000
1176.000000 0.000000 0.181478 0.000000
1177.000000 0.000000 0.167887 0.000000
1178.000000 0.000000 0.154414 0.000000
1179.000000 0.000000 0.141116 0.000000
1180.000000 0.000000 0.128052 0.000000
1181.000000 0.000000 0.115281 0.000000
1182.000000 0.000000 0.102861 0.000000
1183.000000 0.000000 0.090851 0.000000
1184.000000 0.000000 0.079309 0.000000
1185.000000 0.000000 0.068294 0.000000
1186.000000 0.000000 0.057865 0.000000
1187.000000 0.000000 0.048079 0.000000
1188.000000 0.000000 0.038996 0.000000
1189.000000 0.000000 0.030674 0.000000
1190.000000 0.000000 0.023171 0.000000
1191.000000 0.000000 0.016546 0.000000
1192.000000 0.000000 0.010858 0.000000
1193.000000 0.000000 0.006166 0.000000
1194.000000 0.000000 0.002526 0.000000
1195.000000 0.000000 -0.000000 0.000000
1196.000000 0.000000 -0.001404 0.000000
1197.000000 0.000000 -0.001873 0.000000
1198.000000 0.000000 -0.001639 0.000000
1199.000000 0.000000 -0.000936 0.000000
1200.000000 0.000000 -0.000000 0.000000
"Abajo1"
"EjeBichitos"
8 0.000000 0.000000 0.000000 0.000000 -0.000000 0.000000
298
0.000001 0.000000 0.000000 -33.000000
2.000000 0.000000 0.000000 -33.000000
3.000000 0.000000 0.000000 -33.000000
4.000000 0.000000 0.000000 -33.000000
5.000000 0.000000 0.000000 -33.000000
6.000000 0.000000 0.000000 -33.000000
7.000000 0.000000 0.000000 -33.000000
11.000000 0.000000 0.000000 -33.000000
15.000000 0.000000 0.000000 -33.000000
19.000000 0.000000 0.000000 -33.000000
23.000000 0.000000 0.000000 -33.000000
27.000000 0.000000 0.000000 -33.000000
31.000000 0.000000 0.000000 -33.000000
35.000000 0.000000 0.000000 -33.000000
39.000000 0.000000 0.000000 -33.000000
43.000000 0.000000 0.000000 -33.000000
47.000000 0.000000 0.000000 -33.000000
48.000000 0.000000 0.000000 -33.000000
49.000000 0.000000 0.000000 -33.000000
50.000000 0.000000 0.000000 -33.000000
51.000000 0.000000 0.000000 -33.000000
52.000000 0.000000 0.000000 -33.000000
53.000000 0.000000 0.000000 -33.000000
55.000000 0.000000 0.000000 -33.000000
75.000000 0.000000 0.000000 -33.000000
76.000000 0.000000 0.000000 -33.000000
77.000000 0.000000 0.000000 -33.000000
78.000000 0.000000 0.000000 -33.000000
79.000000 0.000000 0.000000 -33.000000
80.000000 0.000000 0.000000 -33.000000
81.000000 0.000000 0.000000 -33.000000
82.000000 0.000000 0.000000 -33.000000
86.000000 0.000000 0.000000 -33.000000
90.000000 0.000000 0.000000 -33.000000
94.000000 0.000000 0.000000 -33.000000
98.000000 0.000000 0.000000 -33.000000
102.000000 0.000000 0.000000 -33.000000
106.000000 0.000000 0.000000 -33.000000
110.000000 0.000000 0.000000 -33.000000
114.000000 0.000000 0.000000 -33.000000
118.000000 0.000000 0.000000 -33.000000
122.000000 0.000000 0.000000 -33.000000
123.000000 0.000000 0.000000 -33.000000
124.000000 0.000000 0.000000 -33.000000
124.999992 0.000000 0.000000 -33.000000
125.999977 0.000000 0.000000 -33.000000
126.999992 0.000000 0.000000 -33.000000
128.000000 0.000000 0.000000 -33.000000
130.000000 0.000000 0.000000 -33.000000
190.000000 0.000000 0.000000 -33.000000
191.000000 0.000000 0.000000 -33.000000
192.000000 0.000000 0.000000 -33.000000
193.000000 0.000000 0.000000 -33.000000
194.000000 0.000000 0.000000 -33.000000
195.000000 0.000000 0.000000 -33.000000
196.000000 0.000000 0.000000 -33.000000
197.000000 0.000000 0.000000 -33.000000
201.000000 0.000000 0.000000 -33.000000
205.000000 0.000000 0.000000 -33.000000
209.000000 0.000000 0.000000 -33.000000
213.000000 0.000000 0.000000 -33.000000
217.000000 0.000000 0.000000 -33.000000
221.000000 0.000000 0.000000 -33.000000
225.000000 0.000000 0.000000 -33.000000
229.000000 0.000000 0.000000 -33.000000
233.000000 0.000000 0.000000 -33.000000
237.000000 0.000000 0.000000 -33.000000
238.000000 0.000000 0.000000 -33.000000
239.000000 0.000000 0.000000 -33.000000
240.000000 0.000000 0.000000 -33.000000
241.000015 0.000000 0.000000 -33.000000
242.000000 0.000000 0.000000 -33.000000
243.000046 0.000000 0.000000 -33.000000
245.000015 0.000000 0.000000 -33.000000
310.000000 0.000000 0.000000 -33.000000
311.000000 0.000000 0.000000 -33.000000
312.000000 0.000000 0.000000 -33.000000
313.000000 0.000000 0.000000 -33.000000
314.000000 0.000000 0.000000 -33.000000
315.000000 0.000000 0.000000 -33.000000
316.000000 0.000000 0.000000 -33.000000
317.000000 0.000000 0.000000 -33.000000
321.000000 0.000000 0.000000 -33.000000
325.000000 0.000000 0.000000 -33.000000
329.000000 0.000000 0.000000 -33.000000
333.000000 0.000000 0.000000 -33.000000
337.000000 0.000000 0.000000 -33.000000
341.000000 0.000000 0.000000 -33.000000
345.000000 0.000000 0.000000 -33.000000
349.000000 0.000000 0.000000 -33.000000
353.000000 0.000000 0.000000 -33.000000
357.000000 0.000000 0.000000 -33.000000
358.000000 0.000000 0.000000 -33.000000
359.000000 0.000000 0.000000 -33.000000
360.000000 0.000000 0.000000 -33.000000
361.000000 0.000000 0.000000 -33.000000
362.000000 0.000000 0.000000 -33.000000
363.000000 0.000000 0.000000 -33.000000
365.000000 0.000000 0.000000 -33.000000
400.000000 0.000000 0.000000 -33.000000
401.000000 0.000000 0.000000 -33.000000
402.000000 0.000000 0.000000 -33.000000
403.000000 0.000000 0.000000 -33.000000
404.000000 0.000000 0.000000 -33.000000
405.000000 0.000000 0.000000 -33.000000
406.000000 0.000000 0.000000 -33.000000
410.000000 0.000000 0.000000 -33.000000
414.000000 0.000000 0.000000 -33.000000
418.000000 0.000000 0.000000 -33.000000
422.000000 0.000000 0.000000 -33.000000
426.000000 0.000000 0.000000 -33.000000
430.000000 0.000000 0.000000 -33.000000
434.000000 0.000000 0.000000 -33.000000
438.000000 0.000000 0.000000 -33.000000
442.000000 0.000000 0.000000 -33.000000
446.000000 0.000000 0.000000 -33.000000
447.000000 0.000000 0.000000 -33.000000
448.000000 0.000000 0.000000 -33.000000
449.000000 0.000000 0.000000 -33.000000
450.000000 0.000000 0.000000 -33.000000
451.000000 0.000000 0.000000 -33.000000
452.000000 0.000000 0.000000 -33.000000
454.000000 0.000000 0.000000 -33.000000
474.000000 0.000000 0.000000 -33.000000
475.000000 0.000000 0.000000 -33.000000
476.000000 0.000000 0.000000 -33.000000
477.000000 0.000000 0.000000 -33.000000
478.000000 0.000000 0.000000 -33.000000
479.000000 0.000000 0.000000 -33.000000
480.000000 0.000000 0.000000 -33.000000
481.000000 0.000000 0.000000 -33.000000
484.999969 0.000000 0.000000 -33.000000
488.999908 0.000000 0.000000 -33.000000
492.999969 0.000000 0.000000 -33.000000
497.000031 0.000000 0.000000 -33.000000
501.000092 0.000000 0.000000 -33.000000
505.000031 0.000000 0.000000 -33.000000
509.000000 0.000000 0.000000 -33.000000
513.000000 0.000000 0.000000 -33.000000
517.000000 0.000000 0.000000 -33.000000
521.000000 0.000000 0.000000 -33.000000
522.000000 0.000000 0.000000 -33.000000
523.000000 0.000000 0.000000 -33.000000
524.000000 0.000000 0.000000 -33.000000
525.000000 0.000000 0.000000 -33.000000
526.000000 0.000000 0.000000 -33.000000
527.000000 0.000000 0.000000 -33.000000
529.000000 0.000000 0.000000 -33.000000
589.000000 0.000000 0.000000 -33.000000
590.000000 0.000000 0.000000 -33.000000
591.000000 0.000000 0.000000 -33.000000
592.000000 0.000000 0.000000 -33.000000
593.000000 0.000000 0.000000 -33.000000
594.000000 0.000000 0.000000 -33.000000
595.000000 0.000000 0.000000 -33.000000
596.000000 0.000000 0.000000 -33.000000
600.000000 0.000000 0.000000 -33.000000
604.000000 0.000000 0.000000 -33.000000
608.000000 0.000000 0.000000 -33.000000
612.000000 0.000000 0.000000 -33.000000
616.000000 0.000000 0.000000 -33.000000
620.000000 0.000000 0.000000 -33.000000
624.000000 0.000000 0.000000 -33.000000
628.000000 0.000000 0.000000 -33.000000
632.000000 0.000000 0.000000 -33.000000
636.000000 0.000000 0.000000 -33.000000
637.000000 0.000000 0.000000 -33.000000
638.000000 0.000000 0.000000 -33.000000
639.000000 0.000000 0.000000 -33.000000
640.000000 0.000000 0.000000 -33.000000
641.000000 0.000000 0.000000 -33.000000
642.000000 0.000000 0.000000 -33.000000
644.000000 0.000000 0.000000 -33.000000
709.000000 0.000000 0.000000 -33.000000
710.000000 0.000000 0.000000 -33.000000
711.000000 0.000000 0.000000 -33.000000
712.000000 0.000000 0.000000 -33.000000
713.000000 0.000000 0.000000 -33.000000
714.000000 0.000000 0.000000 -33.000000
715.000000 0.000000 0.000000 -33.000000
716.000000 0.000000 0.000000 -33.000000
720.000000 0.000000 0.000000 -33.000000
724.000000 0.000000 0.000000 -33.000000
728.000000 0.000000 0.000000 -33.000000
732.000000 0.000000 0.000000 -33.000000
736.000000 0.000000 0.000000 -33.000000
740.000000 0.000000 0.000000 -33.000000
744.000000 0.000000 0.000000 -33.000000
748.000000 0.000000 0.000000 -33.000000
752.000000 0.000000 0.000000 -33.000000
756.000000 0.000000 0.000000 -33.000000
757.000000 0.000000 0.000000 -33.000000
758.000000 0.000000 0.000000 -33.000000
759.000000 0.000000 0.000000 -33.000000
760.000000 0.000000 0.000000 -33.000000
761.000000 0.000000 0.000000 -33.000000
762.000000 0.000000 0.000000 -33.000000
764.000000 0.000000 0.000000 -33.000000
800.000000 0.000000 0.000000 -33.000000
801.000000 0.000000 0.000000 -33.000000
802.000000 0.000000 0.000000 -33.000000
803.000000 0.000000 0.000000 -33.000000
804.000000 0.000000 0.000000 -33.000000
805.000000 0.000000 0.000000 -33.000000
806.000000 0.000000 0.000000 -33.000000
810.000000 0.000000 0.000000 -33.000000
814.000000 0.000000 0.000000 -33.000000
818.000000 0.000000 0.000000 -33.000000
822.000000 0.000000 0.000000 -33.000000
826.000000 0.000000 0.000000 -33.000000
830.000000 0.000000 0.000000 -33.000000
834.000000 0.000000 0.000000 -33.000000
838.000000 0.000000 0.000000 -33.000000
842.000000 0.000000 0.000000 -33.000000
846.000000 0.000000 0.000000 -33.000000
847.000000 0.000000 0.000000 -33.000000
848.000000 0.000000 0.000000 -33.000000
849.000000 0.000000 0.000000 -33.000000
850.000000 0.000000 0.000000 -33.000000
851.000000 0.000000 0.000000 -33.000000
852.000000 0.000000 0.000000 -33.000000
854.000000 0.000000 0.000000 -33.000000
874.000000 0.000000 0.000000 -33.000000
875.000000 0.000000 0.000000 -33.000000
876.000000 0.000000 0.000000 -33.000000
877.000000 0.000000 0.000000 -33.000000
878.000000 0.000000 0.000000 -33.000000
879.000000 0.000000 0.000000 -33.000000
880.000000 0.000000 0.000000 -33.000000
881.000000 0.000000 0.000000 -33.000000
885.000000 0.000000 0.000000 -33.000000
889.000000 0.000000 0.000000 -33.000000
893.000000 0.000000 0.000000 -33.000000
897.000000 0.000000 0.000000 -33.000000
901.000000 0.000000 0.000000 -33.000000
905.000000 0.000000 0.000000 -33.000000
909.000000 0.000000 0.000000 -33.000000
913.000000 0.000000 0.000000 -33.000000
917.000000 0.000000 0.000000 -33.000000
921.000000 0.000000 0.000000 -33.000000
922.000000 0.000000 0.000000 -33.000000
923.000000 0.000000 0.000000 -33.000000
924.000000 0.000000 0.000000 -33.000000
925.000000 0.000000 0.000000 -33.000000
926.000000 0.000000 0.000000 -33.000000
927.000000 0.000000 0.000000 -33.000000
929.000000 0.000000 0.000000 -33.000000
989.000000 0.000000 0.000000 -33.000000
990.000000 0.000000 0.000000 -33.000000
991.000000 0.000000 0.000000 -33.000000
992.000000 0.000000 0.000000 -33.000000
992.999817 0.000000 0.000000 -33.000000
994.000061 0.000000 0.000000 -33.000000
995.000061 0.000000 0.000000 -33.000000
996.000000 0.000000 0.000000 -33.000000
999.999939 0.000000 0.000000 -33.000000
1004.000000 0.000000 0.000000 -33.000000
1007.999817 0.000000 0.000000 -33.000000
1012.000000 0.000000 0.000000 -33.000000
1015.999939 0.000000 0.000000 -33.000000
1020.000000 0.000000 0.000000 -33.000000
1024.000000 0.000000 0.000000 -33.000000
1028.000000 0.000000 0.000000 -33.000000
1032.000000 0.000000 0.000000 -33.000000
1036.000000 0.000000 0.000000 -33.000000
1037.000000 0.000000 0.000000 -33.000000
1038.000000 0.000000 0.000000 -33.000000
1039.000000 0.000000 0.000000 -33.000000
1040.000000 0.000000 0.000000 -33.000000
1041.000000 0.000000 0.000000 -33.000000
1042.000000 0.000000 0.000000 -33.000000
1044.000000 0.000000 0.000000 -33.000000
1109.000000 0.000000 0.000000 -33.000000
1110.000000 0.000000 0.000000 -33.000000
1111.000000 0.000000 0.000000 -33.000000
1112.000000 0.000000 0.000000 -33.000000
1113.000000 0.000000 0.000000 -33.000000
1114.000000 0.000000 0.000000 -33.000000
1115.000000 0.000000 0.000000 -33.000000
1116.000000 0.000000 0.000000 -33.000000
1120.000000 0.000000 0.000000 -33.000000
1124.000000 0.000000 0.000000 -33.000000
1128.000000 0.000000 0.000000 -33.000000
1132.000000 0.000000 0.000000 -33.000000
1136.000000 0.000000 0.000000 -33.000000
1140.000000 0.000000 0.000000 -33.000000
1144.000000 0.000000 0.000000 -33.000000
1148.000000 0.000000 0.000000 -33.000000
1152.000000 0.000000 0.000000 -33.000000
1156.000000 0.000000 0.000000 -33.000000
1157.000000 0.000000 0.000000 -33.000000
1158.000000 0.000000 0.000000 -33.000000
1159.000000 0.000000 0.000000 -33.000000
1160.000000 0.000000 0.000000 -33.000000
1161.000000 0.000000 0.000000 -33.000000
1162.000000 0.000000 0.000000 -33.000000
1164.000000 0.000000 0.000000 -33.000000
1200.000000 0.000000 0.000000 -33.000000
298
0.000001 0.000000 0.050000 0.000000
2.000000 0.000000 0.113542 0.000000
3.000000 0.000000 0.336283 0.000000
4.000000 0.000000 0.624875 0.000000
5.000000 0.000000 0.935971 0.000000
6.000000 0.000000 1.226222 0.000000
7.000000 -0.000000 1.570796 0.000000
11.000000 3.141592 -0.000000 -3.141592
15.000000 0.000000 -1.570796 0.000000
19.000000 0.000000 -0.000000 0.000000
23.000000 -0.000000 1.570796 0.000000
27.000000 -3.141592 -0.000000 -3.141592
31.000000 0.000000 -1.570796 0.000000
35.000000 0.000000 -0.000000 0.000000
39.000000 -0.000000 1.570796 0.000000
43.000000 -3.141592 -0.000000 -3.141592
47.000000 0.000000 -1.570796 0.000000
48.000000 0.000000 -1.226222 0.000000
49.000000 0.000000 -0.935971 0.000000
50.000000 0.000000 -0.624875 0.000000
51.000000 0.000000 -0.336283 0.000000
52.000000 0.000000 -0.113542 0.000000
53.000000 0.000000 -0.050000 0.000000
55.000000 0.000000 -0.000000 0.000000
75.000000 0.000000 -0.000000 0.000000
76.000000 0.000000 -0.050000 0.000000
77.000000 0.000000 -0.113542 0.000000
78.000000 0.000000 -0.336283 0.000000
79.000000 0.000000 -0.624875 0.000000
80.000000 0.000000 -0.935971 0.000000
81.000000 0.000000 -1.226222 0.000000
82.000000 0.000000 -1.570796 0.000000
86.000000 3.141592 -0.000000 3.141592
90.000000 -0.000000 1.570796 0.000000
94.000000 0.000000 -0.000000 0.000000
98.000000 0.000000 -1.570796 0.000000
102.000000 3.141592 -0.000000 3.141592
106.000000 -0.000000 1.570796 0.000000
110.000000 0.000000 -0.000000 0.000000
114.000000 0.000000 -1.570796 0.000000
118.000000 3.141592 -0.000000 3.141592
122.000000 -0.000000 1.570796 0.000000
123.000000 0.000000 1.226222 0.000000
124.000000 0.000000 0.935971 0.000000
124.999992 0.000000 0.624875 0.000000
125.999977 0.000000 0.336283 0.000000
126.999992 0.000000 0.113542 0.000000
128.000000 0.000000 0.050000 0.000000
130.000000 0.000000 -0.000000 0.000000
190.000000 0.000000 -0.000000 0.000000
191.000000 0.000000 -0.050000 0.000000
192.000000 0.000000 -0.113542 0.000000
193.000000 0.000000 -0.336283 0.000000
194.000000 0.000000 -0.624875 0.000000
195.000000 0.000000 -0.935971 0.000000
196.000000 0.000000 -1.226222 0.000000
197.000000 0.000000 -1.570796 0.000000
201.000000 3.141592 -0.000000 3.141592
205.000000 -0.000000 1.570796 0.000000
209.000000 0.000000 -0.000000 0.000000
213.000000 0.000000 -1.570796 0.000000
217.000000 3.141592 -0.000000 3.141592
221.000000 -0.000000 1.570796 0.000000
225.000000 0.000000 -0.000000 0.000000
229.000000 0.000000 -1.570796 0.000000
233.000000 3.141592 -0.000000 3.141592
237.000000 -0.000000 1.570796 0.000000
238.000000 0.000000 1.226222 0.000000
239.000000 0.000000 0.935971 0.000000
240.000000 0.000000 0.624875 0.000000
241.000015 0.000000 0.336283 0.000000
242.000000 0.000000 0.113542 0.000000
243.000046 0.000000 0.050000 0.000000
245.000015 0.000000 -0.000000 0.000000
310.000000 0.000000 -0.000000 0.000000
311.000000 0.000000 0.050000 0.000000
312.000000 0.000000 0.113542 0.000000
313.000000 0.000000 0.336283 0.000000
314.000000 0.000000 0.624875 0.000000
315.000000 0.000000 0.935971 0.000000
316.000000 0.000000 1.226222 0.000000
317.000000 -0.000000 1.570796 0.000000
321.000000 3.141592 -0.000000 -3.141592
325.000000 0.000000 -1.570796 0.000000
329.000000 0.000000 -0.000000 0.000000
333.000000 -0.000000 1.570796 0.000000
337.000000 -3.141592 -0.000000 -3.141592
341.000000 0.000000 -1.570796 0.000000
345.000000 0.000000 -0.000000 0.000000
349.000000 -0.000000 1.570796 0.000000
353.000000 -3.141592 -0.000000 -3.141592
357.000000 0.000000 -1.570796 0.000000
358.000000 0.000000 -1.226222 0.000000
359.000000 0.000000 -0.935971 0.000000
360.000000 0.000000 -0.624875 0.000000
361.000000 0.000000 -0.336283 0.000000
362.000000 0.000000 -0.113542 0.000000
363.000000 0.000000 -0.050000 0.000000
365.000000 0.000000 -0.000000 0.000000
400.000000 0.000000 0.050000 0.000000
401.000000 0.000000 0.113542 0.000000
402.000000 0.000000 0.336283 0.000000
403.000000 0.000000 0.624875 0.000000
404.000000 0.000000 0.935971 0.000000
405.000000 0.000000 1.226222 0.000000
406.000000 -0.000000 1.570796 0.000000
410.000000 3.141592 -0.000000 -3.141592
414.000000 0.000000 -1.570796 0.000000
418.000000 0.000000 -0.000000 0.000000
422.000000 -0.000000 1.570796 0.000000
426.000000 -3.141592 -0.000000 -3.141592
430.000000 0.000000 -1.570796 0.000000
434.000000 0.000000 -0.000000 0.000000
438.000000 -0.000000 1.570796 0.000000
442.000000 -3.141592 -0.000000 -3.141592
446.000000 0.000000 -1.570796 0.000000
447.000000 0.000000 -1.226222 0.000000
448.000000 0.000000 -0.935971 0.000000
449.000000 0.000000 -0.624875 0.000000
450.000000 0.000000 -0.336283 0.000000
451.000000 0.000000 -0.113542 0.000000
452.000000 0.000000 -0.050000 0.000000
454.000000 0.000000 -0.000000 0.000000
474.000000 0.000000 -0.000000 0.000000
475.000000 0.000000 -0.050000 0.000000
476.000000 0.000000 -0.113542 0.000000
477.000000 0.000000 -0.336283 0.000000
478.000000 0.000000 -0.624875 0.000000
479.000000 0.000000 -0.935971 0.000000
480.000000 0.000000 -1.226222 0.000000
481.000000 0.000000 -1.570796 0.000000
484.999969 3.141592 -0.000000 3.141592
488.999908 -0.000000 1.570796 0.000000
492.999969 0.000000 -0.000000 0.000000
497.000031 0.000000 -1.570796 0.000000
501.000092 3.141592 -0.000000 3.141592
505.000031 -0.000000 1.570796 0.000000
509.000000 0.000000 -0.000000 0.000000
513.000000 0.000000 -1.570796 0.000000
517.000000 3.141592 -0.000000 3.141592
521.000000 -0.000000 1.570796 0.000000
522.000000 0.000000 1.226222 0.000000
523.000000 0.000000 0.935971 0.000000
524.000000 0.000000 0.624875 0.000000
525.000000 0.000000 0.336283 0.000000
526.000000 0.000000 0.113542 0.000000
527.000000 0.000000 0.050000 0.000000
529.000000 0.000000 -0.000000 0.000000
589.000000 0.000000 -0.000000 0.000000
590.000000 0.000000 -0.050000 0.000000
591.000000 0.000000 -0.113542 0.000000
592.000000 0.000000 -0.336283 0.000000
593.000000 0.000000 -0.624875 0.000000
594.000000 0.000000 -0.935971 0.000000
595.000000 0.000000 -1.226222 0.000000
596.000000 0.000000 -1.570796 0.000000
600.000000 3.141592 -0.000000 3.141592
604.000000 -0.000000 1.570796 0.000000
608.000000 0.000000 -0.000000 0.000000
612.000000 0.000000 -1.570796 0.000000
616.000000 3.141592 -0.000000 3.141592
620.000000 -0.000000 1.570796 0.000000
624.000000 0.000000 -0.000000 0.000000
628.000000 0.000000 -1.570796 0.000000
632.000000 3.141592 -0.000000 3.141592
636.000000 -0.000000 1.570796 0.000000
637.000000 0.000000 1.226222 0.000000
638.000000 0.000000 0.935971 0.000000
639.000000 0.000000 0.624875 0.000000
640.000000 0.000000 0.336283 0.000000
641.000000 0.000000 0.113542 0.000000
642.000000 0.000000 0.050000 0.000000
644.000000 0.000000 -0.000000 0.000000
709.000000 0.000000 -0.000000 0.000000
710.000000 0.000000 0.050000 0.000000
711.000000 0.000000 0.113542 0.000000
712.000000 0.000000 0.336283 0.000000
713.000000 0.000000 0.624875 0.000000
714.000000 0.000000 0.935971 0.000000
715.000000 0.000000 1.226222 0.000000
716.000000 -0.000000 1.570796 0.000000
720.000000 3.141592 -0.000000 -3.141592
724.000000 0.000000 -1.570796 0.000000
728.000000 0.000000 -0.000000 0.000000
732.000000 -0.000000 1.570796 0.000000
736.000000 -3.141592 -0.000000 -3.141592
740.000000 0.000000 -1.570796 0.000000
744.000000 0.000000 -0.000000 0.000000
748.000000 -0.000000 1.570796 0.000000
752.000000 -3.141592 -0.000000 -3.141592
756.000000 0.000000 -1.570796 0.000000
757.000000 0.000000 -1.226222 0.000000
758.000000 0.000000 -0.935971 0.000000
759.000000 0.000000 -0.624875 0.000000
760.000000 0.000000 -0.336283 0.000000
761.000000 0.000000 -0.113542 0.000000
762.000000 0.000000 -0.050000 0.000000
764.000000 0.000000 -0.000000 0.000000
800.000000 0.000000 0.050000 0.000000
801.000000 0.000000 0.113542 0.000000
802.000000 0.000000 0.336283 0.000000
803.000000 0.000000 0.624875 0.000000
804.000000 0.000000 0.935971 0.000000
805.000000 0.000000 1.226222 0.000000
806.000000 -0.000000 1.570796 0.000000
810.000000 3.141592 -0.000000 -3.141592
814.000000 0.000000 -1.570796 0.000000
818.000000 0.000000 -0.000000 0.000000
822.000000 -0.000000 1.570796 0.000000
826.000000 -3.141592 -0.000000 -3.141592
830.000000 0.000000 -1.570796 0.000000
834.000000 0.000000 -0.000000 0.000000
838.000000 -0.000000 1.570796 0.000000
842.000000 -3.141592 -0.000000 -3.141592
846.000000 0.000000 -1.570796 0.000000
847.000000 0.000000 -1.226222 0.000000
848.000000 0.000000 -0.935971 0.000000
849.000000 0.000000 -0.624875 0.000000
850.000000 0.000000 -0.336283 0.000000
851.000000 0.000000 -0.113542 0.000000
852.000000 0.000000 -0.050000 0.000000
854.000000 0.000000 -0.000000 0.000000
874.000000 0.000000 -0.000000 0.000000
875.000000 0.000000 -0.050000 0.000000
876.000000 0.000000 -0.113542 0.000000
877.000000 0.000000 -0.336283 0.000000
878.000000 0.000000 -0.624875 0.000000
879.000000 0.000000 -0.935971 0.000000
880.000000 0.000000 -1.226222 0.000000
881.000000 0.000000 -1.570796 0.000000
885.000000 3.141592 -0.000000 3.141592
889.000000 -0.000000 1.570796 0.000000
893.000000 0.000000 -0.000000 0.000000
897.000000 0.000000 -1.570796 0.000000
901.000000 3.141592 -0.000000 3.141592
905.000000 -0.000000 1.570796 0.000000
909.000000 0.000000 -0.000000 0.000000
913.000000 0.000000 -1.570796 0.000000
917.000000 3.141592 -0.000000 3.141592
921.000000 -0.000000 1.570796 0.000000
922.000000 0.000000 1.226222 0.000000
923.000000 0.000000 0.935971 0.000000
924.000000 0.000000 0.624875 0.000000
925.000000 0.000000 0.336283 0.000000
926.000000 0.000000 0.113542 0.000000
927.000000 0.000000 0.050000 0.000000
929.000000 0.000000 -0.000000 0.000000
989.000000 0.000000 -0.000000 0.000000
990.000000 0.000000 -0.050000 0.000000
991.000000 0.000000 -0.113542 0.000000
992.000000 0.000000 -0.336283 0.000000
992.999817 0.000000 -0.624875 0.000000
994.000061 0.000000 -0.935971 0.000000
995.000061 0.000000 -1.226222 0.000000
996.000000 0.000000 -1.570796 0.000000
999.999939 3.141592 -0.000000 3.141592
1004.000000 -0.000000 1.570796 0.000000
1007.999817 0.000000 -0.000000 0.000000
1012.000000 0.000000 -1.570796 0.000000
1015.999939 3.141592 -0.000000 3.141592
1020.000000 -0.000000 1.570796 0.000000
1024.000000 0.000000 -0.000000 0.000000
1028.000000 0.000000 -1.570796 0.000000
1032.000000 3.141592 -0.000000 3.141592
1036.000000 -0.000000 1.570796 0.000000
1037.000000 0.000000 1.226222 0.000000
1038.000000 0.000000 0.935971 0.000000
1039.000000 0.000000 0.624875 0.000000
1040.000000 0.000000 0.336283 0.000000
1041.000000 0.000000 0.113542 0.000000
1042.000000 0.000000 0.050000 0.000000
1044.000000 0.000000 -0.000000 0.000000
1109.000000 0.000000 -0.000000 0.000000
1110.000000 0.000000 0.050000 0.000000
1111.000000 0.000000 0.113542 0.000000
1112.000000 0.000000 0.336283 0.000000
1113.000000 0.000000 0.624875 0.000000
1114.000000 0.000000 0.935971 0.000000
1115.000000 0.000000 1.226222 0.000000
1116.000000 -0.000000 1.570796 0.000000
1120.000000 3.141592 -0.000000 -3.141592
1124.000000 0.000000 -1.570796 0.000000
1128.000000 0.000000 -0.000000 0.000000
1132.000000 -0.000000 1.570796 0.000000
1136.000000 -3.141592 -0.000000 -3.141592
1140.000000 0.000000 -1.570796 0.000000
1144.000000 0.000000 -0.000000 0.000000
1148.000000 -0.000000 1.570796 0.000000
1152.000000 -3.141592 -0.000000 -3.141592
1156.000000 0.000000 -1.570796 0.000000
1157.000000 0.000000 -1.226222 0.000000
1158.000000 0.000000 -0.935971 0.000000
1159.000000 0.000000 -0.624875 0.000000
1160.000000 0.000000 -0.336283 0.000000
1161.000000 0.000000 -0.113542 0.000000
1162.000000 0.000000 -0.050000 0.000000
1164.000000 0.000000 -0.000000 0.000000
1200.000000 0.000000 -0.000000 0.000000
"Abajo2"
"EjeBichitos"
8 0.000000 0.000000 0.000000 0.000000 -0.000000 0.000000
50
0.000000 0.000000 0.000000 -33.000000
1.000000 0.000000 0.000000 -33.000000
25.000000 0.000000 0.000000 -33.000000
50.000000 0.000000 0.000000 -33.000000
75.000000 0.000000 0.000000 -33.000000
100.000000 0.000000 0.000000 -33.000000
124.999992 0.000000 0.000000 -33.000000
150.000000 0.000000 0.000000 -33.000000
175.000000 0.000000 0.000000 -33.000000
200.000000 0.000000 0.000000 -33.000000
225.000000 0.000000 0.000000 -33.000000
249.999985 0.000000 0.000000 -33.000000
275.000000 0.000000 0.000000 -33.000000
300.000000 0.000000 0.000000 -33.000000
325.000000 0.000000 0.000000 -33.000000
350.000000 0.000000 0.000000 -33.000000
375.000000 0.000000 0.000000 -33.000000
400.000000 0.000000 0.000000 -33.000000
425.000000 0.000000 0.000000 -33.000000
450.000000 0.000000 0.000000 -33.000000
475.000000 0.000000 0.000000 -33.000000
499.999969 0.000000 0.000000 -33.000000
525.000000 0.000000 0.000000 -33.000000
550.000000 0.000000 0.000000 -33.000000
575.000000 0.000000 0.000000 -33.000000
600.000000 0.000000 0.000000 -33.000000
625.000000 0.000000 0.000000 -33.000000
650.000000 0.000000 0.000000 -33.000000
675.000000 0.000000 0.000000 -33.000000
700.000000 0.000000 0.000000 -33.000000
725.000000 0.000000 0.000000 -33.000000
750.000000 0.000000 0.000000 -33.000000
775.000000 0.000000 0.000000 -33.000000
800.000000 0.000000 0.000000 -33.000000
825.000000 0.000000 0.000000 -33.000000
850.000000 0.000000 0.000000 -33.000000
875.000000 0.000000 0.000000 -33.000000
900.000000 0.000000 0.000000 -33.000000
925.000000 0.000000 0.000000 -33.000000
950.000000 0.000000 0.000000 -33.000000
975.000000 0.000000 0.000000 -33.000000
999.999939 0.000000 0.000000 -33.000000
1025.000000 0.000000 0.000000 -33.000000
1050.000000 0.000000 0.000000 -33.000000
1075.000000 0.000000 0.000000 -33.000000
1100.000000 0.000000 0.000000 -33.000000
1125.000000 0.000000 0.000000 -33.000000
1150.000000 0.000000 0.000000 -33.000000
1175.000000 0.000000 0.000000 -33.000000
1200.000000 0.000000 0.000000 -33.000000
50
0.000000 0.000000 -0.000000 0.000000
1.000000 0.000000 -0.062832 0.000000
25.000000 0.000000 -1.570796 0.000000
50.000000 3.141592 -0.000000 3.141592
75.000000 -0.000000 1.570796 0.000000
100.000000 0.000000 -0.000000 0.000000
124.999992 0.000000 -1.570796 0.000000
150.000000 3.141592 -0.000000 3.141592
175.000000 -0.000000 1.570796 0.000000
200.000000 0.000000 -0.000000 0.000000
225.000000 0.000000 -1.570796 0.000000
249.999985 3.141592 -0.000000 3.141592
275.000000 -0.000000 1.570796 0.000000
300.000000 0.000000 -0.000000 0.000000
325.000000 0.000000 -1.570796 0.000000
350.000000 3.141592 -0.000000 3.141592
375.000000 -0.000000 1.570796 0.000000
400.000000 0.000000 -0.000000 0.000000
425.000000 0.000000 -1.570796 0.000000
450.000000 3.141592 -0.000000 3.141592
475.000000 -0.000000 1.570796 0.000000
499.999969 0.000000 -0.000000 0.000000
525.000000 0.000000 -1.570796 0.000000
550.000000 3.141592 -0.000000 3.141592
575.000000 -0.000000 1.570796 0.000000
600.000000 0.000000 -0.000000 0.000000
625.000000 0.000000 -1.570796 0.000000
650.000000 3.141592 -0.000000 3.141592
675.000000 -0.000000 1.570796 0.000000
700.000000 0.000000 -0.000000 0.000000
725.000000 0.000000 -1.570796 0.000000
750.000000 3.141592 -0.000000 3.141592
775.000000 -0.000000 1.570796 0.000000
800.000000 0.000000 -0.000000 0.000000
825.000000 0.000000 -1.570796 0.000000
850.000000 3.141592 -0.000000 3.141592
875.000000 -0.000000 1.570796 0.000000
900.000000 0.000000 -0.000000 0.000000
925.000000 0.000000 -1.570796 0.000000
950.000000 3.141592 -0.000000 3.141592
975.000000 -0.000000 1.570796 0.000000
999.999939 0.000000 -0.000000 0.000000
1025.000000 0.000000 -1.570796 0.000000
1050.000000 3.141592 -0.000000 3.141592
1075.000000 -0.000000 1.570796 0.000000
1100.000000 0.000000 -0.000000 0.000000
1125.000000 0.000000 -1.570796 0.000000
1150.000000 3.141592 -0.000000 3.141592
1175.000000 -0.000000 1.570796 0.000000
1200.000000 0.000000 -0.000000 0.000000
GroupComments: 0
MaterialComments: 0
BoneComments: 0
ModelComment: 0
