// MilkShape 3D ASCII

Frames: 30
Frame: 1

Meshes: 1
"Regroup" 0 0
4
0 -5.926170 5.956796 -0.018156 0 0 6
0 -5.926170 -5.956796 -0.018156 0 1 5
0 5.926170 -5.956796 -0.018156 1 1 7
0 5.926170 5.956796 -0.018156 1 0 8
1
0 0 1
2
0 0 1 2 0 0 0 1
0 0 2 3 0 0 0 1

Materials: 1
"I"
1 1 1 1
0.800000 0.800000 0.800000 1
0.500000 0.500000 0.500000 1
1 1 1 1
0.185600
1
"Tex_0009_0.png"
""

Bones: 9
"CamaraRotacion"
""
8 0 0 0 0 -0 0
1
0 0 0 0
1
0 0 0 0
"CamaraTraslado"
"CamaraRotacion"
8 0 0 0 0 -0 0
1
0 0 0 0
1
0 0 0 0
"Rotación"
"CamaraTraslado"
8 0 0 0 0 -0 0
1
0 0 0 0
1
0 0 0 0
"Padre"
"CamaraTraslado"
8 0 0 0 0 -0 0
1
0 0 0 -0.001893
1
0 0 -0 0
"Boom"
"Padre"
8 0 0 0 0 -0 0
1
0 0 0 0
1
0 0 -0 0
"Boom11"
"Boom"
24 0 0 0 0 -0 0
46
0.000001 2.345987 2.368457 0
1 1.293653 1.359883 0
1.333333 0.237850 0.313163 0
2 -0.022030 -0.050887 0
2.666666 -0.012449 -0.064059 0
3.333333 0.003120 0.074838 0
4 0.047726 0.100787 0
4.666666 0.052263 0.115306 0
5.333333 0.056800 0.129825 0
6 0.096728 0.166123 0
6.666666 0.134840 0.202422 0
7.333333 0.165693 0.238719 0
8 0.201991 0.271386 0
8.666666 0.250992 0.318572 0
9.333333 0.305439 0.360314 0
10 0.334477 0.405686 0
10.666666 0.397998 0.469207 0
11.333333 0.447000 0.523654 0
12 0.492372 0.569026 0
12.666666 0.563152 0.636178 0
13.333332 0.612154 0.683364 0
14 0.681119 0.752330 0
14.666666 0.728306 0.797702 0
15.333334 0.800901 0.872111 0
16 0.866237 0.919299 0
16.666666 0.926128 0.999154 0
17.333332 0.986019 1.062675 0
18 1.056799 1.131640 0
18.666666 1.125764 1.202422 0
19.333332 1.198359 1.267756 0
20 1.267325 1.340352 0
20.666666 1.341735 1.412948 0
21.333332 1.379848 1.481912 0
22 1.501445 1.558135 0
22.666666 1.554077 1.625285 0
23.333332 1.643006 1.714215 0
24 1.713786 1.777736 0
24.666668 1.793641 1.859406 0
25.333332 1.853532 1.928370 0
26 1.947906 1.999150 0
26.666664 2.016871 2.069930 0
27.333332 2.087652 2.111672 0
28 2.160247 2.218751 0
28.666666 2.227398 2.280457 0
29.333332 2.283478 2.322814 0
30 2.345987 2.368457 0
1
1 0 -0 0
"Boom12"
"Boom"
24 0 0 0 0 -0 0
46
0.000001 2.345987 -2.368457 0
1 1.293653 -1.359883 0
1.333333 0.237850 -0.313163 0
2 -0.022030 0.050887 0
2.666666 -0.012449 0.064059 0
3.333333 0.003120 -0.074838 0
4 0.047726 -0.100787 0
4.666666 0.052263 -0.115306 0
5.333333 0.056800 -0.129825 0
6 0.096728 -0.166123 0
6.666666 0.134840 -0.202422 0
7.333333 0.165693 -0.238719 0
8 0.201991 -0.271386 0
8.666666 0.250992 -0.318572 0
9.333333 0.305439 -0.360314 0
10 0.334477 -0.405686 0
10.666666 0.397998 -0.469207 0
11.333333 0.447000 -0.523654 0
12 0.492372 -0.569026 0
12.666666 0.563152 -0.636178 0
13.333332 0.612154 -0.683364 0
14 0.681119 -0.752330 0
14.666666 0.728306 -0.797702 0
15.333334 0.800901 -0.872111 0
16 0.866237 -0.919299 0
16.666666 0.926128 -0.999154 0
17.333332 0.986019 -1.062675 0
18 1.056799 -1.131640 0
18.666666 1.125764 -1.202422 0
19.333332 1.198359 -1.267756 0
20 1.267325 -1.340352 0
20.666666 1.341735 -1.412948 0
21.333332 1.379848 -1.481912 0
22 1.501445 -1.558135 0
22.666666 1.554077 -1.625285 0
23.333332 1.643006 -1.714215 0
24 1.713786 -1.777736 0
24.666668 1.793641 -1.859406 0
25.333332 1.853532 -1.928370 0
26 1.947906 -1.999150 0
26.666664 2.016871 -2.069930 0
27.333332 2.087652 -2.111672 0
28 2.160247 -2.218751 0
28.666666 2.227398 -2.280457 0
29.333332 2.283478 -2.322814 0
30 2.345987 -2.368457 0
1
1 0 -0 0
"Boom13"
"Boom"
24 0 0 0 0 -0 0
46
0.000001 -2.345987 2.368457 0
1 -1.293653 1.359883 0
1.333333 -0.237850 0.313163 0
2 0.022030 -0.050887 0
2.666666 0.012449 -0.064059 0
3.333333 -0.003120 0.074838 0
4 -0.047726 0.100787 0
4.666666 -0.052263 0.115306 0
5.333333 -0.056800 0.129825 0
6 -0.096728 0.166123 0
6.666666 -0.134840 0.202422 0
7.333333 -0.165693 0.238719 0
8 -0.201991 0.271386 0
8.666666 -0.250992 0.318572 0
9.333333 -0.305439 0.360314 0
10 -0.334477 0.405686 0
10.666666 -0.397998 0.469207 0
11.333333 -0.447000 0.523654 0
12 -0.492372 0.569026 0
12.666666 -0.563152 0.636178 0
13.333332 -0.612154 0.683364 0
14 -0.681119 0.752330 0
14.666666 -0.728306 0.797702 0
15.333334 -0.800901 0.872111 0
16 -0.866237 0.919299 0
16.666666 -0.926128 0.999154 0
17.333332 -0.986019 1.062675 0
18 -1.056799 1.131640 0
18.666666 -1.125764 1.202422 0
19.333332 -1.198359 1.267756 0
20 -1.267325 1.340352 0
20.666666 -1.341735 1.412948 0
21.333332 -1.379848 1.481912 0
22 -1.501445 1.558135 0
22.666666 -1.554077 1.625285 0
23.333332 -1.643006 1.714215 0
24 -1.713786 1.777736 0
24.666668 -1.793641 1.859406 0
25.333332 -1.853532 1.928370 0
26 -1.947906 1.999150 0
26.666664 -2.016871 2.069930 0
27.333332 -2.087652 2.111672 0
28 -2.160247 2.218751 0
28.666666 -2.227398 2.280457 0
29.333332 -2.283478 2.322814 0
30 -2.345987 2.368457 0
1
1 0 -0 0
"Boom14"
"Boom"
24 0 0 0 0 -0 0
46
0.000001 -2.345987 -2.368457 0
1 -1.293653 -1.359883 0
1.333333 -0.237850 -0.313163 0
2 0.022030 0.050887 0
2.666666 0.012449 0.064059 0
3.333333 -0.003120 -0.074838 0
4 -0.047726 -0.100787 0
4.666666 -0.052263 -0.115306 0
5.333333 -0.056800 -0.129825 0
6 -0.096728 -0.166123 0
6.666666 -0.134840 -0.202422 0
7.333333 -0.165693 -0.238719 0
8 -0.201991 -0.271386 0
8.666666 -0.250992 -0.318572 0
9.333333 -0.305439 -0.360314 0
10 -0.334477 -0.405686 0
10.666666 -0.397998 -0.469207 0
11.333333 -0.447000 -0.523654 0
12 -0.492372 -0.569026 0
12.666666 -0.563152 -0.636178 0
13.333332 -0.612154 -0.683364 0
14 -0.681119 -0.752330 0
14.666666 -0.728306 -0.797702 0
15.333334 -0.800901 -0.872111 0
16 -0.866237 -0.919299 0
16.666666 -0.926128 -0.999154 0
17.333332 -0.986019 -1.062675 0
18 -1.056799 -1.131640 0
18.666666 -1.125764 -1.202422 0
19.333332 -1.198359 -1.267756 0
20 -1.267325 -1.340352 0
20.666666 -1.341735 -1.412948 0
21.333332 -1.379848 -1.481912 0
22 -1.501445 -1.558135 0
22.666666 -1.554077 -1.625285 0
23.333332 -1.643006 -1.714215 0
24 -1.713786 -1.777736 0
24.666668 -1.793641 -1.859406 0
25.333332 -1.853532 -1.928370 0
26 -1.947906 -1.999150 0
26.666664 -2.016871 -2.069930 0
27.333332 -2.087652 -2.111672 0
28 -2.160247 -2.218751 0
28.666666 -2.227398 -2.280457 0
29.333332 -2.283478 -2.322814 0
30 -2.345987 -2.368457 0
1
1 0 -0 0
GroupComments: 0
MaterialComments: 0
BoneComments: 0
ModelComment: 0
