// MilkShape 3D ASCII

Frames: 30
Frame: 1

Meshes: 1
"11" 0 0
169
0 6.125248 -3.914642 -29.658073 0.053040 1.935059 1
0 5.990664 -3.511646 -29.155807 0.053040 1.991699 1
0 17.622478 -3.914642 -23.020157 0.438477 1.935059 1
0 17.254808 -3.511646 -22.652470 0.438477 1.991699 1
0 17.622478 -3.914642 -23.020157 0.053040 1.935059 1
0 17.254808 -3.511646 -22.652470 0.053040 1.991699 1
0 24.260410 -3.914638 -11.522905 0.438477 1.935059 1
0 23.758152 -3.511646 -11.388327 0.438477 1.991699 1
0 -7.150614 -3.914642 -29.658073 0.053040 1.935059 1
0 -7.016036 -3.511655 -29.155815 0.053040 1.991699 1
0 6.125248 -3.914642 -29.658073 0.438477 1.935059 1
0 5.990664 -3.511646 -29.155807 0.438477 1.991699 1
0 24.260410 -3.914638 -11.522905 0.053040 1.935059 1
0 23.758152 -3.511646 -11.388327 0.053040 1.991699 1
0 24.260410 -3.914638 1.752947 0.438477 1.935059 1
0 23.758152 -3.511646 1.618363 0.438477 1.991699 1
0 24.260410 -3.914638 1.752947 0.053040 1.935059 1
0 23.758152 -3.511646 1.618363 0.053040 1.991699 1
0 17.622463 -3.914642 13.250174 0.438477 1.935059 1
0 17.254803 -3.511646 12.882497 0.438477 1.991699 1
0 -18.647844 -3.914642 -23.020157 0.053040 1.935059 1
0 -18.280167 -3.511646 -22.652470 0.053040 1.991699 1
0 -7.150614 -3.914642 -29.658073 0.438477 1.935059 1
0 -7.016036 -3.511655 -29.155815 0.438477 1.991699 1
0 17.622463 -3.914642 13.250174 0.053040 1.935059 1
0 17.254803 -3.511646 12.882497 0.053040 1.991699 1
0 6.125248 -3.914642 19.888092 0.438477 1.935059 1
0 5.990668 -3.511655 19.385841 0.438477 1.991699 1
0 6.125248 -3.914642 19.888092 0.053040 1.935059 1
0 5.990668 -3.511655 19.385841 0.053040 1.991699 1
0 -7.150614 -3.914642 19.888092 0.438477 1.935059 1
0 -7.016027 -3.511646 19.385841 0.438477 1.991699 1
0 -25.285778 -3.914638 -11.522905 0.053040 1.935059 1
0 -24.783520 -3.511646 -11.388327 0.053040 1.991699 1
0 -18.647844 -3.914642 -23.020157 0.438477 1.935059 1
0 -18.280167 -3.511646 -22.652470 0.438477 1.991699 1
0 -7.150614 -3.914642 19.888092 0.053040 1.935059 1
0 -7.016027 -3.511646 19.385841 0.053040 1.991699 1
0 -18.647844 -3.914642 13.250174 0.438477 1.935059 1
0 -18.280169 -3.511646 12.882497 0.438477 1.991699 1
0 -18.647844 -3.914642 13.250174 0.053040 1.935059 1
0 -18.280169 -3.511646 12.882497 0.053040 1.991699 1
0 -25.285778 -3.914638 1.752947 0.438477 1.935059 1
0 -24.783520 -3.511646 1.618363 0.438477 1.991699 1
0 -25.285778 -3.914638 1.752947 0.053040 1.935059 1
0 -24.783520 -3.511646 1.618363 0.053040 1.991699 1
0 -25.285778 -3.914638 -11.522905 0.438477 1.935059 1
0 -24.783520 -3.511646 -11.388327 0.438477 1.991699 1
0 5.923792 -3.845028 -28.906231 0.053040 1.991699 1
0 17.072104 -3.845028 -22.469769 0.438477 1.991699 1
0 17.439770 -3.805359 -22.837452 0.438477 1.935059 1
0 6.058377 -3.805359 -29.408504 0.053040 1.935059 1
0 17.072104 -3.845028 -22.469769 0.053040 1.991699 1
0 23.508568 -3.845028 -11.321453 0.438477 1.991699 1
0 24.010830 -3.805359 -11.456032 0.438477 1.935059 1
0 17.439770 -3.805359 -22.837452 0.053040 1.935059 1
0 -6.949156 -3.845028 -28.906231 0.053040 1.991699 1
0 5.923792 -3.845028 -28.906231 0.438477 1.991699 1
0 6.058377 -3.805359 -29.408504 0.438477 1.935059 1
0 -7.083737 -3.805359 -29.408504 0.053040 1.935059 1
0 23.508568 -3.845028 -11.321453 0.053040 1.991699 1
0 23.508568 -3.845028 1.551491 0.438477 1.991699 1
0 24.010830 -3.805359 1.686071 0.438477 1.935059 1
0 24.010830 -3.805359 -11.456032 0.053040 1.935059 1
0 23.508568 -3.845028 1.551491 0.053040 1.991699 1
0 17.072104 -3.845028 12.699798 0.438477 1.991699 1
0 17.439770 -3.805359 13.067467 0.438477 1.935059 1
0 24.010830 -3.805359 1.686071 0.053040 1.935059 1
0 -18.097464 -3.845028 -22.469769 0.053040 1.991699 1
0 -6.949156 -3.845028 -28.906231 0.438477 1.991699 1
0 -7.083737 -3.805359 -29.408504 0.438477 1.935059 1
0 -18.465139 -3.805359 -22.837452 0.053040 1.935059 1
0 17.072104 -3.845028 12.699798 0.053040 1.991699 1
0 5.923792 -3.845028 19.136265 0.438477 1.991699 1
0 6.058377 -3.805359 19.638527 0.438477 1.935059 1
0 17.439770 -3.805359 13.067467 0.053040 1.935059 1
0 5.923792 -3.845028 19.136265 0.053040 1.991699 1
0 -6.949156 -3.845028 19.136265 0.438477 1.991699 1
0 -7.083737 -3.805359 19.638527 0.438477 1.935059 1
0 6.058377 -3.805359 19.638527 0.053040 1.935059 1
0 -24.533926 -3.845028 -11.321453 0.053040 1.991699 1
0 -18.097464 -3.845028 -22.469769 0.438477 1.991699 1
0 -18.465139 -3.805359 -22.837452 0.438477 1.935059 1
0 -25.036198 -3.805359 -11.456032 0.053040 1.935059 1
0 -6.949156 -3.845028 19.136265 0.053040 1.991699 1
0 -18.097464 -3.845028 12.699798 0.438477 1.991699 1
0 -18.465139 -3.805359 13.067467 0.438477 1.935059 1
0 -7.083737 -3.805359 19.638527 0.053040 1.935059 1
0 -18.097464 -3.845028 12.699798 0.053040 1.991699 1
0 -24.533926 -3.845028 1.551491 0.438477 1.991699 1
0 -25.036198 -3.805359 1.686071 0.438477 1.935059 1
0 -18.465139 -3.805359 13.067467 0.053040 1.935059 1
0 -24.533926 -3.845028 1.551491 0.053040 1.991699 1
0 -24.533926 -3.845028 -11.321453 0.438477 1.991699 1
0 -25.036198 -3.805359 -11.456032 0.438477 1.935059 1
0 -25.036198 -3.805359 1.686071 0.053040 1.935059 1
0 -0.512682 -3.845028 -4.884985 0.465088 1.021866 1
0 5.577229 -3.845028 -10.974892 0.320801 1.317139 1
0 1.716380 -3.845028 -13.203960 0.627930 1.317139 1
0 11.667136 -3.845028 -17.064819 0.166504 1.612305 1
0 3.945443 -3.845028 -21.522945 0.782227 1.612305 1
0 17.072104 -3.845028 -22.469769 0.004883 1.902832 1
0 5.923792 -3.845028 -28.906231 0.933594 1.902832 1
0 7.806293 -3.845028 -7.114042 0.320801 1.317139 1
0 5.577229 -3.845028 -10.974892 0.627930 1.317139 1
0 16.125263 -3.845028 -9.343098 0.166504 1.612305 1
0 11.667136 -3.845028 -17.064819 0.782227 1.612305 1
0 23.508568 -3.845028 -11.321453 0.004883 1.902832 1
0 17.072104 -3.845028 -22.469769 0.933594 1.902832 1
0 1.716380 -3.845028 -13.203960 0.320801 1.317139 1
0 -2.741744 -3.845028 -13.203960 0.627930 1.317139 1
0 3.945443 -3.845028 -21.522945 0.166504 1.612305 1
0 -4.970805 -3.845028 -21.522945 0.782227 1.612305 1
0 5.923792 -3.845028 -28.906231 0.004883 1.902832 1
0 -6.949156 -3.845028 -28.906231 0.933594 1.902832 1
0 7.806293 -3.845028 -2.655921 0.320801 1.317139 1
0 7.806293 -3.845028 -7.114042 0.627930 1.317139 1
0 16.125263 -3.845028 -0.426857 0.166504 1.612305 1
0 16.125263 -3.845028 -9.343098 0.782227 1.612305 1
0 23.508568 -3.845028 1.551491 0.004883 1.902832 1
0 23.508568 -3.845028 -11.321453 0.933594 1.902832 1
0 5.577229 -3.845028 1.204926 0.320801 1.317139 1
0 7.806293 -3.845028 -2.655921 0.627930 1.317139 1
0 11.667136 -3.845028 7.294838 0.166504 1.612305 1
0 16.125263 -3.845028 -0.426857 0.782227 1.612305 1
0 17.072104 -3.845028 12.699798 0.004883 1.902832 1
0 23.508568 -3.845028 1.551491 0.933594 1.902832 1
0 -2.741744 -3.845028 -13.203960 0.320801 1.317139 1
0 -6.602596 -3.845028 -10.974892 0.627930 1.317139 1
0 -4.970805 -3.845028 -21.522945 0.166504 1.612305 1
0 -12.692505 -3.845028 -17.064819 0.782227 1.612305 1
0 -6.949156 -3.845028 -28.906231 0.004883 1.902832 1
0 -18.097464 -3.845028 -22.469769 0.933594 1.902832 1
0 1.716380 -3.845028 3.433990 0.320801 1.317139 1
0 5.577229 -3.845028 1.204926 0.627930 1.317139 1
0 3.945443 -3.845028 11.752963 0.166504 1.612305 1
0 11.667136 -3.845028 7.294838 0.782227 1.612305 1
0 5.923792 -3.845028 19.136265 0.004883 1.902832 1
0 17.072104 -3.845028 12.699798 0.933594 1.902832 1
0 -2.741744 -3.845028 3.433990 0.320801 1.317139 1
0 1.716380 -3.845028 3.433990 0.627930 1.317139 1
0 -4.970805 -3.845028 11.752963 0.166504 1.612305 1
0 3.945443 -3.845028 11.752963 0.782227 1.612305 1
0 -6.949156 -3.845028 19.136265 0.004883 1.902832 1
0 5.923792 -3.845028 19.136265 0.933594 1.902832 1
0 -6.602596 -3.845028 -10.974892 0.320801 1.317139 1
0 -8.831653 -3.845028 -7.114042 0.627930 1.317139 1
0 -12.692505 -3.845028 -17.064819 0.166504 1.612305 1
0 -17.150627 -3.845028 -9.343098 0.782227 1.612305 1
0 -18.097464 -3.845028 -22.469769 0.004883 1.902832 1
0 -24.533926 -3.845028 -11.321453 0.933594 1.902832 1
0 -6.602596 -3.845028 1.204926 0.320801 1.317139 1
0 -2.741744 -3.845028 3.433990 0.627930 1.317139 1
0 -12.692505 -3.845028 7.294838 0.166504 1.612305 1
0 -4.970805 -3.845028 11.752963 0.782227 1.612305 1
0 -18.097464 -3.845028 12.699798 0.004883 1.902832 1
0 -6.949156 -3.845028 19.136265 0.933594 1.902832 1
0 -8.831653 -3.845028 -2.655921 0.320801 1.317139 1
0 -6.602596 -3.845028 1.204926 0.627930 1.317139 1
0 -17.150627 -3.845028 -0.426857 0.166504 1.612305 1
0 -12.692505 -3.845028 7.294838 0.782227 1.612305 1
0 -24.533926 -3.845028 1.551491 0.004883 1.902832 1
0 -18.097464 -3.845028 12.699798 0.933594 1.902832 1
0 -8.831653 -3.845028 -7.114042 0.320801 1.317139 1
0 -8.831653 -3.845028 -2.655921 0.627930 1.317139 1
0 -17.150627 -3.845028 -9.343098 0.166504 1.612305 1
0 -17.150627 -3.845028 -0.426857 0.782227 1.612305 1
0 -24.533926 -3.845028 -11.321453 0.004883 1.902832 1
0 -24.533926 -3.845028 1.551491 0.933594 1.902832 1
91
-0.082681 -0.986233 0.143207
0.102251 0.978866 -0.177104
0.398643 0.603598 -0.690473
-0.221058 0.896958 0.382884
-0.143174 -0.986239 0.082662
0.177108 0.978865 -0.102253
0.690482 0.603584 -0.398649
-0.382879 0.896960 0.221055
0 -0.986230 0.165380
-0 0.978866 -0.204505
-0 0.603615 -0.797276
-0 0.896963 0.442107
-0.165320 -0.986240 0
0.204506 0.978865 0
0.797296 0.603589 0
-0.442105 0.896963 0
-0.143194 -0.986236 -0.082673
0.177113 0.978864 0.102257
0.690475 0.603593 0.398646
-0.382880 0.896960 -0.221056
0.082679 -0.986233 0.143205
-0.102249 0.978867 -0.177103
-0.398639 0.603612 -0.690464
0.221053 0.896963 0.382875
-0.082679 -0.986234 -0.143204
0.102253 0.978865 0.177109
0.398642 0.603601 0.690471
-0.221057 0.896959 -0.382882
0 -0.986229 -0.165384
0 0.978864 0.204511
0.000001 0.603603 0.797285
0 0.896961 -0.442109
0.143183 -0.986238 0.082667
-0.177110 0.978865 -0.102255
-0.690473 0.603597 -0.398644
0.382875 0.896963 0.221053
0.082677 -0.986234 -0.143200
-0.102254 0.978865 0.177110
-0.398648 0.603586 0.690481
0.221058 0.896957 -0.382885
0.143176 -0.986239 -0.082663
-0.177107 0.978865 0.102253
-0.690481 0.603584 0.398650
0.382876 0.896963 -0.221053
0.165320 -0.986240 0
-0.204509 0.978865 0
-0.797296 0.603589 0
0.442092 0.896970 0
-0.400264 0.599292 0.693280
-0.400264 0.599292 0.693280
-0.200554 -0.916030 0.347371
-0.200559 -0.916027 0.347378
-0.693276 0.599299 0.400262
-0.693273 0.599303 0.400260
-0.347358 -0.916037 0.200547
-0.347361 -0.916035 0.200549
-0 0.599304 0.800521
0 0.599293 0.800530
0 -0.916027 0.401117
-0.800521 0.599305 0
-0.401089 -0.916039 0
-0.693279 0.599294 -0.400264
-0.693284 0.599286 -0.400267
-0.347364 -0.916034 -0.200551
-0.347353 -0.916039 -0.200544
0.400260 0.599305 0.693272
0.400255 0.599319 0.693263
0.200554 -0.916031 0.347370
0.200551 -0.916033 0.347365
-0.400264 0.599295 -0.693278
-0.400260 0.599305 -0.693272
-0.200558 -0.916028 -0.347376
-0.200554 -0.916031 -0.347370
0 0.599298 -0.800526
0 0.599293 -0.800530
0 -0.916025 -0.401122
0.693272 0.599304 0.400260
0.693280 0.599292 0.400264
0.347360 -0.916036 0.200548
0.347354 -0.916039 0.200545
0.400265 0.599290 -0.693281
0.400265 0.599290 -0.693281
0.200555 -0.916030 -0.347371
0.200559 -0.916026 -0.347378
0.693272 0.599304 -0.400260
0.693265 0.599315 -0.400256
0.347358 -0.916036 -0.200548
0.347364 -0.916034 -0.200551
0.800510 0.599320 0
0.401089 -0.916039 0
0 1 0
132
0 0 1 2 0 1 2 1
0 1 3 2 1 3 2 1
0 4 5 6 4 5 6 1
0 5 7 6 5 7 6 1
0 8 9 10 8 9 10 1
0 9 11 10 9 11 10 1
0 12 13 14 12 13 14 1
0 13 15 14 13 15 14 1
0 16 17 18 16 17 18 1
0 17 19 18 17 19 18 1
0 20 21 22 20 21 22 1
0 21 23 22 21 23 22 1
0 24 25 26 24 25 26 1
0 25 27 26 25 27 26 1
0 28 29 30 28 29 30 1
0 29 31 30 29 31 30 1
0 32 33 34 32 33 34 1
0 33 35 34 33 35 34 1
0 36 37 38 36 37 38 1
0 37 39 38 37 39 38 1
0 40 41 42 40 41 42 1
0 41 43 42 41 43 42 1
0 44 45 46 44 45 46 1
0 45 47 46 45 47 46 1
0 1 48 3 1 48 3 1
0 48 49 3 48 49 3 1
0 2 50 0 2 50 0 1
0 50 51 0 50 51 0 1
0 5 52 7 5 52 7 1
0 52 53 7 52 53 7 1
0 6 54 4 6 54 4 1
0 54 55 4 54 55 4 1
0 9 56 11 9 56 11 1
0 56 57 11 56 57 11 1
0 10 58 8 10 58 8 1
0 58 59 8 58 58 8 1
0 13 60 15 13 59 15 1
0 60 61 15 59 59 15 1
0 14 62 12 14 60 12 1
0 62 63 12 60 60 12 1
0 17 64 19 17 61 19 1
0 64 65 19 61 62 19 1
0 18 66 16 18 63 16 1
0 66 67 16 63 64 16 1
0 21 68 23 21 65 23 1
0 68 69 23 65 66 23 1
0 22 70 20 22 67 20 1
0 70 71 20 67 68 20 1
0 25 72 27 25 69 27 1
0 72 73 27 69 70 27 1
0 26 74 24 26 71 24 1
0 74 75 24 71 72 24 1
0 29 76 31 29 73 31 1
0 76 77 31 73 74 31 1
0 30 78 28 30 75 28 1
0 78 79 28 75 75 28 1
0 33 80 35 33 76 35 1
0 80 81 35 76 77 35 1
0 34 82 32 34 78 32 1
0 82 83 32 78 79 32 1
0 37 84 39 37 80 39 1
0 84 85 39 80 81 39 1
0 38 86 36 38 82 36 1
0 86 87 36 82 83 36 1
0 41 88 43 41 84 43 1
0 88 89 43 84 85 43 1
0 42 90 40 42 86 40 1
0 90 91 40 86 87 40 1
0 45 92 47 45 88 47 1
0 92 93 47 88 88 47 1
0 46 94 44 46 89 44 1
0 94 95 44 89 89 44 1
0 96 97 98 90 90 90 1
0 97 99 98 90 90 90 1
0 98 99 100 90 90 90 1
0 99 101 100 90 90 90 1
0 100 101 102 90 90 90 1
0 96 103 104 90 90 90 1
0 103 105 104 90 90 90 1
0 104 105 106 90 90 90 1
0 105 107 106 90 90 90 1
0 106 107 108 90 90 90 1
0 96 109 110 90 90 90 1
0 109 111 110 90 90 90 1
0 110 111 112 90 90 90 1
0 111 113 112 90 90 90 1
0 112 113 114 90 90 90 1
0 96 115 116 90 90 90 1
0 115 117 116 90 90 90 1
0 116 117 118 90 90 90 1
0 117 119 118 90 90 90 1
0 118 119 120 90 90 90 1
0 96 121 122 90 90 90 1
0 121 123 122 90 90 90 1
0 122 123 124 90 90 90 1
0 123 125 124 90 90 90 1
0 124 125 126 90 90 90 1
0 96 127 128 90 90 90 1
0 127 129 128 90 90 90 1
0 128 129 130 90 90 90 1
0 129 131 130 90 90 90 1
0 130 131 132 90 90 90 1
0 96 133 134 90 90 90 1
0 133 135 134 90 90 90 1
0 134 135 136 90 90 90 1
0 135 137 136 90 90 90 1
0 136 137 138 90 90 90 1
0 96 139 140 90 90 90 1
0 139 141 140 90 90 90 1
0 140 141 142 90 90 90 1
0 141 143 142 90 90 90 1
0 142 143 144 90 90 90 1
0 96 145 146 90 90 90 1
0 145 147 146 90 90 90 1
0 146 147 148 90 90 90 1
0 147 149 148 90 90 90 1
0 148 149 150 90 90 90 1
0 96 151 152 90 90 90 1
0 151 153 152 90 90 90 1
0 152 153 154 90 90 90 1
0 153 155 154 90 90 90 1
0 154 155 156 90 90 90 1
0 96 157 158 90 90 90 1
0 157 159 158 90 90 90 1
0 158 159 160 90 90 90 1
0 159 161 160 90 90 90 1
0 160 161 162 90 90 90 1
0 96 163 164 90 90 90 1
0 163 165 164 90 90 90 1
0 164 165 166 90 90 90 1
0 165 167 166 90 90 90 1
0 166 167 168 90 90 90 1

Materials: 1
"H"
1 1 1 1
0.800000 0.800000 0.800000 1
0.500000 0.500000 0.500000 1
0 0 0 1
0.185600
1
"Tex_0008_0.png"
""

Bones: 3
"CamaraRotacion"
""
8 0 0 0 0 -0 0
1
0 0 0 0
1
0 0 0 0
"CamaraTraslado"
"CamaraRotacion"
8 0 0 0 0 -0 0
1
0 0 0 0
1
0 0 0 0
"ParlanteAbajo"
"CamaraTraslado"
8 0 0 0 0 -0 0
30
1 0 0.007574 0
1.999980 0 -0.025100 0
2.999970 0 -0.044600 0
3.999960 0 -0.037740 0
4.999950 0 0.008676 0
5.999940 0 0.103562 0
6.999929 0 0.238773 0
7.999920 0 0.401896 0
8.999910 0 0.580520 0
9.999900 0 0.762235 0
10.999890 0 0.934630 0
11.999881 0 1.085294 0
12.999870 0 1.201815 0
13.999861 0 1.271783 0
14.999849 0 1.282786 0
15.999840 0 1.222415 0
16.999830 0 1.078257 0
17.999821 0 0.837903 0
18.999809 0 0.488940 0
19.999800 0 0.018959 0
20.999790 0 -0.553330 0
21.999781 0 -1.084790 0
22.999771 0 -1.401150 0
23.999762 0 -1.378800 0
24.999750 0 -1.096920 0
25.999741 0 -0.685340 0
26.999731 0 -0.273890 0
27.999722 0 -0.145210 0
28.999712 0 -0.032512 0
30 0 0.007574 0
1
0 0 -0 0
GroupComments: 0
MaterialComments: 0
BoneComments: 0
ModelComment: 0
