Meshes: 2
"1" 0 0
32
0 310.181732 132.223816 305.809357 0.251221 1.476807 1
0 310.181732 496.297302 305.809357 0.251221 1.144409 1
0 438.875610 132.223816 -4.884985 0 1.476807 1
0 438.875610 496.297302 -4.884985 0 1.144409 1
0 438.875610 -229.697510 -4.884985 0 1.807129 1
0 310.181732 -229.697510 305.809357 0.251221 1.807129 1
0 -0.512682 -441.067139 -4.884985 0.500000 2 1
0 -0.512682 -229.697510 434.503235 0.500000 1.807129 1
0 -311.207214 -229.697510 305.809357 0.752441 1.807129 1
0 -439.901031 -229.697510 -4.884985 1 1.807129 1
0 -311.207214 132.223816 305.809357 0.752441 1.476807 1
0 -439.901031 132.223816 -4.884985 1 1.476807 1
0 -439.901031 496.297302 -4.884985 1 1.144409 1
0 -311.207214 496.297302 305.809357 0.752441 1.144409 1
0 -0.512682 654.519043 -4.884985 0.500000 1 1
0 -0.512682 496.297302 434.503235 0.500000 1.144409 1
0 -0.512682 132.223816 434.503235 0.500000 1.476807 1
0 -439.901031 132.223816 -4.884985 0 1.476807 1
0 -311.207214 496.297302 -315.579559 0.250977 1.144409 1
0 -439.901031 496.297302 -4.884985 0 1.144409 1
0 -0.512682 496.297302 -444.273438 0.500000 1.144409 1
0 310.181732 496.297302 -315.579559 0.752930 1.144409 1
0 438.875610 496.297302 -4.884985 1 1.144409 1
0 310.181732 132.223816 -315.579559 0.752930 1.476807 1
0 438.875610 132.223816 -4.884985 1 1.476807 1
0 438.875610 -229.697510 -4.884985 1 1.807129 1
0 310.181732 -229.697510 -315.579559 0.751953 1.807129 1
0 -0.512682 -229.697510 -444.273438 0.500000 1.807129 1
0 -311.207214 -229.697510 -315.579559 0.251465 1.807129 1
0 -439.901031 -229.697510 -4.884985 0 1.807129 1
0 -311.207214 132.223816 -315.579559 0.250977 1.476807 1
0 -0.512682 132.223816 -444.273438 0.500000 1.476807 1
32
-0.664103 0 -0.747641
-0.687699 -0.473765 -0.550106
-0.923879 0 -0.382684
-0.762734 -0.564289 -0.315935
-0.869187 0.338958 -0.360029
-0.591042 0.548943 -0.591042
-0 1 -0
-0.094400 0.437590 -0.894206
0.565548 0.437590 -0.699050
0.869187 0.338958 -0.360029
0.797175 0 -0.603748
0.923880 0 -0.382683
0.859487 -0.366793 -0.356011
0.550106 -0.473765 -0.687699
-0 -1 -0
-0.097293 -0.473765 -0.875261
0.136774 0 -0.990602
0.923880 0 0.382683
0.687699 -0.473765 0.550106
0.762734 -0.564289 0.315934
0.097293 -0.473765 0.875261
-0.550106 -0.473765 0.687699
-0.859487 -0.366793 0.356011
-0.747641 0 0.664103
-0.923880 0 0.382683
-0.869187 0.338958 0.360029
-0.591042 0.548943 0.591042
-0.094400 0.437590 0.894206
0.658786 0.363322 0.658785
0.789859 0.518732 0.327170
0.646314 0 0.763071
-0 0 1
48
0 0 1 2 0 1 2 1
0 1 3 2 1 3 2 1
0 2 4 0 2 4 0 1
0 0 4 5 0 4 5 1
0 4 6 5 4 6 5 1
0 5 6 7 5 6 7 1
0 7 6 8 7 6 8 1
0 6 9 8 6 9 8 1
0 8 9 10 8 9 10 1
0 9 11 10 9 11 10 1
0 11 12 10 11 12 10 1
0 10 12 13 10 12 13 1
0 12 14 13 12 14 13 1
0 13 14 15 13 14 15 1
0 15 14 1 15 14 1 1
0 14 3 1 14 3 1 1
0 1 0 15 1 0 15 1
0 0 16 15 0 16 15 1
0 15 16 13 15 16 13 1
0 13 16 10 13 16 10 1
0 10 16 8 10 16 8 1
0 8 16 7 8 16 7 1
0 16 0 7 16 0 7 1
0 7 0 5 7 0 5 1
0 17 18 19 17 18 19 1
0 19 18 14 19 18 14 1
0 18 20 14 18 20 14 1
0 20 21 14 20 21 14 1
0 14 21 22 14 21 22 1
0 21 23 22 21 23 22 1
0 22 23 24 22 23 24 1
0 24 23 25 24 23 25 1
0 23 26 25 23 26 25 1
0 25 26 6 25 26 6 1
0 26 27 6 26 27 6 1
0 27 28 6 27 28 6 1
0 6 28 29 6 28 29 1
0 28 17 29 28 17 29 1
0 18 17 30 18 17 30 1
0 17 28 30 17 28 30 1
0 30 28 31 30 28 31 1
0 28 27 31 28 27 31 1
0 31 27 23 31 27 23 1
0 27 26 23 27 26 23 1
0 23 21 31 23 21 31 1
0 21 20 31 21 20 31 1
0 31 20 30 31 20 30 1
0 20 18 30 20 18 30 1
"2" 0 1
30
0 64.725960 168.024414 393.055420 1 1.476807 2
0 323.700226 168.024414 232.164032 0.752930 1.476807 2
0 64.725960 -160.093262 393.055420 1 1.807129 2
0 323.700226 -160.093262 232.164032 0.751953 1.807129 2
0 393.055359 -160.093262 -64.725883 0.500000 1.807129 2
0 393.055359 168.024414 -64.725883 0.500000 1.476807 2
0 232.163971 -160.093262 -323.700073 0.251465 1.807129 2
0 232.163971 168.024414 -323.700073 0.250977 1.476807 2
0 -64.725998 498.093262 -393.055389 0 1.144409 2
0 -64.725998 168.024414 -393.055389 0 1.476807 2
0 232.163971 498.093262 -323.700073 0.250977 1.144409 2
0 393.055359 498.093262 -64.725883 0.500000 1.144409 2
0 323.700226 498.093262 232.164032 0.752930 1.144409 2
0 64.725960 498.093262 393.055420 1 1.144409 2
0 -64.725998 -160.093262 -393.055389 0 1.807129 2
0 64.725960 168.024414 393.055420 0 1.476807 2
0 64.725960 -160.093262 393.055420 0 1.807129 2
0 -232.163879 168.024414 323.700348 0.251221 1.476807 2
0 -232.163879 -160.093262 323.700348 0.251221 1.807129 2
0 -393.055237 -160.093262 64.726112 0.500000 1.807129 2
0 -393.055237 168.024414 64.726112 0.500000 1.476807 2
0 -323.700104 -160.093262 -232.163757 0.752441 1.807129 2
0 -323.700104 168.024414 -232.163757 0.752441 1.476807 2
0 -64.725998 -160.093262 -393.055389 1 1.807129 2
0 -64.725998 168.024414 -393.055389 1 1.476807 2
0 64.725960 498.093262 393.055420 0 1.144409 2
0 -232.163879 498.093262 323.700348 0.251221 1.144409 2
0 -393.055237 498.093262 64.726112 0.500000 1.144409 2
0 -323.700104 498.093262 -232.163757 0.752441 1.144409 2
0 -64.725998 498.093262 -393.055389 1 1.144409 2
20
-0.527715 0 -0.849422
-0.776759 0 -0.629798
-0.812605 0 -0.582815
-0.999662 0 0.026002
-0.986711 0 0.162486
-0.582816 0 0.812604
-0.647914 0 0.761713
-0.227482 0 0.973782
-0.466196 0 0.884682
-0.955214 0 0.295915
-0.884682 0 -0.466195
0.227481 0 -0.973783
0.629798 0 -0.776759
0.582815 0 -0.812605
0.955214 0 -0.295915
0.999662 0 -0.026002
0.884682 0 0.466195
0.725255 0 0.688481
0.527716 0 0.849421
0.466195 0 -0.884682
32
0 0 1 2 0 1 0 1
0 1 3 2 1 2 0 1
0 3 1 4 2 1 3 1
0 1 5 4 1 4 3 1
0 4 5 6 3 4 5 1
0 5 7 6 4 6 5 1
0 8 9 10 7 7 8 1
0 9 7 10 7 6 8 1
0 10 7 11 8 6 9 1
0 7 5 11 6 4 9 1
0 11 5 12 9 4 10 1
0 5 1 12 4 1 10 1
0 12 1 13 10 1 0 1
0 1 0 13 1 0 0 1
0 14 6 9 7 5 7 1
0 6 7 9 5 6 7 1
0 15 16 17 11 11 12 1
0 16 18 17 11 13 12 1
0 17 18 19 12 13 14 1
0 17 19 20 12 14 15 1
0 19 21 20 14 16 15 1
0 20 21 22 15 16 17 1
0 21 23 22 16 18 17 1
0 22 23 24 17 18 18 1
0 25 15 26 11 11 19 1
0 15 17 26 11 12 19 1
0 26 17 27 19 12 14 1
0 17 20 27 12 15 14 1
0 27 20 28 14 15 16 1
0 20 22 28 15 17 16 1
0 28 22 29 16 17 18 1
0 22 24 29 17 18 18 1

Materials: 2
"F"
1 1 1 1
0.800000 0.800000 0.800000 1
0.500000 0.500000 0.500000 1
1 1 1 1
0.185600
1
"Tex_0006_0.png"
""
"J"
1 1 1 1
0.800000 0.800000 0.800000 1
0.500000 0.500000 0.500000 1
1 1 1 1
0.185600
1
"Tex_0011_0.png"
""

Bones: 3
"CamaraRotacion"
""
8 0 0 0 0 -0 0
1
0 0 0 0
1
0 0 0 0
"CamaraTraslado"
"CamaraRotacion"
8 0 0 0 0 -0 0
1
0 0 0 0
1
0 0 0 0
"Rotación"
"CamaraTraslado"
8 0 0 0 0 -0 0
1
0 0 0 0
8
0 0 -0 0
50 0 0.257424 0
99.999001 0 0.520096 0
214 0 1.120155 0
299.997009 -0 1.570796 0
599.994019 -3.141592 -0 -3.141592
899.991028 0 -1.570796 0
1200 0 -0.000001 0
GroupComments: 0
MaterialComments: 0
BoneComments: 0
ModelComment: 0
