// MilkShape 3D ASCII

Frames: 30
Frame: 1

Meshes: 1
"9" 0 3
73
0 -0.045477 -4.480768 -7.396299 0.501569 0.007423 -1
0 5.374853 -4.480768 -12.816629 0.217544 0.189576 -1
0 1.938501 -4.480768 -14.800573 0.831844 0.190016 -1
0 10.795191 -4.480768 -18.236969 0.101247 0.672448 -1
0 3.922483 -4.480768 -22.204937 0.892596 0.674434 -1
0 14.424562 -4.480768 -21.866312 -0.001506 0.991123 -1
0 5.250921 -4.480768 -27.162737 0.998203 0.992170 -1
0 7.358835 -4.480768 -9.380274 0.217544 0.189576 -1
0 5.374853 -4.480768 -12.816629 0.831844 0.190016 -1
0 14.763147 -4.480768 -11.364256 0.101247 0.672448 -1
0 10.795191 -4.480768 -18.236969 0.892596 0.674434 -1
0 19.720953 -4.480768 -12.692686 -0.001506 0.991123 -1
0 14.424562 -4.480768 -21.866312 0.998203 0.992170 -1
0 1.938501 -4.480768 -14.800573 0.217544 0.189576 -1
0 -2.029455 -4.480768 -14.800573 0.831844 0.190016 -1
0 3.922483 -4.480768 -22.204937 0.101247 0.672448 -1
0 -4.013441 -4.480768 -22.204929 0.892596 0.674434 -1
0 5.250921 -4.480768 -27.162737 -0.001506 0.991123 -1
0 -5.341875 -4.480768 -27.162737 0.998203 0.992170 -1
0 7.358835 -4.480768 -5.412323 0.217544 0.189576 -1
0 7.358835 -4.480768 -9.380274 0.831844 0.190016 -1
0 14.763155 -4.480768 -3.428339 0.101247 0.672448 -1
0 14.763147 -4.480768 -11.364256 0.892596 0.674434 -1
0 19.720953 -4.480768 -2.099896 -0.001506 0.991123 -1
0 19.720953 -4.480768 -12.692686 0.998203 0.992170 -1
0 5.374853 -4.480768 -1.975969 0.217544 0.189576 -1
0 7.358835 -4.480768 -5.412323 0.831844 0.190016 -1
0 10.795191 -4.480768 3.444377 0.101247 0.672448 -1
0 14.763155 -4.480768 -3.428339 0.892596 0.674434 -1
0 14.424562 -4.480768 7.073733 -0.001506 0.991123 -1
0 19.720953 -4.480768 -2.099896 0.998203 0.992170 -1
0 -2.029455 -4.480768 -14.800573 0.217544 0.189576 -1
0 -5.465811 -4.480768 -12.816629 0.831844 0.190016 -1
0 -4.013441 -4.480768 -22.204929 0.101247 0.672448 -1
0 -10.886145 -4.480768 -18.236969 0.892596 0.674434 -1
0 -5.341875 -4.480768 -27.162737 -0.001506 0.991123 -1
0 -14.515520 -4.480768 -21.866312 0.998203 0.992170 -1
0 1.938501 -4.480768 0.008016 0.217544 0.189576 -1
0 5.374853 -4.480768 -1.975969 0.831844 0.190016 -1
0 3.922483 -4.480768 7.412326 0.101247 0.672448 -1
0 10.795191 -4.480768 3.444377 0.892596 0.674434 -1
0 5.250917 -4.480768 12.370157 -0.001506 0.991123 -1
0 14.424562 -4.480768 7.073733 0.998203 0.992170 -1
0 -2.029455 -4.480768 0.008016 0.217544 0.189576 -1
0 1.938501 -4.480768 0.008016 0.831844 0.190016 -1
0 -4.013441 -4.480768 7.412329 0.101247 0.672448 -1
0 3.922483 -4.480768 7.412326 0.892596 0.674434 -1
0 -5.341879 -4.480768 12.370157 -0.001506 0.991123 -1
0 5.250917 -4.480768 12.370157 0.998203 0.992170 -1
0 -5.465811 -4.480768 -12.816629 0.217544 0.189576 -1
0 -7.449789 -4.480768 -9.380274 0.831844 0.190016 -1
0 -10.886145 -4.480768 -18.236969 0.101247 0.672448 -1
0 -14.854109 -4.480768 -11.364256 0.892596 0.674434 -1
0 -14.515520 -4.480768 -21.866312 -0.001506 0.991123 -1
0 -19.811914 -4.480768 -12.692688 0.998203 0.992170 -1
0 -5.465811 -4.480768 -1.975969 0.217544 0.189576 -1
0 -2.029455 -4.480768 0.008016 0.831844 0.190016 -1
0 -10.886145 -4.480768 3.444377 0.101247 0.672448 -1
0 -4.013441 -4.480768 7.412329 0.892596 0.674434 -1
0 -14.515520 -4.480768 7.073733 -0.001506 0.991123 -1
0 -5.341879 -4.480768 12.370157 0.998203 0.992170 -1
0 -7.449789 -4.480768 -5.412323 0.217544 0.189576 -1
0 -5.465811 -4.480768 -1.975969 0.831844 0.190016 -1
0 -14.854107 -4.480768 -3.428339 0.101247 0.672448 -1
0 -10.886145 -4.480768 3.444377 0.892596 0.674434 -1
0 -19.811914 -4.480768 -2.099899 -0.001506 0.991123 -1
0 -14.515520 -4.480768 7.073733 0.998203 0.992170 -1
0 -7.449789 -4.480768 -9.380274 0.217544 0.189576 -1
0 -7.449789 -4.480768 -5.412323 0.831844 0.190016 -1
0 -14.854109 -4.480768 -11.364256 0.101247 0.672448 -1
0 -14.854107 -4.480768 -3.428339 0.892596 0.674434 -1
0 -19.811914 -4.480768 -12.692688 -0.001506 0.991123 -1
0 -19.811914 -4.480768 -2.099899 0.998203 0.992170 -1
1
0.000000 1.000000 0.000000
60
0 0 1 2 0 0 0 1
0 1 3 2 0 0 0 1
0 2 3 4 0 0 0 1
0 3 5 4 0 0 0 1
0 4 5 6 0 0 0 1
0 0 7 8 0 0 0 1
0 7 9 8 0 0 0 1
0 8 9 10 0 0 0 1
0 9 11 10 0 0 0 1
0 10 11 12 0 0 0 1
0 0 13 14 0 0 0 1
0 13 15 14 0 0 0 1
0 14 15 16 0 0 0 1
0 15 17 16 0 0 0 1
0 16 17 18 0 0 0 1
0 0 19 20 0 0 0 1
0 19 21 20 0 0 0 1
0 20 21 22 0 0 0 1
0 21 23 22 0 0 0 1
0 22 23 24 0 0 0 1
0 0 25 26 0 0 0 1
0 25 27 26 0 0 0 1
0 26 27 28 0 0 0 1
0 27 29 28 0 0 0 1
0 28 29 30 0 0 0 1
0 0 31 32 0 0 0 1
0 31 33 32 0 0 0 1
0 32 33 34 0 0 0 1
0 33 35 34 0 0 0 1
0 34 35 36 0 0 0 1
0 0 37 38 0 0 0 1
0 37 39 38 0 0 0 1
0 38 39 40 0 0 0 1
0 39 41 40 0 0 0 1
0 40 41 42 0 0 0 1
0 0 43 44 0 0 0 1
0 43 45 44 0 0 0 1
0 44 45 46 0 0 0 1
0 45 47 46 0 0 0 1
0 46 47 48 0 0 0 1
0 0 49 50 0 0 0 1
0 49 51 50 0 0 0 1
0 50 51 52 0 0 0 1
0 51 53 52 0 0 0 1
0 52 53 54 0 0 0 1
0 0 55 56 0 0 0 1
0 55 57 56 0 0 0 1
0 56 57 58 0 0 0 1
0 57 59 58 0 0 0 1
0 58 59 60 0 0 0 1
0 0 61 62 0 0 0 1
0 61 63 62 0 0 0 1
0 62 63 64 0 0 0 1
0 63 65 64 0 0 0 1
0 64 65 66 0 0 0 1
0 0 67 68 0 0 0 1
0 67 69 68 0 0 0 1
0 68 69 70 0 0 0 1
0 69 71 70 0 0 0 1
0 70 71 72 0 0 0 1

Materials: 5
"A"
1.000000 1.000000 1.000000 1.000000
1.000000 1.000000 1.000000 1.000000
1.000000 1.000000 1.000000 1.000000
1.000000 1.000000 1.000000 1.000000
0.185600
1.000000
"Tex_0000_0.png"
""
"B"
1.000000 1.000000 1.000000 1.000000
1.000000 1.000000 1.000000 1.000000
1.000000 1.000000 1.000000 1.000000
1.000000 1.000000 1.000000 1.000000
0.185600
1.000000
"Tex_0001_0.png"
""
"F"
0.200000 0.200000 0.200000 1.000000
0.800000 0.800000 0.800000 1.000000
0.000000 0.000000 0.000000 1.000000
1.000000 1.000000 1.000000 1.000000
0.000000
1.000000
"Tex_0005_0.ini"
""
"H"
1.000000 1.000000 1.000000 1.000000
1.000000 1.000000 1.000000 1.000000
1.000000 1.000000 1.000000 1.000000
0.000000 0.000000 0.000000 1.000000
0.000000
1.000000
"Tex_0001_1.png"
""
"I"
1.000000 1.000000 1.000000 1.000000
1.000000 1.000000 1.000000 1.000000
1.000000 1.000000 1.000000 1.000000
1.000000 1.000000 1.000000 1.000000
0.000000
1.000000
"Black.png"
""

Bones: 0
GroupComments: 0
MaterialComments: 0
BoneComments: 0
ModelComment: 0
