// MilkShape 3D ASCII

Frames: 30
Frame: 1

Meshes: 1
"7" 0 0
560
0 47.200001 65.598373 -180.825500 0.005836 1.002911 -1
0 45.308311 71.993530 -173.765533 0.005836 1.148438 -1
0 132.388077 65.598373 -131.642166 0.994629 1.004837 -1
0 127.219994 71.993530 -126.473969 0.994629 1.150391 -1
0 132.388077 65.598373 -131.642166 0.005836 1.148438 -1
0 139.691849 59.203102 -138.946014 0.005836 1.002911 -1
0 47.200001 65.598373 -180.825500 0.994629 1.150391 -1
0 49.873341 59.203102 -190.802612 0.994629 1.004837 -1
0 -51.166710 65.598373 -180.825500 0.005836 1.002911 -1
0 -49.275089 71.993530 -173.765533 0.005836 1.148438 -1
0 47.200001 65.598373 -180.825500 0.994629 1.004837 -1
0 45.308311 71.993530 -173.765533 0.994629 1.150391 -1
0 -53.840099 59.203102 -190.802612 0.994629 1.004837 -1
0 -51.166710 65.598373 -180.825500 0.994629 1.150391 -1
0 49.873341 59.203102 -190.802612 0.005836 1.002911 -1
0 47.200001 65.598373 -180.825500 0.005836 1.148438 -1
0 181.571442 65.598373 -46.454025 0.005836 1.148438 -1
0 191.548660 59.203102 -49.127373 0.005836 1.002911 -1
0 132.388077 65.598373 -131.642166 0.994629 1.150391 -1
0 139.691849 59.203102 -138.946014 0.994629 1.004837 -1
0 -136.354782 65.598373 -131.642166 0.005836 1.002911 -1
0 -131.186722 71.993530 -126.473969 0.005836 1.148438 -1
0 -51.166710 65.598373 -180.825500 0.994629 1.004837 -1
0 -49.275089 71.993530 -173.765533 0.994629 1.150391 -1
0 132.388077 65.598373 -131.642166 0.005836 1.002911 -1
0 127.219994 71.993530 -126.473969 0.005836 1.148438 -1
0 181.571442 65.598373 -46.454025 0.994629 1.004837 -1
0 174.511597 71.993530 -44.562355 0.994629 1.150391 -1
0 181.571442 65.598373 51.912682 0.005836 1.148438 -1
0 191.548660 59.203102 54.586037 0.005836 1.002911 -1
0 181.571442 65.598373 -46.454025 0.994629 1.150391 -1
0 191.548660 59.203102 -49.127373 0.994629 1.004837 -1
0 -185.538269 65.598373 -46.454025 0.005836 1.002911 -1
0 -178.478287 71.993530 -44.562355 0.005836 1.148438 -1
0 -136.354782 65.598373 -131.642166 0.994629 1.004837 -1
0 -131.186722 71.993530 -126.473969 0.994629 1.150391 -1
0 -51.166710 65.598373 -180.825500 0.005836 1.148438 -1
0 -53.840099 59.203102 -190.802612 0.005836 1.002911 -1
0 -136.354782 65.598373 -131.642166 0.994629 1.150391 -1
0 -143.658493 59.203102 -138.946014 0.994629 1.004837 -1
0 132.388077 65.598373 137.100830 0.005836 1.148438 -1
0 139.691849 59.203102 144.404633 0.005836 1.002911 -1
0 181.571442 65.598373 51.912682 0.994629 1.150391 -1
0 191.548660 59.203102 54.586037 0.994629 1.004837 -1
0 -185.538269 65.598373 51.912682 0.005836 1.002911 -1
0 -178.478287 71.993530 50.021011 0.005836 1.148438 -1
0 -185.538269 65.598373 -46.454025 0.994629 1.004837 -1
0 -178.478287 71.993530 -44.562355 0.994629 1.150391 -1
0 181.571442 65.598373 -46.454025 0.005836 1.002911 -1
0 174.511597 71.993530 -44.562355 0.005836 1.148438 -1
0 181.571442 65.598373 51.912682 0.994629 1.004837 -1
0 174.511597 71.993530 50.021011 0.994629 1.150391 -1
0 47.200001 65.598373 186.284180 0.005836 1.148438 -1
0 49.873341 59.203102 196.261093 0.005836 1.002911 -1
0 132.388077 65.598373 137.100830 0.994629 1.150391 -1
0 139.691849 59.203102 144.404633 0.994629 1.004837 -1
0 -136.354782 65.598373 137.100830 0.005836 1.002911 -1
0 -131.186722 71.993530 131.932556 0.005836 1.148438 -1
0 -185.538269 65.598373 51.912682 0.994629 1.004837 -1
0 -178.478287 71.993530 50.021011 0.994629 1.150391 -1
0 -136.354782 65.598373 -131.642166 0.005836 1.148438 -1
0 -143.658493 59.203102 -138.946014 0.005836 1.002911 -1
0 -185.538269 65.598373 -46.454025 0.994629 1.150391 -1
0 -195.515289 59.203102 -49.127373 0.994629 1.004837 -1
0 -51.166710 65.598373 186.284180 0.005836 1.148438 -1
0 -53.840099 59.203102 196.261093 0.005836 1.002911 -1
0 47.200001 65.598373 186.284180 0.994629 1.150391 -1
0 49.873341 59.203102 196.261093 0.994629 1.004837 -1
0 -51.166710 65.598373 186.284180 0.005836 1.002911 -1
0 -49.275089 71.993530 179.224350 0.005836 1.148438 -1
0 -136.354782 65.598373 137.100830 0.994629 1.004837 -1
0 -131.186722 71.993530 131.932556 0.994629 1.150391 -1
0 181.571442 65.598373 51.912682 0.005836 1.002911 -1
0 174.511597 71.993530 50.021011 0.005836 1.148438 -1
0 132.388077 65.598373 137.100830 0.994629 1.004837 -1
0 127.219994 71.993530 131.932556 0.994629 1.150391 -1
0 -136.354782 65.598373 137.100830 0.005836 1.148438 -1
0 -143.658493 59.203102 144.404633 0.005836 1.002911 -1
0 -51.166710 65.598373 186.284180 0.994629 1.150391 -1
0 -53.840099 59.203102 196.261093 0.994629 1.004837 -1
0 47.200001 65.598373 186.284180 0.005836 1.002911 -1
0 45.308311 71.993530 179.224350 0.005836 1.148438 -1
0 -51.166710 65.598373 186.284180 0.994629 1.004837 -1
0 -49.275089 71.993530 179.224350 0.994629 1.150391 -1
0 -185.538269 65.598373 -46.454025 0.005836 1.148438 -1
0 -195.515289 59.203102 -49.127373 0.005836 1.002911 -1
0 -185.538269 65.598373 51.912682 0.994629 1.150391 -1
0 -195.515289 59.203102 54.586037 0.994629 1.004837 -1
0 -185.538269 65.598373 51.912682 0.005836 1.148438 -1
0 -195.515289 59.203102 54.586037 0.005836 1.002911 -1
0 -136.354782 65.598373 137.100830 0.994629 1.150391 -1
0 -143.658493 59.203102 144.404633 0.994629 1.004837 -1
0 132.388077 65.598373 137.100830 0.005836 1.002911 -1
0 127.219994 71.993530 131.932556 0.005836 1.148438 -1
0 47.200001 65.598373 186.284180 0.994629 1.004837 -1
0 45.308311 71.993530 179.224350 0.994629 1.150391 -1
0 127.219994 71.993530 -126.473969 0.684082 1.828613 -1
0 127.219994 71.993530 -126.473969 0.986816 1.829590 -1
0 45.308311 71.993530 -173.765533 0.682617 1.821289 -1
0 45.308311 71.993530 -173.765533 0.985840 1.820312 -1
0 45.308311 71.993530 -173.765533 0.684082 1.828613 -1
0 45.308311 71.993530 -173.765533 0.986816 1.829590 -1
0 -49.275089 71.993530 -173.765533 0.682617 1.821289 -1
0 -49.275089 71.993530 -173.765533 0.985840 1.820312 -1
0 -49.275089 71.993530 -173.765533 0.684082 1.828613 -1
0 -49.275089 71.993530 -173.765533 0.986816 1.829590 -1
0 -131.186722 71.993530 -126.473969 0.682617 1.821289 -1
0 -131.186722 71.993530 -126.473969 0.985840 1.820312 -1
0 174.511597 71.993530 -44.562355 0.684082 1.828613 -1
0 174.511597 71.993530 -44.562355 0.986816 1.829590 -1
0 127.219994 71.993530 -126.473969 0.682617 1.821289 -1
0 127.219994 71.993530 -126.473969 0.985840 1.820312 -1
0 -131.186722 71.993530 -126.473969 0.684082 1.828613 -1
0 -131.186722 71.993530 -126.473969 0.986816 1.829590 -1
0 -178.478287 71.993530 -44.562355 0.682617 1.821289 -1
0 -178.478287 71.993530 -44.562355 0.985840 1.820312 -1
0 -178.478287 71.993530 -44.562355 0.684082 1.828613 -1
0 -178.478287 71.993530 -44.562355 0.986816 1.829590 -1
0 -178.478287 71.993530 50.021011 0.682617 1.821289 -1
0 -178.478287 71.993530 50.021011 0.985840 1.820312 -1
0 174.511597 71.993530 50.021011 0.684082 1.828613 -1
0 174.511597 71.993530 50.021011 0.986816 1.829590 -1
0 174.511597 71.993530 -44.562355 0.682617 1.821289 -1
0 174.511597 71.993530 -44.562355 0.985840 1.820312 -1
0 -178.478287 71.993530 50.021011 0.684082 1.828613 -1
0 -178.478287 71.993530 50.021011 0.986816 1.829590 -1
0 -131.186722 71.993530 131.932556 0.682617 1.821289 -1
0 -131.186722 71.993530 131.932556 0.985840 1.820312 -1
0 127.219994 71.993530 131.932556 0.684082 1.828613 -1
0 127.219994 71.993530 131.932556 0.986816 1.829590 -1
0 174.511597 71.993530 50.021011 0.682617 1.821289 -1
0 174.511597 71.993530 50.021011 0.985840 1.820312 -1
0 -49.275089 71.993530 179.224350 0.684082 1.828613 -1
0 -49.275089 71.993530 179.224350 0.986816 1.829590 -1
0 45.308311 71.993530 179.224350 0.682617 1.821289 -1
0 45.308311 71.993530 179.224350 0.985840 1.820312 -1
0 45.308311 71.993530 179.224350 0.684082 1.828613 -1
0 45.308311 71.993530 179.224350 0.986816 1.829590 -1
0 127.219994 71.993530 131.932556 0.682617 1.821289 -1
0 127.219994 71.993530 131.932556 0.985840 1.820312 -1
0 47.200001 -25.637560 -180.825500 0.005836 1.002911 -1
0 45.308311 -19.242332 -173.765533 0.005836 1.148438 -1
0 132.388077 -25.637560 -131.642166 0.994629 1.004837 -1
0 127.219994 -19.242332 -126.473969 0.994629 1.150391 -1
0 132.388077 -25.637560 -131.642166 0.005836 1.148438 -1
0 139.691849 -32.032791 -138.946014 0.005836 1.002911 -1
0 47.200001 -25.637560 -180.825500 0.994629 1.150391 -1
0 49.873341 -32.032791 -190.802612 0.994629 1.004837 -1
0 -51.166710 -25.637560 -180.825500 0.005836 1.002911 -1
0 -49.275089 -19.242332 -173.765533 0.005836 1.148438 -1
0 47.200001 -25.637560 -180.825500 0.994629 1.004837 -1
0 45.308311 -19.242332 -173.765533 0.994629 1.150391 -1
0 -53.840099 -32.032791 -190.802612 0.994629 1.004837 -1
0 -51.166710 -25.637560 -180.825500 0.994629 1.150391 -1
0 49.873341 -32.032791 -190.802612 0.005836 1.002911 -1
0 47.200001 -25.637560 -180.825500 0.005836 1.148438 -1
0 181.571442 -25.637560 -46.454025 0.005836 1.148438 -1
0 191.548660 -32.032791 -49.127373 0.005836 1.002911 -1
0 132.388077 -25.637560 -131.642166 0.994629 1.150391 -1
0 139.691849 -32.032791 -138.946014 0.994629 1.004837 -1
0 -136.354782 -25.637560 -131.642166 0.005836 1.002911 -1
0 -131.186722 -19.242332 -126.473969 0.005836 1.148438 -1
0 -51.166710 -25.637560 -180.825500 0.994629 1.004837 -1
0 -49.275089 -19.242332 -173.765533 0.994629 1.150391 -1
0 132.388077 -25.637560 -131.642166 0.005836 1.002911 -1
0 127.219994 -19.242332 -126.473969 0.005836 1.148438 -1
0 181.571442 -25.637560 -46.454025 0.994629 1.004837 -1
0 174.511597 -19.242332 -44.562355 0.994629 1.150391 -1
0 181.571442 -25.637560 51.912682 0.005836 1.148438 -1
0 191.548660 -32.032791 54.586037 0.005836 1.002911 -1
0 181.571442 -25.637560 -46.454025 0.994629 1.150391 -1
0 191.548660 -32.032791 -49.127373 0.994629 1.004837 -1
0 -185.538269 -25.637560 -46.454025 0.005836 1.002911 -1
0 -178.478287 -19.242332 -44.562355 0.005836 1.148438 -1
0 -136.354782 -25.637560 -131.642166 0.994629 1.004837 -1
0 -131.186722 -19.242332 -126.473969 0.994629 1.150391 -1
0 -51.166710 -25.637560 -180.825500 0.005836 1.148438 -1
0 -53.840099 -32.032791 -190.802612 0.005836 1.002911 -1
0 -136.354782 -25.637560 -131.642166 0.994629 1.150391 -1
0 -143.658493 -32.032791 -138.946014 0.994629 1.004837 -1
0 132.388077 -25.637560 137.100830 0.005836 1.148438 -1
0 139.691849 -32.032791 144.404633 0.005836 1.002911 -1
0 181.571442 -25.637560 51.912682 0.994629 1.150391 -1
0 191.548660 -32.032791 54.586037 0.994629 1.004837 -1
0 -185.538269 -25.637560 51.912682 0.005836 1.002911 -1
0 -178.478287 -19.242332 50.021011 0.005836 1.148438 -1
0 -185.538269 -25.637560 -46.454025 0.994629 1.004837 -1
0 -178.478287 -19.242332 -44.562355 0.994629 1.150391 -1
0 181.571442 -25.637560 -46.454025 0.005836 1.002911 -1
0 174.511597 -19.242332 -44.562355 0.005836 1.148438 -1
0 181.571442 -25.637560 51.912682 0.994629 1.004837 -1
0 174.511597 -19.242332 50.021011 0.994629 1.150391 -1
0 47.200001 -25.637560 186.284180 0.005836 1.148438 -1
0 49.873341 -32.032791 196.261093 0.005836 1.002911 -1
0 132.388077 -25.637560 137.100830 0.994629 1.150391 -1
0 139.691849 -32.032791 144.404633 0.994629 1.004837 -1
0 -136.354782 -25.637560 137.100830 0.005836 1.002911 -1
0 -131.186722 -19.242332 131.932556 0.005836 1.148438 -1
0 -185.538269 -25.637560 51.912682 0.994629 1.004837 -1
0 -178.478287 -19.242332 50.021011 0.994629 1.150391 -1
0 -136.354782 -25.637560 -131.642166 0.005836 1.148438 -1
0 -143.658493 -32.032791 -138.946014 0.005836 1.002911 -1
0 -185.538269 -25.637560 -46.454025 0.994629 1.150391 -1
0 -195.515289 -32.032791 -49.127373 0.994629 1.004837 -1
0 -51.166710 -25.637560 186.284180 0.005836 1.148438 -1
0 -53.840099 -32.032791 196.261093 0.005836 1.002911 -1
0 47.200001 -25.637560 186.284180 0.994629 1.150391 -1
0 49.873341 -32.032791 196.261093 0.994629 1.004837 -1
0 -51.166710 -25.637560 186.284180 0.005836 1.002911 -1
0 -49.275089 -19.242332 179.224350 0.005836 1.148438 -1
0 -136.354782 -25.637560 137.100830 0.994629 1.004837 -1
0 -131.186722 -19.242332 131.932556 0.994629 1.150391 -1
0 181.571442 -25.637560 51.912682 0.005836 1.002911 -1
0 174.511597 -19.242332 50.021011 0.005836 1.148438 -1
0 132.388077 -25.637560 137.100830 0.994629 1.004837 -1
0 127.219994 -19.242332 131.932556 0.994629 1.150391 -1
0 -136.354782 -25.637560 137.100830 0.005836 1.148438 -1
0 -143.658493 -32.032791 144.404633 0.005836 1.002911 -1
0 -51.166710 -25.637560 186.284180 0.994629 1.150391 -1
0 -53.840099 -32.032791 196.261093 0.994629 1.004837 -1
0 47.200001 -25.637560 186.284180 0.005836 1.002911 -1
0 45.308311 -19.242332 179.224350 0.005836 1.148438 -1
0 -51.166710 -25.637560 186.284180 0.994629 1.004837 -1
0 -49.275089 -19.242332 179.224350 0.994629 1.150391 -1
0 -185.538269 -25.637560 -46.454025 0.005836 1.148438 -1
0 -195.515289 -32.032791 -49.127373 0.005836 1.002911 -1
0 -185.538269 -25.637560 51.912682 0.994629 1.150391 -1
0 -195.515289 -32.032791 54.586037 0.994629 1.004837 -1
0 -185.538269 -25.637560 51.912682 0.005836 1.148438 -1
0 -195.515289 -32.032791 54.586037 0.005836 1.002911 -1
0 -136.354782 -25.637560 137.100830 0.994629 1.150391 -1
0 -143.658493 -32.032791 144.404633 0.994629 1.004837 -1
0 132.388077 -25.637560 137.100830 0.005836 1.002911 -1
0 127.219994 -19.242332 131.932556 0.005836 1.148438 -1
0 47.200001 -25.637560 186.284180 0.994629 1.004837 -1
0 45.308311 -19.242332 179.224350 0.994629 1.150391 -1
0 127.219994 -19.242332 -126.473969 0.684082 1.828613 -1
0 127.219994 -19.242332 -126.473969 0.986816 1.829590 -1
0 45.308311 -19.242332 -173.765533 0.682617 1.821289 -1
0 45.308311 -19.242332 -173.765533 0.985840 1.820312 -1
0 45.308311 -19.242332 -173.765533 0.684082 1.828613 -1
0 45.308311 -19.242332 -173.765533 0.986816 1.829590 -1
0 -49.275089 -19.242332 -173.765533 0.682617 1.821289 -1
0 -49.275089 -19.242332 -173.765533 0.985840 1.820312 -1
0 -49.275089 -19.242332 -173.765533 0.684082 1.828613 -1
0 -49.275089 -19.242332 -173.765533 0.986816 1.829590 -1
0 -131.186722 -19.242332 -126.473969 0.682617 1.821289 -1
0 -131.186722 -19.242332 -126.473969 0.985840 1.820312 -1
0 174.511597 -19.242332 -44.562355 0.684082 1.828613 -1
0 174.511597 -19.242332 -44.562355 0.986816 1.829590 -1
0 127.219994 -19.242332 -126.473969 0.682617 1.821289 -1
0 127.219994 -19.242332 -126.473969 0.985840 1.820312 -1
0 -131.186722 -19.242332 -126.473969 0.684082 1.828613 -1
0 -131.186722 -19.242332 -126.473969 0.986816 1.829590 -1
0 -178.478287 -19.242332 -44.562355 0.682617 1.821289 -1
0 -178.478287 -19.242332 -44.562355 0.985840 1.820312 -1
0 -178.478287 -19.242332 -44.562355 0.684082 1.828613 -1
0 -178.478287 -19.242332 -44.562355 0.986816 1.829590 -1
0 -178.478287 -19.242332 50.021011 0.682617 1.821289 -1
0 -178.478287 -19.242332 50.021011 0.985840 1.820312 -1
0 174.511597 -19.242332 50.021011 0.684082 1.828613 -1
0 174.511597 -19.242332 50.021011 0.986816 1.829590 -1
0 174.511597 -19.242332 -44.562355 0.682617 1.821289 -1
0 174.511597 -19.242332 -44.562355 0.985840 1.820312 -1
0 -178.478287 -19.242332 50.021011 0.684082 1.828613 -1
0 -178.478287 -19.242332 50.021011 0.986816 1.829590 -1
0 -131.186722 -19.242332 131.932556 0.682617 1.821289 -1
0 -131.186722 -19.242332 131.932556 0.985840 1.820312 -1
0 127.219994 -19.242332 131.932556 0.684082 1.828613 -1
0 127.219994 -19.242332 131.932556 0.986816 1.829590 -1
0 174.511597 -19.242332 50.021011 0.682617 1.821289 -1
0 174.511597 -19.242332 50.021011 0.985840 1.820312 -1
0 -49.275089 -19.242332 179.224350 0.684082 1.828613 -1
0 -49.275089 -19.242332 179.224350 0.986816 1.829590 -1
0 45.308311 -19.242332 179.224350 0.682617 1.821289 -1
0 45.308311 -19.242332 179.224350 0.985840 1.820312 -1
0 45.308311 -19.242332 179.224350 0.684082 1.828613 -1
0 45.308311 -19.242332 179.224350 0.986816 1.829590 -1
0 127.219994 -19.242332 131.932556 0.682617 1.821289 -1
0 127.219994 -19.242332 131.932556 0.985840 1.820312 -1
0 47.200001 -54.375610 -180.825500 0.005836 1.002911 -1
0 45.308311 -60.770813 -173.765533 0.005836 1.148438 -1
0 132.388077 -54.375610 -131.642166 0.994629 1.004837 -1
0 127.219994 -60.770813 -126.473969 0.994629 1.150391 -1
0 132.388077 -54.375610 -131.642166 0.005836 1.148438 -1
0 139.691849 -47.980358 -138.946014 0.005836 1.002911 -1
0 47.200001 -54.375610 -180.825500 0.994629 1.150391 -1
0 49.873341 -47.980358 -190.802612 0.994629 1.004837 -1
0 -51.166710 -54.375610 -180.825500 0.005836 1.002911 -1
0 -49.275089 -60.770813 -173.765533 0.005836 1.148438 -1
0 47.200001 -54.375610 -180.825500 0.994629 1.004837 -1
0 45.308311 -60.770813 -173.765533 0.994629 1.150391 -1
0 -53.840099 -47.980358 -190.802612 0.994629 1.004837 -1
0 -51.166710 -54.375610 -180.825500 0.994629 1.150391 -1
0 49.873341 -47.980358 -190.802612 0.005836 1.002911 -1
0 47.200001 -54.375610 -180.825500 0.005836 1.148438 -1
0 181.571442 -54.375610 -46.454025 0.005836 1.148438 -1
0 191.548660 -47.980358 -49.127373 0.005836 1.002911 -1
0 132.388077 -54.375610 -131.642166 0.994629 1.150391 -1
0 139.691849 -47.980358 -138.946014 0.994629 1.004837 -1
0 -136.354782 -54.375610 -131.642166 0.005836 1.002911 -1
0 -131.186722 -60.770813 -126.473969 0.005836 1.148438 -1
0 -51.166710 -54.375610 -180.825500 0.994629 1.004837 -1
0 -49.275089 -60.770813 -173.765533 0.994629 1.150391 -1
0 132.388077 -54.375610 -131.642166 0.005836 1.002911 -1
0 127.219994 -60.770813 -126.473969 0.005836 1.148438 -1
0 181.571442 -54.375610 -46.454025 0.994629 1.004837 -1
0 174.511597 -60.770813 -44.562355 0.994629 1.150391 -1
0 181.571442 -54.375610 51.912682 0.005836 1.148438 -1
0 191.548660 -47.980358 54.586037 0.005836 1.002911 -1
0 181.571442 -54.375610 -46.454025 0.994629 1.150391 -1
0 191.548660 -47.980358 -49.127373 0.994629 1.004837 -1
0 -185.538269 -54.375610 -46.454025 0.005836 1.002911 -1
0 -178.478287 -60.770813 -44.562355 0.005836 1.148438 -1
0 -136.354782 -54.375610 -131.642166 0.994629 1.004837 -1
0 -131.186722 -60.770813 -126.473969 0.994629 1.150391 -1
0 -51.166710 -54.375610 -180.825500 0.005836 1.148438 -1
0 -53.840099 -47.980358 -190.802612 0.005836 1.002911 -1
0 -136.354782 -54.375610 -131.642166 0.994629 1.150391 -1
0 -143.658493 -47.980358 -138.946014 0.994629 1.004837 -1
0 132.388077 -54.375610 137.100830 0.005836 1.148438 -1
0 139.691849 -47.980358 144.404633 0.005836 1.002911 -1
0 181.571442 -54.375610 51.912682 0.994629 1.150391 -1
0 191.548660 -47.980358 54.586037 0.994629 1.004837 -1
0 -185.538269 -54.375610 51.912682 0.005836 1.002911 -1
0 -178.478287 -60.770813 50.021011 0.005836 1.148438 -1
0 -185.538269 -54.375610 -46.454025 0.994629 1.004837 -1
0 -178.478287 -60.770813 -44.562355 0.994629 1.150391 -1
0 181.571442 -54.375610 -46.454025 0.005836 1.002911 -1
0 174.511597 -60.770813 -44.562355 0.005836 1.148438 -1
0 181.571442 -54.375610 51.912682 0.994629 1.004837 -1
0 174.511597 -60.770813 50.021011 0.994629 1.150391 -1
0 47.200001 -54.375610 186.284180 0.005836 1.148438 -1
0 49.873341 -47.980358 196.261093 0.005836 1.002911 -1
0 132.388077 -54.375610 137.100830 0.994629 1.150391 -1
0 139.691849 -47.980358 144.404633 0.994629 1.004837 -1
0 -136.354782 -54.375610 137.100830 0.005836 1.002911 -1
0 -131.186722 -60.770813 131.932556 0.005836 1.148438 -1
0 -185.538269 -54.375610 51.912682 0.994629 1.004837 -1
0 -178.478287 -60.770813 50.021011 0.994629 1.150391 -1
0 -136.354782 -54.375610 -131.642166 0.005836 1.148438 -1
0 -143.658493 -47.980358 -138.946014 0.005836 1.002911 -1
0 -185.538269 -54.375610 -46.454025 0.994629 1.150391 -1
0 -195.515289 -47.980358 -49.127373 0.994629 1.004837 -1
0 -51.166710 -54.375610 186.284180 0.005836 1.148438 -1
0 -53.840099 -47.980358 196.261093 0.005836 1.002911 -1
0 47.200001 -54.375610 186.284180 0.994629 1.150391 -1
0 49.873341 -47.980358 196.261093 0.994629 1.004837 -1
0 -51.166710 -54.375610 186.284180 0.005836 1.002911 -1
0 -49.275089 -60.770813 179.224350 0.005836 1.148438 -1
0 -136.354782 -54.375610 137.100830 0.994629 1.004837 -1
0 -131.186722 -60.770813 131.932556 0.994629 1.150391 -1
0 181.571442 -54.375610 51.912682 0.005836 1.002911 -1
0 174.511597 -60.770813 50.021011 0.005836 1.148438 -1
0 132.388077 -54.375610 137.100830 0.994629 1.004837 -1
0 127.219994 -60.770813 131.932556 0.994629 1.150391 -1
0 -136.354782 -54.375610 137.100830 0.005836 1.148438 -1
0 -143.658493 -47.980358 144.404633 0.005836 1.002911 -1
0 -51.166710 -54.375610 186.284180 0.994629 1.150391 -1
0 -53.840099 -47.980358 196.261093 0.994629 1.004837 -1
0 47.200001 -54.375610 186.284180 0.005836 1.002911 -1
0 45.308311 -60.770813 179.224350 0.005836 1.148438 -1
0 -51.166710 -54.375610 186.284180 0.994629 1.004837 -1
0 -49.275089 -60.770813 179.224350 0.994629 1.150391 -1
0 -185.538269 -54.375610 -46.454025 0.005836 1.148438 -1
0 -195.515289 -47.980358 -49.127373 0.005836 1.002911 -1
0 -185.538269 -54.375610 51.912682 0.994629 1.150391 -1
0 -195.515289 -47.980358 54.586037 0.994629 1.004837 -1
0 -185.538269 -54.375610 51.912682 0.005836 1.148438 -1
0 -195.515289 -47.980358 54.586037 0.005836 1.002911 -1
0 -136.354782 -54.375610 137.100830 0.994629 1.150391 -1
0 -143.658493 -47.980358 144.404633 0.994629 1.004837 -1
0 132.388077 -54.375610 137.100830 0.005836 1.002911 -1
0 127.219994 -60.770813 131.932556 0.005836 1.148438 -1
0 47.200001 -54.375610 186.284180 0.994629 1.004837 -1
0 45.308311 -60.770813 179.224350 0.994629 1.150391 -1
0 127.219994 -60.770813 -126.473969 0.684082 1.828613 -1
0 127.219994 -60.770813 -126.473969 0.986816 1.829590 -1
0 45.308311 -60.770813 -173.765533 0.682617 1.821289 -1
0 45.308311 -60.770813 -173.765533 0.985840 1.820312 -1
0 45.308311 -60.770813 -173.765533 0.684082 1.828613 -1
0 45.308311 -60.770813 -173.765533 0.986816 1.829590 -1
0 -49.275089 -60.770813 -173.765533 0.682617 1.821289 -1
0 -49.275089 -60.770813 -173.765533 0.985840 1.820312 -1
0 -49.275089 -60.770813 -173.765533 0.684082 1.828613 -1
0 -49.275089 -60.770813 -173.765533 0.986816 1.829590 -1
0 -131.186722 -60.770813 -126.473969 0.682617 1.821289 -1
0 -131.186722 -60.770813 -126.473969 0.985840 1.820312 -1
0 174.511597 -60.770813 -44.562355 0.684082 1.828613 -1
0 174.511597 -60.770813 -44.562355 0.986816 1.829590 -1
0 127.219994 -60.770813 -126.473969 0.682617 1.821289 -1
0 127.219994 -60.770813 -126.473969 0.985840 1.820312 -1
0 -131.186722 -60.770813 -126.473969 0.684082 1.828613 -1
0 -131.186722 -60.770813 -126.473969 0.986816 1.829590 -1
0 -178.478287 -60.770813 -44.562355 0.682617 1.821289 -1
0 -178.478287 -60.770813 -44.562355 0.985840 1.820312 -1
0 -178.478287 -60.770813 -44.562355 0.684082 1.828613 -1
0 -178.478287 -60.770813 -44.562355 0.986816 1.829590 -1
0 -178.478287 -60.770813 50.021011 0.682617 1.821289 -1
0 -178.478287 -60.770813 50.021011 0.985840 1.820312 -1
0 174.511597 -60.770813 50.021011 0.684082 1.828613 -1
0 174.511597 -60.770813 50.021011 0.986816 1.829590 -1
0 174.511597 -60.770813 -44.562355 0.682617 1.821289 -1
0 174.511597 -60.770813 -44.562355 0.985840 1.820312 -1
0 -178.478287 -60.770813 50.021011 0.684082 1.828613 -1
0 -178.478287 -60.770813 50.021011 0.986816 1.829590 -1
0 -131.186722 -60.770813 131.932556 0.682617 1.821289 -1
0 -131.186722 -60.770813 131.932556 0.985840 1.820312 -1
0 127.219994 -60.770813 131.932556 0.684082 1.828613 -1
0 127.219994 -60.770813 131.932556 0.986816 1.829590 -1
0 174.511597 -60.770813 50.021011 0.682617 1.821289 -1
0 174.511597 -60.770813 50.021011 0.985840 1.820312 -1
0 -49.275089 -60.770813 179.224350 0.684082 1.828613 -1
0 -49.275089 -60.770813 179.224350 0.986816 1.829590 -1
0 45.308311 -60.770813 179.224350 0.682617 1.821289 -1
0 45.308311 -60.770813 179.224350 0.985840 1.820312 -1
0 45.308311 -60.770813 179.224350 0.684082 1.828613 -1
0 45.308311 -60.770813 179.224350 0.986816 1.829590 -1
0 127.219994 -60.770813 131.932556 0.682617 1.821289 -1
0 127.219994 -60.770813 131.932556 0.985840 1.820312 -1
0 42.540760 80.315445 -163.436966 0.000541 0.996489 -1
0 43.287483 89.356140 -166.223663 0.001361 1.152954 -1
0 119.658829 80.315445 -118.912842 0.986328 0.999058 -1
0 121.698715 89.356140 -120.952881 0.986816 1.155640 -1
0 119.658829 80.315445 -118.912842 0.001361 1.152954 -1
0 127.269142 73.010284 -126.523132 0.000541 0.996489 -1
0 42.540760 80.315445 -163.436966 0.986816 1.155640 -1
0 45.326466 73.010284 -173.833084 0.986328 0.999058 -1
0 -46.507504 80.315445 -163.436966 0.000541 0.996489 -1
0 -47.254219 89.356140 -166.223663 0.001361 1.152954 -1
0 42.540760 80.315445 -163.436966 0.986328 0.999058 -1
0 43.287483 89.356140 -166.223663 0.986816 1.155640 -1
0 -49.293201 73.010284 -173.833084 0.986328 0.999058 -1
0 -46.507504 80.315445 -163.436966 0.986816 1.155640 -1
0 45.326466 73.010284 -173.833084 0.000541 0.996489 -1
0 42.540760 80.315445 -163.436966 0.001361 1.152954 -1
0 164.182953 80.315445 -41.794815 0.001361 1.152954 -1
0 174.578918 73.010284 -44.580513 0.000541 0.996489 -1
0 119.658829 80.315445 -118.912842 0.986816 1.155640 -1
0 127.269142 73.010284 -126.523132 0.986328 0.999058 -1
0 -123.625473 80.315445 -118.912842 0.000541 0.996489 -1
0 -125.665405 89.356140 -120.952881 0.001361 1.152954 -1
0 -46.507504 80.315445 -163.436966 0.986328 0.999058 -1
0 -47.254219 89.356140 -166.223663 0.986816 1.155640 -1
0 119.658829 80.315445 -118.912842 0.000541 0.996489 -1
0 121.698715 89.356140 -120.952881 0.001361 1.152954 -1
0 164.182953 80.315445 -41.794815 0.986328 0.999058 -1
0 166.969604 89.356140 -42.541550 0.986816 1.155640 -1
0 164.182953 80.315445 47.253471 0.001361 1.152954 -1
0 174.578918 73.010284 50.039169 0.000541 0.996489 -1
0 164.182953 80.315445 -41.794815 0.986816 1.155640 -1
0 174.578918 73.010284 -44.580513 0.986328 0.999058 -1
0 -168.149582 80.315445 -41.794815 0.000541 0.996489 -1
0 -170.936279 89.356140 -42.541550 0.001361 1.152954 -1
0 -123.625473 80.315445 -118.912842 0.986328 0.999058 -1
0 -125.665405 89.356140 -120.952881 0.986816 1.155640 -1
0 -46.507504 80.315445 -163.436966 0.001361 1.152954 -1
0 -49.293201 73.010284 -173.833084 0.000541 0.996489 -1
0 -123.625473 80.315445 -118.912842 0.986816 1.155640 -1
0 -131.235886 73.010284 -126.523132 0.986328 0.999058 -1
0 119.658829 80.315445 124.371445 0.001361 1.152954 -1
0 127.269142 73.010284 131.981827 0.000541 0.996489 -1
0 164.182953 80.315445 47.253471 0.986816 1.155640 -1
0 174.578918 73.010284 50.039169 0.986328 0.999058 -1
0 -168.149582 80.315445 47.253471 0.000541 0.996489 -1
0 -170.936279 89.356140 48.000160 0.001361 1.152954 -1
0 -168.149582 80.315445 -41.794815 0.986328 0.999058 -1
0 -170.936279 89.356140 -42.541550 0.986816 1.155640 -1
0 164.182953 80.315445 -41.794815 0.000541 0.996489 -1
0 166.969604 89.356140 -42.541550 0.001361 1.152954 -1
0 164.182953 80.315445 47.253471 0.986328 0.999058 -1
0 166.969604 89.356140 48.000160 0.986816 1.155640 -1
0 42.540760 80.315445 168.895523 0.001361 1.152954 -1
0 45.326466 73.010284 179.291580 0.000541 0.996489 -1
0 119.658829 80.315445 124.371445 0.986816 1.155640 -1
0 127.269142 73.010284 131.981827 0.986328 0.999058 -1
0 -123.625473 80.315445 124.371445 0.000541 0.996489 -1
0 -125.665405 89.356140 126.411423 0.001361 1.152954 -1
0 -168.149582 80.315445 47.253471 0.986328 0.999058 -1
0 -170.936279 89.356140 48.000160 0.986816 1.155640 -1
0 -123.625473 80.315445 -118.912842 0.001361 1.152954 -1
0 -131.235886 73.010284 -126.523132 0.000541 0.996489 -1
0 -168.149582 80.315445 -41.794815 0.986816 1.155640 -1
0 -178.545624 73.010284 -44.580513 0.986328 0.999058 -1
0 -46.507504 80.315445 168.895523 0.001361 1.152954 -1
0 -49.293201 73.010284 179.291580 0.000541 0.996489 -1
0 42.540760 80.315445 168.895523 0.986816 1.155640 -1
0 45.326466 73.010284 179.291580 0.986328 0.999058 -1
0 -46.507504 80.315445 168.895523 0.000541 0.996489 -1
0 -47.254219 89.356140 171.682281 0.001361 1.152954 -1
0 -123.625473 80.315445 124.371445 0.986328 0.999058 -1
0 -125.665405 89.356140 126.411423 0.986816 1.155640 -1
0 164.182953 80.315445 47.253471 0.000541 0.996489 -1
0 166.969604 89.356140 48.000160 0.001361 1.152954 -1
0 119.658829 80.315445 124.371445 0.986328 0.999058 -1
0 121.698715 89.356140 126.411423 0.986816 1.155640 -1
0 -123.625473 80.315445 124.371445 0.001361 1.152954 -1
0 -131.235886 73.010284 131.981827 0.000541 0.996489 -1
0 -46.507504 80.315445 168.895523 0.986816 1.155640 -1
0 -49.293201 73.010284 179.291580 0.986328 0.999058 -1
0 42.540760 80.315445 168.895523 0.000541 0.996489 -1
0 43.287483 89.356140 171.682281 0.001361 1.152954 -1
0 -46.507504 80.315445 168.895523 0.986328 0.999058 -1
0 -47.254219 89.356140 171.682281 0.986816 1.155640 -1
0 -168.149582 80.315445 -41.794815 0.001361 1.152954 -1
0 -178.545624 73.010284 -44.580513 0.000541 0.996489 -1
0 -168.149582 80.315445 47.253471 0.986816 1.155640 -1
0 -178.545624 73.010284 50.039169 0.986328 0.999058 -1
0 -168.149582 80.315445 47.253471 0.001361 1.152954 -1
0 -178.545624 73.010284 50.039169 0.000541 0.996489 -1
0 -123.625473 80.315445 124.371445 0.986816 1.155640 -1
0 -131.235886 73.010284 131.981827 0.986328 0.999058 -1
0 119.658829 80.315445 124.371445 0.000541 0.996489 -1
0 121.698715 89.356140 126.411423 0.001361 1.152954 -1
0 42.540760 80.315445 168.895523 0.986328 0.999058 -1
0 43.287483 89.356140 171.682281 0.986816 1.155640 -1
0 121.698715 89.356140 -120.952881 -0.577637 1.187256 -1
0 121.698715 89.356140 -120.952881 -0.275146 1.187988 -1
0 43.287483 89.356140 -166.223663 -0.579590 1.179688 -1
0 43.287483 89.356140 -166.223663 -0.276123 1.178711 -1
0 43.287483 89.356140 -166.223663 -0.577637 1.187256 -1
0 43.287483 89.356140 -166.223663 -0.275146 1.187988 -1
0 -47.254219 89.356140 -166.223663 -0.579590 1.179688 -1
0 -47.254219 89.356140 -166.223663 -0.276123 1.178711 -1
0 -47.254219 89.356140 -166.223663 -0.577637 1.187256 -1
0 -47.254219 89.356140 -166.223663 -0.275146 1.187988 -1
0 -125.665405 89.356140 -120.952881 -0.579590 1.179688 -1
0 -125.665405 89.356140 -120.952881 -0.276123 1.178711 -1
0 166.969604 89.356140 -42.541550 -0.577637 1.187256 -1
0 166.969604 89.356140 -42.541550 -0.275146 1.187988 -1
0 121.698715 89.356140 -120.952881 -0.579590 1.179688 -1
0 121.698715 89.356140 -120.952881 -0.276123 1.178711 -1
0 -125.665405 89.356140 -120.952881 -0.577637 1.187256 -1
0 -125.665405 89.356140 -120.952881 -0.275146 1.187988 -1
0 -170.936279 89.356140 -42.541550 -0.579590 1.179688 -1
0 -170.936279 89.356140 -42.541550 -0.276123 1.178711 -1
0 -170.936279 89.356140 -42.541550 -0.577637 1.187256 -1
0 -170.936279 89.356140 -42.541550 -0.275146 1.187988 -1
0 -170.936279 89.356140 48.000160 -0.579590 1.179688 -1
0 -170.936279 89.356140 48.000160 -0.276123 1.178711 -1
0 166.969604 89.356140 48.000160 -0.577637 1.187256 -1
0 166.969604 89.356140 48.000160 -0.275146 1.187988 -1
0 166.969604 89.356140 -42.541550 -0.579590 1.179688 -1
0 166.969604 89.356140 -42.541550 -0.276123 1.178711 -1
0 -170.936279 89.356140 48.000160 -0.577637 1.187256 -1
0 -170.936279 89.356140 48.000160 -0.275146 1.187988 -1
0 -125.665405 89.356140 126.411423 -0.579590 1.179688 -1
0 -125.665405 89.356140 126.411423 -0.276123 1.178711 -1
0 121.698715 89.356140 126.411423 -0.577637 1.187256 -1
0 121.698715 89.356140 126.411423 -0.275146 1.187988 -1
0 166.969604 89.356140 48.000160 -0.579590 1.179688 -1
0 166.969604 89.356140 48.000160 -0.276123 1.178711 -1
0 -47.254219 89.356140 171.682281 -0.577637 1.187256 -1
0 -47.254219 89.356140 171.682281 -0.275146 1.187988 -1
0 43.287483 89.356140 171.682281 -0.579590 1.179688 -1
0 43.287483 89.356140 171.682281 -0.276123 1.178711 -1
0 43.287483 89.356140 171.682281 -0.577637 1.187256 -1
0 43.287483 89.356140 171.682281 -0.275146 1.187988 -1
0 121.698715 89.356140 126.411423 -0.579590 1.179688 -1
0 121.698715 89.356140 126.411423 -0.276123 1.178711 -1
235
0.335675 0.741140 -0.581407
0.335676 0.741137 -0.581410
0.335678 0.741134 -0.581413
0.269822 0.841893 -0.467345
0.269823 0.841892 -0.467347
0.269823 0.841891 -0.467349
0.000000 0.741140 -0.671350
0.000000 0.841891 -0.539647
0.467346 0.841893 -0.269822
0.467346 0.841893 -0.269822
0.467346 0.841893 -0.269822
-0.335679 0.741133 -0.581413
-0.335677 0.741136 -0.581411
-0.335675 0.741138 -0.581409
0.581414 0.741132 -0.335680
0.581413 0.741133 -0.335679
0.581412 0.741134 -0.335678
0.539643 0.841894 0.000000
-0.581406 0.741140 -0.335676
-0.581411 0.741135 -0.335678
-0.581416 0.741131 -0.335680
-0.269823 0.841892 -0.467348
-0.269823 0.841892 -0.467347
-0.269822 0.841893 -0.467346
0.467347 0.841892 0.269823
0.467346 0.841893 0.269822
0.467345 0.841893 0.269822
-0.671349 0.741141 0.000000
-0.671349 0.741141 0.000000
0.671356 0.741135 0.000000
0.269827 0.841887 0.467354
0.269824 0.841890 0.467351
0.269822 0.841892 0.467347
-0.581413 0.741133 0.335680
-0.581410 0.741137 0.335677
-0.581407 0.741140 0.335675
-0.467348 0.841891 -0.269824
-0.467349 0.841890 -0.269825
-0.467351 0.841889 -0.269825
0.000000 0.841886 0.539655
-0.335679 0.741133 0.581414
-0.335678 0.741135 0.581412
-0.335678 0.741137 0.581410
0.581412 0.741134 0.335678
0.581412 0.741134 0.335678
0.581413 0.741134 0.335678
-0.269823 0.841892 0.467348
-0.269825 0.841890 0.467351
-0.269826 0.841887 0.467354
0.000000 0.741134 0.671357
-0.539651 0.841889 0.000000
-0.467351 0.841889 0.269826
-0.467350 0.841890 0.269825
-0.467349 0.841891 0.269824
0.335677 0.741137 0.581409
0.335678 0.741136 0.581411
0.335679 0.741134 0.581412
0.000000 0.000000 0.000000
0.335677 0.741136 -0.581410
0.335678 0.741133 -0.581413
0.335680 0.741130 -0.581416
0.269821 0.841895 -0.467343
0.269821 0.841894 -0.467345
0.269822 0.841893 -0.467347
0.000000 0.741137 -0.671354
0.000000 0.841893 -0.539645
0.000000 0.841893 -0.539645
0.467343 0.841895 -0.269821
0.467344 0.841895 -0.269821
0.467344 0.841894 -0.269821
-0.335681 0.741130 -0.581416
-0.335679 0.741132 -0.581414
-0.335677 0.741135 -0.581412
0.581418 0.741128 -0.335682
0.581417 0.741130 -0.335681
0.581416 0.741131 -0.335680
0.539641 0.841895 0.000000
-0.581410 0.741136 -0.335678
-0.581414 0.741132 -0.335680
-0.581419 0.741127 -0.335682
-0.269822 0.841893 -0.467346
-0.269822 0.841894 -0.467345
-0.269821 0.841894 -0.467344
0.467345 0.841894 0.269822
0.467344 0.841894 0.269821
0.467343 0.841895 0.269821
-0.671353 0.741137 0.000000
-0.671353 0.741137 0.000000
0.671360 0.741131 0.000000
0.269826 0.841888 0.467352
0.269823 0.841891 0.467349
0.269821 0.841894 0.467345
-0.581417 0.741129 0.335682
-0.581413 0.741133 0.335679
-0.581410 0.741136 0.335677
-0.467346 0.841893 -0.269823
-0.467347 0.841892 -0.269823
-0.467349 0.841891 -0.269824
0.000000 0.841888 0.539653
-0.335681 0.741129 0.581417
-0.335680 0.741131 0.581415
-0.335680 0.741133 0.581413
0.581416 0.741131 0.335680
0.581416 0.741130 0.335680
0.581416 0.741130 0.335680
-0.269822 0.841893 0.467346
-0.269823 0.841891 0.467349
-0.269825 0.841889 0.467352
0.000000 0.741130 0.671361
0.000000 0.741130 0.671361
-0.539648 0.841890 0.000000
-0.539649 0.841890 0.000000
-0.467349 0.841891 0.269824
-0.467348 0.841892 0.269824
-0.467347 0.841892 0.269823
0.335679 0.741133 0.581413
0.335680 0.741132 0.581414
0.335681 0.741131 0.581415
-0.335677 0.741138 0.581409
-0.335678 0.741135 0.581412
-0.335679 0.741131 0.581415
-0.269821 0.841894 0.467344
-0.269822 0.841893 0.467346
-0.269823 0.841892 0.467348
0.000000 0.741138 0.671353
0.000000 0.841892 0.539646
0.000000 0.841892 0.539646
-0.467345 0.841894 0.269821
-0.467345 0.841894 0.269822
-0.467345 0.841893 0.269822
0.335680 0.741131 0.581415
0.335678 0.741134 0.581413
0.335677 0.741136 0.581411
-0.581417 0.741130 0.335681
-0.581416 0.741131 0.335680
-0.581414 0.741132 0.335679
-0.539642 0.841895 0.000000
0.581409 0.741138 0.335677
0.581413 0.741133 0.335679
0.581418 0.741129 0.335681
0.269823 0.841892 0.467347
0.269822 0.841893 0.467346
0.269822 0.841893 0.467346
-0.467346 0.841893 -0.269822
-0.467345 0.841893 -0.269822
-0.467344 0.841894 -0.269821
0.671352 0.741139 0.000000
0.671352 0.741139 0.000000
-0.671359 0.741132 0.000000
-0.671359 0.741132 0.000000
-0.269827 0.841887 -0.467353
-0.269824 0.841890 -0.467350
-0.269821 0.841893 -0.467346
0.581415 0.741131 -0.335681
0.581412 0.741134 -0.335678
0.581409 0.741138 -0.335676
0.467347 0.841892 0.269823
0.467348 0.841891 0.269824
0.467350 0.841890 0.269825
0.000000 0.841887 -0.539654
0.335681 0.741130 -0.581416
0.335680 0.741132 -0.581414
0.335679 0.741134 -0.581412
-0.581414 0.741132 -0.335679
-0.581415 0.741132 -0.335680
-0.581415 0.741131 -0.335680
0.269823 0.841892 -0.467347
0.269824 0.841890 -0.467350
0.269825 0.841888 -0.467353
0.000000 0.741131 -0.671360
0.539650 0.841890 0.000000
0.539650 0.841890 0.000000
0.467350 0.841890 -0.269825
0.467349 0.841891 -0.269824
0.467348 0.841892 -0.269823
-0.335678 0.741135 -0.581412
-0.335679 0.741133 -0.581413
-0.335680 0.741132 -0.581414
0.477816 -0.294565 -0.827601
0.477816 -0.294563 -0.827602
0.477817 -0.294561 -0.827602
0.287472 0.818193 -0.497916
0.287470 0.818197 -0.497911
0.287468 0.818201 -0.497906
0.000000 -0.294563 -0.955632
0.000000 0.818200 -0.574934
0.497911 0.818197 -0.287469
0.497913 0.818195 -0.287471
0.497915 0.818193 -0.287472
-0.477816 -0.294563 -0.827601
-0.477816 -0.294564 -0.827601
-0.477816 -0.294564 -0.827601
0.827604 -0.294555 -0.477817
0.827603 -0.294558 -0.477817
0.827602 -0.294561 -0.477817
0.574940 0.818196 0.000000
-0.827601 -0.294565 -0.477816
-0.827602 -0.294562 -0.477816
-0.827602 -0.294559 -0.477817
-0.287467 0.818201 -0.497906
-0.287469 0.818198 -0.497910
-0.287472 0.818195 -0.497913
0.497914 0.818195 0.287471
0.497912 0.818196 0.287470
0.497910 0.818197 0.287470
-0.955632 -0.294563 0.000000
0.955633 -0.294559 0.000000
0.287467 0.818199 0.497908
0.287469 0.818197 0.497910
0.287471 0.818195 0.497913
-0.827603 -0.294556 0.477817
-0.827602 -0.294560 0.477817
-0.827601 -0.294563 0.477817
-0.497913 0.818196 -0.287470
-0.497910 0.818197 -0.287469
-0.497908 0.818199 -0.287468
0.000000 0.818198 0.574936
0.000000 0.818198 0.574936
-0.477815 -0.294569 0.827600
-0.477816 -0.294564 0.827601
-0.477818 -0.294558 0.827602
0.827602 -0.294559 0.477817
0.827603 -0.294556 0.477818
0.827604 -0.294552 0.477819
-0.287469 0.818196 0.497912
-0.287469 0.818198 0.497910
-0.287468 0.818199 0.497908
0.000000 -0.294569 0.955630
-0.574937 0.818198 0.000000
-0.497908 0.818199 0.287468
-0.497910 0.818198 0.287469
-0.497911 0.818197 0.287470
0.477817 -0.294555 0.827604
0.477816 -0.294563 0.827602
0.477816 -0.294570 0.827599
280
0 0 1 2 0 1 1 1
0 1 3 2 1 2 1 1
0 4 5 6 3 4 4 1
0 5 7 6 4 5 4 1
0 8 9 10 6 6 6 1
0 9 11 10 6 6 6 1
0 12 13 14 7 7 7 1
0 13 15 14 7 7 7 1
0 16 17 18 8 9 9 1
0 17 19 18 9 10 9 1
0 20 21 22 11 12 12 1
0 21 23 22 12 13 12 1
0 24 25 26 14 15 15 1
0 25 27 26 15 16 15 1
0 28 29 30 17 17 17 1
0 29 31 30 17 17 17 1
0 32 33 34 18 19 19 1
0 33 35 34 19 20 19 1
0 36 37 38 21 22 22 1
0 37 39 38 22 23 22 1
0 40 41 42 24 25 25 1
0 41 43 42 25 26 25 1
0 44 45 46 27 28 28 1
0 45 47 46 28 28 28 1
0 48 49 50 29 29 29 1
0 49 51 50 29 29 29 1
0 52 53 54 30 31 31 1
0 53 55 54 31 32 31 1
0 56 57 58 33 34 34 1
0 57 59 58 34 35 34 1
0 60 61 62 36 37 37 1
0 61 63 62 37 38 37 1
0 64 65 66 39 39 39 1
0 65 67 66 39 39 39 1
0 68 69 70 40 41 41 1
0 69 71 70 41 42 41 1
0 72 73 74 43 44 44 1
0 73 75 74 44 45 44 1
0 76 77 78 46 47 47 1
0 77 79 78 47 48 47 1
0 80 81 82 49 49 49 1
0 81 83 82 49 49 49 1
0 84 85 86 50 50 50 1
0 85 87 86 50 50 50 1
0 88 89 90 51 52 52 1
0 89 91 90 52 53 52 1
0 92 93 94 54 55 55 1
0 93 95 94 55 56 55 1
0 96 97 98 57 57 57 1
0 97 99 98 57 57 57 1
0 100 101 102 57 57 57 1
0 101 103 102 57 57 57 1
0 104 105 106 57 57 57 1
0 105 107 106 57 57 57 1
0 108 109 110 57 57 57 1
0 109 111 110 57 57 57 1
0 112 113 114 57 57 57 1
0 113 115 114 57 57 57 1
0 116 117 118 57 57 57 1
0 117 119 118 57 57 57 1
0 120 121 122 57 57 57 1
0 121 123 122 57 57 57 1
0 124 125 126 57 57 57 1
0 125 127 126 57 57 57 1
0 128 129 130 57 57 57 1
0 129 131 130 57 57 57 1
0 132 133 134 57 57 57 1
0 133 135 134 57 57 57 1
0 136 137 138 57 57 57 1
0 137 139 138 57 57 57 1
0 140 141 142 58 59 59 1
0 141 143 142 59 60 59 1
0 144 145 146 61 62 62 1
0 145 147 146 62 63 62 1
0 148 149 150 64 64 64 1
0 149 151 150 64 64 64 1
0 152 153 154 65 66 66 1
0 153 155 154 66 66 66 1
0 156 157 158 67 68 68 1
0 157 159 158 68 69 68 1
0 160 161 162 70 71 71 1
0 161 163 162 71 72 71 1
0 164 165 166 73 74 74 1
0 165 167 166 74 75 74 1
0 168 169 170 76 76 76 1
0 169 171 170 76 76 76 1
0 172 173 174 77 78 78 1
0 173 175 174 78 79 78 1
0 176 177 178 80 81 81 1
0 177 179 178 81 82 81 1
0 180 181 182 83 84 84 1
0 181 183 182 84 85 84 1
0 184 185 186 86 87 87 1
0 185 187 186 87 87 87 1
0 188 189 190 88 88 88 1
0 189 191 190 88 88 88 1
0 192 193 194 89 90 90 1
0 193 195 194 90 91 90 1
0 196 197 198 92 93 93 1
0 197 199 198 93 94 93 1
0 200 201 202 95 96 96 1
0 201 203 202 96 97 96 1
0 204 205 206 98 98 98 1
0 205 207 206 98 98 98 1
0 208 209 210 99 100 100 1
0 209 211 210 100 101 100 1
0 212 213 214 102 103 103 1
0 213 215 214 103 104 103 1
0 216 217 218 105 106 106 1
0 217 219 218 106 107 106 1
0 220 221 222 108 108 108 1
0 221 223 222 108 109 108 1
0 224 225 226 110 111 111 1
0 225 227 226 111 111 111 1
0 228 229 230 112 113 113 1
0 229 231 230 113 114 113 1
0 232 233 234 115 116 116 1
0 233 235 234 116 117 116 1
0 236 237 238 57 57 57 1
0 237 239 238 57 57 57 1
0 240 241 242 57 57 57 1
0 241 243 242 57 57 57 1
0 244 245 246 57 57 57 1
0 245 247 246 57 57 57 1
0 248 249 250 57 57 57 1
0 249 251 250 57 57 57 1
0 252 253 254 57 57 57 1
0 253 255 254 57 57 57 1
0 256 257 258 57 57 57 1
0 257 259 258 57 57 57 1
0 260 261 262 57 57 57 1
0 261 263 262 57 57 57 1
0 264 265 266 57 57 57 1
0 265 267 266 57 57 57 1
0 268 269 270 57 57 57 1
0 269 271 270 57 57 57 1
0 272 273 274 57 57 57 1
0 273 275 274 57 57 57 1
0 276 277 278 57 57 57 1
0 277 279 278 57 57 57 1
0 280 281 282 118 119 119 1
0 281 283 282 119 120 119 1
0 284 285 286 121 122 122 1
0 285 287 286 122 123 122 1
0 288 289 290 124 124 124 1
0 289 291 290 124 124 124 1
0 292 293 294 125 126 126 1
0 293 295 294 126 126 126 1
0 296 297 298 127 128 128 1
0 297 299 298 128 129 128 1
0 300 301 302 130 131 131 1
0 301 303 302 131 132 131 1
0 304 305 306 133 134 134 1
0 305 307 306 134 135 134 1
0 308 309 310 136 136 136 1
0 309 311 310 136 136 136 1
0 312 313 314 137 138 138 1
0 313 315 314 138 139 138 1
0 316 317 318 140 141 141 1
0 317 319 318 141 142 141 1
0 320 321 322 143 144 144 1
0 321 323 322 144 145 144 1
0 324 325 326 146 147 147 1
0 325 327 326 147 147 147 1
0 328 329 330 148 148 148 1
0 329 331 330 148 149 148 1
0 332 333 334 150 151 151 1
0 333 335 334 151 152 151 1
0 336 337 338 153 154 154 1
0 337 339 338 154 155 154 1
0 340 341 342 156 157 157 1
0 341 343 342 157 158 157 1
0 344 345 346 159 159 159 1
0 345 347 346 159 159 159 1
0 348 349 350 160 161 161 1
0 349 351 350 161 162 161 1
0 352 353 354 163 164 164 1
0 353 355 354 164 165 164 1
0 356 357 358 166 167 167 1
0 357 359 358 167 168 167 1
0 360 361 362 169 169 169 1
0 361 363 362 169 169 169 1
0 364 365 366 170 170 170 1
0 365 367 366 170 171 170 1
0 368 369 370 172 173 173 1
0 369 371 370 173 174 173 1
0 372 373 374 175 176 176 1
0 373 375 374 176 177 176 1
0 376 377 378 57 57 57 1
0 377 379 378 57 57 57 1
0 380 381 382 57 57 57 1
0 381 383 382 57 57 57 1
0 384 385 386 57 57 57 1
0 385 387 386 57 57 57 1
0 388 389 390 57 57 57 1
0 389 391 390 57 57 57 1
0 392 393 394 57 57 57 1
0 393 395 394 57 57 57 1
0 396 397 398 57 57 57 1
0 397 399 398 57 57 57 1
0 400 401 402 57 57 57 1
0 401 403 402 57 57 57 1
0 404 405 406 57 57 57 1
0 405 407 406 57 57 57 1
0 408 409 410 57 57 57 1
0 409 411 410 57 57 57 1
0 412 413 414 57 57 57 1
0 413 415 414 57 57 57 1
0 416 417 418 57 57 57 1
0 417 419 418 57 57 57 1
0 420 421 422 178 179 179 1
0 421 423 422 179 180 179 1
0 424 425 426 181 182 182 1
0 425 427 426 182 183 182 1
0 428 429 430 184 184 184 1
0 429 431 430 184 184 184 1
0 432 433 434 185 185 185 1
0 433 435 434 185 185 185 1
0 436 437 438 186 187 187 1
0 437 439 438 187 188 187 1
0 440 441 442 189 190 190 1
0 441 443 442 190 191 190 1
0 444 445 446 192 193 193 1
0 445 447 446 193 194 193 1
0 448 449 450 195 195 195 1
0 449 451 450 195 195 195 1
0 452 453 454 196 197 197 1
0 453 455 454 197 198 197 1
0 456 457 458 199 200 200 1
0 457 459 458 200 201 200 1
0 460 461 462 202 203 203 1
0 461 463 462 203 204 203 1
0 464 465 466 205 205 205 1
0 465 467 466 205 205 205 1
0 468 469 470 206 206 206 1
0 469 471 470 206 206 206 1
0 472 473 474 207 208 208 1
0 473 475 474 208 209 208 1
0 476 477 478 210 211 211 1
0 477 479 478 211 212 211 1
0 480 481 482 213 214 214 1
0 481 483 482 214 215 214 1
0 484 485 486 216 216 216 1
0 485 487 486 216 217 216 1
0 488 489 490 218 219 219 1
0 489 491 490 219 220 219 1
0 492 493 494 221 222 222 1
0 493 495 494 222 223 222 1
0 496 497 498 224 225 225 1
0 497 499 498 225 226 225 1
0 500 501 502 227 227 227 1
0 501 503 502 227 227 227 1
0 504 505 506 228 228 228 1
0 505 507 506 228 228 228 1
0 508 509 510 229 230 230 1
0 509 511 510 230 231 230 1
0 512 513 514 232 233 233 1
0 513 515 514 233 234 233 1
0 516 517 518 57 57 57 1
0 517 519 518 57 57 57 1
0 520 521 522 57 57 57 1
0 521 523 522 57 57 57 1
0 524 525 526 57 57 57 1
0 525 527 526 57 57 57 1
0 528 529 530 57 57 57 1
0 529 531 530 57 57 57 1
0 532 533 534 57 57 57 1
0 533 535 534 57 57 57 1
0 536 537 538 57 57 57 1
0 537 539 538 57 57 57 1
0 540 541 542 57 57 57 1
0 541 543 542 57 57 57 1
0 544 545 546 57 57 57 1
0 545 547 546 57 57 57 1
0 548 549 550 57 57 57 1
0 549 551 550 57 57 57 1
0 552 553 554 57 57 57 1
0 553 555 554 57 57 57 1
0 556 557 558 57 57 57 1
0 557 559 558 57 57 57 1

Materials: 1
"E"
1.000000 1.000000 1.000000 1.000000
1.000000 1.000000 1.000000 1.000000
1.000000 1.000000 1.000000 1.000000
1.000000 1.000000 1.000000 1.000000
0.185600
1.000000
"Tex_0008_0.png"
""

Bones: 0
GroupComments: 0
MaterialComments: 0
BoneComments: 0
ModelComment: 0
