Meshes: 2
"Duplicate02" 0 5
160
0 29.024141 -161.428070 68.376656 0.521024 0.644637 -1
0 13.957567 -161.428070 73.090942 0.480360 0.644637 -1
0 13.957567 -80.896713 73.090942 0.480360 0.542072 -1
0 -1.739219 -80.896713 74.775452 0.437994 0.542072 -1
0 -1.739219 -161.428070 74.775398 0.437994 0.644637 -1
0 -17.463020 -80.896713 73.365189 0.395555 0.542072 -1
0 -17.463020 -161.428101 73.365189 0.395555 0.644637 -1
0 -32.609573 -80.896713 68.914444 0.354674 0.542072 -1
0 -32.609573 -161.428101 68.914444 0.354674 0.644637 -1
0 -46.596745 -80.896713 61.594334 0.316923 0.542072 -1
0 -46.596745 -161.428101 61.594334 0.316923 0.644637 -1
0 -58.887184 -80.896713 51.686131 0.283751 0.542072 -1
0 -58.887184 -161.428070 51.686131 0.283751 0.644637 -1
0 -69.008453 -80.896713 39.570560 0.256433 0.542072 -1
0 -69.008453 -161.428101 39.570560 0.256433 0.644637 -1
0 -76.571518 -80.896713 25.713207 0.236020 0.542072 -1
0 -76.571518 -161.428101 25.713215 0.236020 0.644637 -1
0 -81.285858 -80.896713 10.646640 0.223296 0.542072 -1
0 -81.285858 -161.428101 10.646649 0.223296 0.644637 -1
0 -82.970253 -80.896713 -5.050146 0.218750 0.542072 -1
0 -82.970253 -161.428101 -5.050146 0.218750 0.644637 -1
0 -81.560028 -80.896713 -20.773954 0.222556 0.542072 -1
0 -81.560028 -161.428070 -20.773954 0.222556 0.644637 -1
0 -77.109299 -80.896713 -35.920498 0.234569 0.542072 -1
0 -77.109299 -161.428070 -35.920498 0.234569 0.644637 -1
0 -69.789139 -80.896713 -49.907703 0.254326 0.542072 -1
0 -69.789139 -161.428070 -49.907688 0.254326 0.644637 -1
0 -59.881016 -80.896713 -62.198063 0.281068 0.542072 -1
0 -59.881016 -161.428070 -62.198063 0.281068 0.644637 -1
0 -47.765434 -80.896713 -72.319305 0.313768 0.542072 -1
0 -47.765434 -161.428101 -72.319313 0.313768 0.644637 -1
0 -33.908089 -80.896713 -79.882477 0.351169 0.542072 -1
0 -33.908089 -161.428101 -79.882477 0.351169 0.644637 -1
0 -18.841520 -80.896713 -84.596748 0.391834 0.542072 -1
0 -18.841520 -161.428101 -84.596748 0.391834 0.644637 -1
0 -3.144703 -80.896713 -86.281250 0.434200 0.542072 -1
0 -3.144703 -161.428070 -86.281250 0.434200 0.644637 -1
0 12.579084 -80.896713 -84.871002 0.476639 0.542072 -1
0 12.579084 -161.428070 -84.871002 0.476639 0.644637 -1
0 27.725676 -80.896713 -80.420265 0.517520 0.542072 -1
0 27.725676 -161.428070 -80.420288 0.517520 0.644637 -1
0 41.712894 -80.896713 -73.100159 0.555272 0.542072 -1
0 41.712894 -161.428101 -73.100151 0.555272 0.644637 -1
0 54.003288 -80.896713 -63.191929 0.588444 0.542072 -1
0 54.003288 -161.428101 -63.191929 0.588444 0.644637 -1
0 64.124481 -80.896713 -51.076347 0.615761 0.542072 -1
0 64.124481 -161.428101 -51.076332 0.615761 0.644637 -1
0 71.687599 -80.896713 -37.219070 0.636174 0.542072 -1
0 71.687599 -161.428101 -37.219070 0.636174 0.644637 -1
0 76.401924 -80.896713 -22.152437 0.648898 0.542072 -1
0 76.401924 -161.428070 -22.152426 0.648898 0.644637 -1
0 78.086296 -80.896713 -6.455667 0.653444 0.542072 -1
0 78.086296 -161.428070 -6.455658 0.653444 0.644637 -1
0 76.676117 -80.896713 9.268125 0.649638 0.542072 -1
0 76.676117 -161.428101 9.268125 0.649638 0.644637 -1
0 72.225418 -80.896713 24.414663 0.637626 0.542072 -1
0 72.225418 -161.428101 24.414663 0.637626 0.644637 -1
0 64.905273 -80.896713 38.401897 0.617868 0.542072 -1
0 64.905273 -161.428101 38.401897 0.617868 0.644637 -1
0 54.997078 -80.896713 50.692314 0.591126 0.542072 -1
0 54.997078 -161.428101 50.692314 0.591126 0.644637 -1
0 42.881500 -80.896713 60.813553 0.558426 0.542072 -1
0 42.881500 -161.428070 60.813553 0.558426 0.644637 -1
0 29.024141 -80.896690 68.376656 0.521024 0.542072 -1
0 13.957567 -0.365325 73.090942 0.480360 0.439506 -1
0 -1.739219 -0.365325 74.775452 0.437994 0.439506 -1
0 -17.463039 -0.365325 73.365189 0.395555 0.439506 -1
0 -32.609577 -0.365325 68.914444 0.354674 0.439506 -1
0 -46.596745 -0.365325 61.594334 0.316923 0.439506 -1
0 -58.887184 -0.365325 51.686131 0.283751 0.439506 -1
0 -69.008453 -0.365325 39.570560 0.256433 0.439506 -1
0 -76.571518 -0.365325 25.713207 0.236020 0.439506 -1
0 -81.285858 -0.365325 10.646640 0.223296 0.439506 -1
0 -82.970253 -0.365325 -5.050146 0.218750 0.439506 -1
0 -81.560028 -0.365313 -20.773954 0.222556 0.439506 -1
0 -77.109299 -0.365313 -35.920498 0.234569 0.439506 -1
0 -69.789139 -0.365313 -49.907703 0.254326 0.439506 -1
0 -59.881016 -0.365325 -62.198063 0.281068 0.439506 -1
0 -47.765434 -0.365313 -72.319305 0.313768 0.439506 -1
0 -33.908089 -0.365325 -79.882477 0.351169 0.439506 -1
0 -18.841520 -0.365325 -84.596741 0.391834 0.439506 -1
0 -3.144703 -0.365325 -86.281250 0.434200 0.439506 -1
0 12.579090 -0.365313 -84.871002 0.476639 0.439506 -1
0 27.725676 -0.365313 -80.420265 0.517520 0.439506 -1
0 41.712894 -0.365313 -73.100151 0.555272 0.439506 -1
0 54.003330 -0.365325 -63.191929 0.588444 0.439506 -1
0 64.124481 -0.365325 -51.076347 0.615761 0.439506 -1
0 71.687599 -0.365325 -37.219070 0.636174 0.439506 -1
0 76.401909 -0.365325 -22.152437 0.648898 0.439506 -1
0 78.086266 -0.365325 -6.455667 0.653444 0.439506 -1
0 76.676117 -0.365313 9.268138 0.649638 0.439506 -1
0 72.225418 -0.365325 24.414652 0.637626 0.439506 -1
0 64.905273 -0.365313 38.401897 0.617868 0.439506 -1
0 54.997078 -0.365325 50.692314 0.591126 0.439506 -1
0 42.881500 -0.365325 60.813522 0.558426 0.439506 -1
0 29.024141 -0.365325 68.376656 0.521024 0.439506 -1
0 13.957567 80.166077 73.090942 0.480360 0.336941 -1
0 -1.739219 80.166077 74.775452 0.437994 0.336941 -1
0 -17.463039 80.166077 73.365189 0.395555 0.336941 -1
0 -32.609573 80.166077 68.914444 0.354674 0.336941 -1
0 -46.596745 80.166077 61.594334 0.316923 0.336941 -1
0 -58.887184 80.166077 51.686131 0.283751 0.336941 -1
0 -69.008453 80.166077 39.570541 0.256433 0.336941 -1
0 -76.571518 80.166077 25.713207 0.236020 0.336941 -1
0 -81.285858 80.166077 10.646640 0.223296 0.336941 -1
0 -82.970253 80.166077 -5.050146 0.218750 0.336941 -1
0 -81.560028 80.166077 -20.773954 0.222556 0.336941 -1
0 -77.109299 80.166077 -35.920506 0.234569 0.336941 -1
0 -69.789139 80.166077 -49.907703 0.254326 0.336941 -1
0 -59.881016 80.166077 -62.198063 0.281068 0.336941 -1
0 -47.765434 80.166077 -72.319313 0.313768 0.336941 -1
0 -33.908089 80.166077 -79.882477 0.351169 0.336941 -1
0 -18.841520 80.166077 -84.596741 0.391834 0.336941 -1
0 -3.144703 80.166077 -86.281250 0.434200 0.336941 -1
0 12.579084 80.166077 -84.871002 0.476639 0.336941 -1
0 27.725676 80.166077 -80.420265 0.517520 0.336941 -1
0 41.712894 80.166084 -73.100159 0.555272 0.336941 -1
0 54.003288 80.166077 -63.191929 0.588444 0.336941 -1
0 64.124481 80.166077 -51.076347 0.615761 0.336941 -1
0 71.687599 80.166077 -37.219070 0.636174 0.336941 -1
0 76.401924 80.166077 -22.152437 0.648898 0.336941 -1
0 78.086296 80.166077 -6.455667 0.653444 0.336941 -1
0 76.676117 80.166077 9.268125 0.649638 0.336941 -1
0 72.225418 80.166077 24.414652 0.637626 0.336941 -1
0 64.905273 80.166077 38.401897 0.617868 0.336941 -1
0 54.997078 80.166077 50.692314 0.591126 0.336941 -1
0 42.881500 80.166077 60.813522 0.558426 0.336941 -1
0 29.024141 80.166077 68.376625 0.521024 0.336941 -1
0 13.957558 160.697479 73.090942 0.480360 0.234375 -1
0 -1.739219 160.697479 74.775398 0.437994 0.234375 -1
0 -17.463020 160.697479 73.365158 0.395555 0.234375 -1
0 -32.609573 160.697479 68.914444 0.354674 0.234375 -1
0 -46.596745 160.697479 61.594334 0.316923 0.234375 -1
0 -58.887192 160.697479 51.686123 0.283751 0.234375 -1
0 -69.008453 160.697479 39.570541 0.256433 0.234375 -1
0 -76.571518 160.697479 25.713215 0.236020 0.234375 -1
0 -81.285858 160.697479 10.646640 0.223296 0.234375 -1
0 -82.970253 160.697479 -5.050156 0.218750 0.234375 -1
0 -81.560028 160.697479 -20.773954 0.222556 0.234375 -1
0 -77.109299 160.697479 -35.920506 0.234569 0.234375 -1
0 -69.789139 160.697479 -49.907703 0.254326 0.234375 -1
0 -59.881016 160.697479 -62.198063 0.281068 0.234375 -1
0 -47.765434 160.697479 -72.319313 0.313768 0.234375 -1
0 -33.908089 160.697479 -79.882477 0.351169 0.234375 -1
0 -18.841520 160.697479 -84.596748 0.391834 0.234375 -1
0 -3.144703 160.697479 -86.281250 0.434200 0.234375 -1
0 12.579084 160.697479 -84.871002 0.476639 0.234375 -1
0 27.725676 160.697479 -80.420273 0.517520 0.234375 -1
0 41.712894 160.697479 -73.100159 0.555272 0.234375 -1
0 54.003288 160.697479 -63.191952 0.588444 0.234375 -1
0 64.124481 160.697479 -51.076347 0.615761 0.234375 -1
0 71.687599 160.697479 -37.219070 0.636174 0.234375 -1
0 76.401924 160.697479 -22.152437 0.648898 0.234375 -1
0 78.086296 160.697479 -6.455658 0.653444 0.234375 -1
0 76.676117 160.697479 9.268112 0.649638 0.234375 -1
0 72.225418 160.697479 24.414652 0.637626 0.234375 -1
0 64.905251 160.697479 38.401897 0.617868 0.234375 -1
0 54.997078 160.697479 50.692314 0.591126 0.234375 -1
0 42.881500 160.697479 60.813553 0.558426 0.234375 -1
0 29.024141 160.697479 68.376625 0.521024 0.234375 -1
159
-0.360313 0.000000 -0.932831
-0.171408 0.000000 -0.985200
-0.203642 0.000000 -0.979045
-0.008727 0.000000 -0.999962
0.024090 0.000000 -0.999710
0.186526 0.000000 -0.982450
0.218662 0.000000 -0.975801
0.374609 0.000000 -0.927183
0.404830 0.000000 -0.914392
0.548292 0.000000 -0.836287
0.575437 0.000000 -0.817846
0.700907 0.000000 -0.713253
0.723933 0.000000 -0.689870
0.826590 0.000000 -0.562805
0.844612 -0.000000 -0.535378
0.920506 -0.000000 -0.390729
0.932831 -0.000000 -0.360315
0.979046 -0.000000 -0.203640
0.985201 -0.000000 -0.171405
0.999962 -0.000000 -0.008726
0.999710 0.000000 0.024090
0.982450 0.000000 0.186525
0.975801 0.000000 0.218662
0.927183 0.000000 0.374609
0.914392 0.000000 0.404831
0.836287 0.000000 0.548293
0.817846 0.000000 0.575437
0.713253 0.000000 0.700907
0.689869 -0.000000 0.723934
0.562807 -0.000000 0.826589
0.535381 -0.000000 0.844611
0.390730 -0.000000 0.920505
0.360314 0.000000 0.932831
0.203641 -0.000000 0.979046
0.171408 0.000000 0.985200
0.008728 0.000000 0.999962
-0.024089 0.000000 0.999710
-0.186526 0.000000 0.982450
-0.218662 -0.000000 0.975801
-0.374607 -0.000000 0.927184
-0.404829 -0.000000 0.914392
-0.548293 0.000000 0.836287
-0.575439 0.000000 0.817845
-0.700910 0.000000 0.713250
-0.723936 0.000000 0.689867
-0.826590 0.000000 0.562805
-0.844611 0.000000 0.535380
-0.920505 -0.000000 0.390731
-0.932831 0.000000 0.360315
-0.979046 -0.000000 0.203638
-0.985201 0.000000 0.171403
-0.999962 -0.000000 0.008727
-0.999710 0.000000 -0.024089
-0.982451 0.000000 -0.186523
-0.975801 0.000000 -0.218660
-0.927184 -0.000000 -0.374607
-0.914392 0.000000 -0.404829
-0.836287 0.000000 -0.548292
-0.817846 0.000000 -0.575437
-0.713252 -0.000000 -0.700908
-0.689869 0.000000 -0.723934
-0.562805 -0.000000 -0.826590
-0.535379 0.000000 -0.844612
-0.390729 0.000000 -0.920506
-0.008728 0.000000 -0.999962
0.186527 0.000000 -0.982450
0.374609 0.000000 -0.927183
0.548292 0.000000 -0.836287
0.700907 -0.000000 -0.713253
0.826590 -0.000000 -0.562805
0.920506 0.000000 -0.390729
0.979046 0.000000 -0.203640
0.999962 0.000000 -0.008726
0.982450 0.000000 0.186525
0.927183 0.000000 0.374609
0.836287 0.000000 0.548293
0.713253 0.000000 0.700907
0.562807 0.000000 0.826589
0.390730 0.000000 0.920505
0.203641 -0.000000 0.979046
0.008728 -0.000000 0.999962
-0.186526 0.000000 0.982450
-0.374607 0.000000 0.927184
-0.548292 -0.000000 0.836287
-0.700909 -0.000000 0.713250
-0.826590 0.000000 0.562805
-0.920505 0.000000 0.390730
-0.979046 0.000000 0.203638
-0.999962 -0.000000 0.008727
-0.982451 -0.000000 -0.186522
-0.927184 -0.000000 -0.374607
-0.836287 -0.000000 -0.548292
-0.713252 0.000000 -0.700908
-0.562805 -0.000000 -0.826590
-0.390729 -0.000000 -0.920506
-0.203642 -0.000000 -0.979045
-0.008728 -0.000000 -0.999962
0.186526 -0.000000 -0.982450
0.374609 -0.000000 -0.927183
0.548292 -0.000000 -0.836287
0.700907 -0.000000 -0.713253
0.826590 -0.000000 -0.562805
0.920506 -0.000000 -0.390729
0.979046 -0.000000 -0.203640
0.999962 -0.000000 -0.008726
0.982450 0.000000 0.186525
0.927183 0.000000 0.374609
0.836287 0.000000 0.548293
0.713253 0.000000 0.700907
0.562807 0.000000 0.826589
0.390730 0.000000 0.920505
0.203641 0.000000 0.979046
0.008728 0.000000 0.999962
-0.186526 0.000000 0.982450
-0.374607 0.000000 0.927184
-0.548293 0.000000 0.836287
-0.700909 -0.000000 0.713250
-0.826590 -0.000000 0.562805
-0.920505 0.000000 0.390731
-0.979046 0.000000 0.203638
-0.999962 0.000000 0.008726
-0.982451 0.000000 -0.186523
-0.927183 -0.000000 -0.374608
-0.836287 -0.000000 -0.548292
-0.713252 0.000000 -0.700908
-0.562804 0.000000 -0.826590
-0.390730 -0.000000 -0.920505
-0.235656 -0.000000 -0.971837
-0.041535 -0.000000 -0.999137
0.154188 -0.000000 -0.988042
0.343983 -0.000000 -0.938976
0.520557 0.000000 -0.853827
0.677126 -0.000000 -0.735867
0.807677 0.000000 -0.589625
0.907189 0.000000 -0.420723
0.971837 0.000000 -0.235656
0.999137 -0.000000 -0.041532
0.988042 0.000000 0.154187
0.938976 0.000000 0.343984
0.853827 0.000000 0.520558
0.735868 0.000000 0.677125
0.589626 0.000000 0.807676
0.420725 0.000000 0.907188
0.235655 0.000000 0.971837
0.041536 0.000000 0.999137
-0.154188 0.000000 0.988042
-0.343983 0.000000 0.938976
-0.520556 0.000000 0.853827
-0.677128 0.000000 0.735865
-0.807678 0.000000 0.589624
-0.907188 0.000000 0.420725
-0.971837 0.000000 0.235654
-0.999137 -0.000000 0.041532
-0.988042 -0.000000 -0.154185
-0.938976 -0.000000 -0.343983
-0.853827 -0.000000 -0.520557
-0.735867 -0.000000 -0.677126
-0.589624 0.000000 -0.807678
-0.420723 0.000000 -0.907189
256
0 0 1 2 0 1 2 1
0 2 1 3 2 1 3 1
0 1 4 3 1 4 3 1
0 3 4 5 3 4 5 1
0 4 6 5 4 6 5 1
0 5 6 7 5 6 7 1
0 6 8 7 6 8 7 1
0 7 8 9 7 8 9 1
0 8 10 9 8 10 9 1
0 9 10 11 9 10 11 1
0 10 12 11 10 12 11 1
0 11 12 13 11 12 13 1
0 12 14 13 12 14 13 1
0 13 14 15 13 14 15 1
0 14 16 15 14 16 15 1
0 15 16 17 15 16 17 1
0 16 18 17 16 18 17 1
0 17 18 19 17 18 19 1
0 18 20 19 18 20 19 1
0 19 20 21 19 20 21 1
0 20 22 21 20 22 21 1
0 21 22 23 21 22 23 1
0 22 24 23 22 24 23 1
0 23 24 25 23 24 25 1
0 24 26 25 24 26 25 1
0 25 26 27 25 26 27 1
0 26 28 27 26 28 27 1
0 27 28 29 27 28 29 1
0 28 30 29 28 30 29 1
0 29 30 31 29 30 31 1
0 30 32 31 30 32 31 1
0 31 32 33 31 32 33 1
0 32 34 33 32 34 33 1
0 33 34 35 33 34 35 1
0 34 36 35 34 36 35 1
0 35 36 37 35 36 37 1
0 36 38 37 36 38 37 1
0 37 38 39 37 38 39 1
0 38 40 39 38 40 39 1
0 39 40 41 39 40 41 1
0 40 42 41 40 42 41 1
0 41 42 43 41 42 43 1
0 42 44 43 42 44 43 1
0 43 44 45 43 44 45 1
0 44 46 45 44 46 45 1
0 45 46 47 45 46 47 1
0 46 48 47 46 48 47 1
0 47 48 49 47 48 49 1
0 48 50 49 48 50 49 1
0 49 50 51 49 50 51 1
0 50 52 51 50 52 51 1
0 51 52 53 51 52 53 1
0 52 54 53 52 54 53 1
0 53 54 55 53 54 55 1
0 54 56 55 54 56 55 1
0 55 56 57 55 56 57 1
0 56 58 57 56 58 57 1
0 57 58 59 57 58 59 1
0 58 60 59 58 60 59 1
0 59 60 61 59 60 61 1
0 60 62 61 60 62 61 1
0 61 62 63 61 62 63 1
0 63 2 64 63 2 2 1
0 64 2 65 2 2 64 1
0 2 3 65 2 3 64 1
0 65 3 66 64 3 65 1
0 3 5 66 3 5 65 1
0 66 5 67 65 5 66 1
0 5 7 67 5 7 66 1
0 67 7 68 66 7 67 1
0 7 9 68 7 9 67 1
0 68 9 69 67 9 68 1
0 9 11 69 9 11 68 1
0 69 11 70 68 11 69 1
0 11 13 70 11 13 69 1
0 70 13 71 69 13 70 1
0 13 15 71 13 15 70 1
0 71 15 72 70 15 71 1
0 15 17 72 15 17 71 1
0 72 17 73 71 17 72 1
0 17 19 73 17 19 72 1
0 73 19 74 72 19 73 1
0 19 21 74 19 21 73 1
0 74 21 75 73 21 74 1
0 21 23 75 21 23 74 1
0 75 23 76 74 23 75 1
0 23 25 76 23 25 75 1
0 76 25 77 75 25 76 1
0 25 27 77 25 27 76 1
0 77 27 78 76 27 77 1
0 27 29 78 27 29 77 1
0 78 29 79 77 29 78 1
0 29 31 79 29 31 78 1
0 79 31 80 78 31 79 1
0 31 33 80 31 33 79 1
0 80 33 81 79 33 80 1
0 33 35 81 33 35 80 1
0 81 35 82 80 35 81 1
0 35 37 82 35 37 81 1
0 82 37 83 81 37 82 1
0 37 39 83 37 39 82 1
0 83 39 84 82 39 83 1
0 39 41 84 39 41 83 1
0 84 41 85 83 41 84 1
0 41 43 85 41 43 84 1
0 85 43 86 84 43 85 1
0 43 45 86 43 45 85 1
0 86 45 87 85 45 86 1
0 45 47 87 45 47 86 1
0 87 47 88 86 47 87 1
0 47 49 88 47 49 87 1
0 88 49 89 87 49 88 1
0 49 51 89 49 51 88 1
0 89 51 90 88 51 89 1
0 51 53 90 51 53 89 1
0 90 53 91 89 53 90 1
0 53 55 91 53 55 90 1
0 91 55 92 90 55 91 1
0 55 57 92 55 57 91 1
0 92 57 93 91 57 92 1
0 57 59 93 57 59 92 1
0 93 59 94 92 59 93 1
0 59 61 94 59 61 93 1
0 94 61 95 93 61 94 1
0 95 64 96 94 2 95 1
0 96 64 97 95 2 96 1
0 64 65 97 2 64 96 1
0 97 65 98 96 64 97 1
0 65 66 98 64 65 97 1
0 98 66 99 97 65 98 1
0 66 67 99 65 66 98 1
0 99 67 100 98 66 99 1
0 67 68 100 66 67 99 1
0 100 68 101 99 67 100 1
0 68 69 101 67 68 100 1
0 101 69 102 100 68 101 1
0 69 70 102 68 69 101 1
0 102 70 103 101 69 102 1
0 70 71 103 69 70 102 1
0 103 71 104 102 70 103 1
0 71 72 104 70 71 103 1
0 104 72 105 103 71 104 1
0 72 73 105 71 72 104 1
0 105 73 106 104 72 105 1
0 73 74 106 72 73 105 1
0 106 74 107 105 73 106 1
0 74 75 107 73 74 106 1
0 107 75 108 106 74 107 1
0 75 76 108 74 75 107 1
0 108 76 109 107 75 108 1
0 76 77 109 75 76 108 1
0 109 77 110 108 76 109 1
0 77 78 110 76 77 109 1
0 110 78 111 109 77 110 1
0 78 79 111 77 78 110 1
0 111 79 112 110 78 111 1
0 79 80 112 78 79 111 1
0 112 80 113 111 79 112 1
0 80 81 113 79 80 112 1
0 113 81 114 112 80 113 1
0 81 82 114 80 81 113 1
0 114 82 115 113 81 114 1
0 82 83 115 81 82 114 1
0 115 83 116 114 82 115 1
0 83 84 116 82 83 115 1
0 116 84 117 115 83 116 1
0 84 85 117 83 84 116 1
0 117 85 118 116 84 117 1
0 85 86 118 84 85 117 1
0 118 86 119 117 85 118 1
0 86 87 119 85 86 118 1
0 119 87 120 118 86 119 1
0 87 88 120 86 87 119 1
0 120 88 121 119 87 120 1
0 88 89 121 87 88 120 1
0 121 89 122 120 88 121 1
0 89 90 122 88 89 121 1
0 122 90 123 121 89 122 1
0 90 91 123 89 90 122 1
0 123 91 124 122 90 123 1
0 91 92 124 90 91 123 1
0 124 92 125 123 91 124 1
0 92 93 125 91 92 124 1
0 125 93 126 124 92 125 1
0 93 94 126 92 93 125 1
0 126 94 127 125 93 126 1
0 127 96 128 126 95 127 1
0 128 96 129 127 95 128 1
0 96 97 129 95 96 128 1
0 129 97 130 128 96 129 1
0 97 98 130 96 97 129 1
0 130 98 131 129 97 130 1
0 98 99 131 97 98 130 1
0 131 99 132 130 98 131 1
0 99 100 132 98 99 131 1
0 132 100 133 131 99 132 1
0 100 101 133 99 100 132 1
0 133 101 134 132 100 133 1
0 101 102 134 100 101 133 1
0 134 102 135 133 101 134 1
0 102 103 135 101 102 134 1
0 135 103 136 134 102 135 1
0 103 104 136 102 103 135 1
0 136 104 137 135 103 136 1
0 104 105 137 103 104 136 1
0 137 105 138 136 104 137 1
0 105 106 138 104 105 137 1
0 138 106 139 137 105 138 1
0 106 107 139 105 106 138 1
0 139 107 140 138 106 139 1
0 107 108 140 106 107 139 1
0 140 108 141 139 107 140 1
0 108 109 141 107 108 140 1
0 141 109 142 140 108 141 1
0 109 110 142 108 109 141 1
0 142 110 143 141 109 142 1
0 110 111 143 109 110 142 1
0 143 111 144 142 110 143 1
0 111 112 144 110 111 143 1
0 144 112 145 143 111 144 1
0 112 113 145 111 112 144 1
0 145 113 146 144 112 145 1
0 113 114 146 112 113 145 1
0 146 114 147 145 113 146 1
0 114 115 147 113 114 146 1
0 147 115 148 146 114 147 1
0 115 116 148 114 115 147 1
0 148 116 149 147 115 148 1
0 116 117 149 115 116 148 1
0 149 117 150 148 116 149 1
0 117 118 150 116 117 149 1
0 150 118 151 149 117 150 1
0 118 119 151 117 118 150 1
0 151 119 152 150 118 151 1
0 119 120 152 118 119 151 1
0 152 120 153 151 119 152 1
0 120 121 153 119 120 152 1
0 153 121 154 152 120 153 1
0 121 122 154 120 121 153 1
0 154 122 155 153 121 154 1
0 122 123 155 121 122 154 1
0 155 123 156 154 122 155 1
0 123 124 156 122 123 155 1
0 156 124 157 155 123 156 1
0 124 125 157 123 124 156 1
0 157 125 158 156 124 157 1
0 125 126 158 124 125 157 1
0 158 126 159 157 125 158 1
0 2 63 0 2 63 0 1
0 64 95 63 2 94 63 1
0 96 127 95 95 126 94 1
0 128 159 127 127 158 126 1
0 126 127 159 125 126 158 1
0 94 95 127 93 94 126 1
0 61 63 95 61 63 94 1
0 62 0 63 62 0 63 1
"default" 0 4
165
0 25.103386 -139.490967 59.139904 8.000000 1.997502 -1
0 12.088914 -139.490967 63.212116 7.750000 1.997502 -1
0 12.088914 -69.928162 63.212116 7.750000 0.748751 -1
0 -1.469936 -69.928162 64.667175 7.500000 0.748751 -1
0 -1.469936 -139.490967 64.667137 7.500000 1.997502 -1
0 -15.052120 -69.928162 63.449013 7.250000 0.748751 -1
0 -15.052120 -139.490997 63.449013 7.250000 1.997502 -1
0 -28.135672 -69.928162 59.604473 7.000000 0.748751 -1
0 -28.135672 -139.490997 59.604473 7.000000 1.997502 -1
0 -40.217781 -69.928162 53.281372 6.750000 0.748751 -1
0 -40.217781 -139.490997 53.281372 6.750000 1.997502 -1
0 -50.834213 -69.928162 44.722694 6.500000 0.748751 -1
0 -50.834213 -139.490967 44.722694 6.500000 1.997502 -1
0 -59.576935 -69.928162 34.257286 6.250000 0.748751 -1
0 -59.576935 -139.490997 34.257286 6.250000 1.997502 -1
0 -66.109932 -69.928162 22.287325 6.000000 0.748751 -1
0 -66.109932 -139.490997 22.287333 6.000000 1.997502 -1
0 -70.182144 -69.928162 9.272863 5.750000 0.748751 -1
0 -70.182144 -139.490997 9.272873 5.750000 1.997502 -1
0 -71.637115 -69.928162 -4.285982 5.500000 0.748751 -1
0 -71.637115 -139.490997 -4.285982 5.500000 1.997502 -1
0 -70.418983 -69.928162 -17.868174 5.250000 0.748751 -1
0 -70.418983 -139.490967 -17.868174 5.250000 1.997502 -1
0 -66.574463 -69.928162 -30.951723 5.000000 0.748751 -1
0 -66.574463 -139.490967 -30.951723 5.000000 1.997502 -1
0 -60.251316 -69.928162 -43.033848 4.750000 0.748751 -1
0 -60.251316 -139.490967 -43.033833 4.750000 1.997502 -1
0 -51.692692 -69.928162 -53.650242 4.500000 0.748751 -1
0 -51.692692 -139.490967 -53.650242 4.500000 1.997502 -1
0 -41.227280 -69.928162 -62.392944 4.250000 0.748751 -1
0 -41.227280 -139.490997 -62.392952 4.250000 1.997502 -1
0 -29.257334 -69.928162 -68.925980 4.000000 0.748751 -1
0 -29.257334 -139.490997 -68.925980 4.000000 1.997502 -1
0 -16.242863 -69.928162 -72.998169 3.750000 0.748751 -1
0 -16.242863 -139.490997 -72.998169 3.750000 1.997502 -1
0 -2.683990 -69.928162 -74.453224 3.500000 0.748751 -1
0 -2.683990 -139.490967 -74.453224 3.500000 1.997502 -1
0 10.898180 -69.928162 -73.235077 3.250000 0.748751 -1
0 10.898180 -139.490967 -73.235077 3.250000 1.997502 -1
0 23.981764 -69.928162 -69.390511 3.000000 0.748751 -1
0 23.981764 -139.490967 -69.390533 3.000000 1.997502 -1
0 36.063904 -69.928162 -63.067444 2.750000 0.748751 -1
0 36.063904 -139.490997 -63.067436 2.750000 1.997502 -1
0 46.680321 -69.928162 -54.508720 2.500000 0.748751 -1
0 46.680321 -139.490997 -54.508720 2.500000 1.997502 -1
0 55.422977 -69.928162 -44.043324 2.250000 0.748751 -1
0 55.422977 -139.490997 -44.043308 2.250000 1.997502 -1
0 61.955990 -69.928162 -32.073414 2.000000 0.748751 -1
0 61.955990 -139.490997 -32.073414 2.000000 1.997502 -1
0 66.028206 -69.928162 -19.058897 1.750000 0.748751 -1
0 66.028206 -139.490967 -19.058893 1.750000 1.997502 -1
0 67.483170 -69.928162 -5.500069 1.500000 0.748751 -1
0 67.483170 -139.490967 -5.500061 1.500000 1.997502 -1
0 66.265076 -69.928162 8.082112 1.250000 0.748751 -1
0 66.265076 -139.490997 8.082112 1.250000 1.997502 -1
0 62.420574 -69.928162 21.165663 1.000000 0.748751 -1
0 62.420574 -139.490997 21.165663 1.000000 1.997502 -1
0 56.097424 -69.928162 33.247807 0.750000 0.748751 -1
0 56.097424 -139.490997 33.247807 0.750000 1.997502 -1
0 47.538750 -69.928162 43.864227 0.500000 0.748751 -1
0 47.538750 -139.490997 43.864227 0.500000 1.997502 -1
0 37.073326 -69.928162 52.606941 0.250000 0.748751 -1
0 37.073326 -139.490967 52.606941 0.250000 1.997502 -1
0 25.103386 -69.928139 59.139904 -0.000000 0.748751 -1
0 25.103386 -69.928139 59.139904 8.000000 0.748751 -1
0 12.088914 -0.365321 63.212116 7.750000 -0.500000 -1
0 -1.469936 -0.365321 64.667175 7.500000 -0.500000 -1
0 -15.052135 -0.365321 63.449013 7.249999 -0.500000 -1
0 -28.135675 -0.365321 59.604473 7.000000 -0.500000 -1
0 -40.217781 -0.365321 53.281372 6.750000 -0.500000 -1
0 -50.834213 -0.365321 44.722694 6.500000 -0.500000 -1
0 -59.576935 -0.365321 34.257286 6.250000 -0.500000 -1
0 -66.109932 -0.365321 22.287325 6.000000 -0.500000 -1
0 -70.182144 -0.365321 9.272863 5.750000 -0.500000 -1
0 -71.637115 -0.365321 -4.285982 5.500000 -0.500000 -1
0 -70.418983 -0.365310 -17.868174 5.250000 -0.500000 -1
0 -66.574463 -0.365310 -30.951723 5.000000 -0.500000 -1
0 -60.251316 -0.365310 -43.033848 4.750000 -0.500000 -1
0 -51.692692 -0.365321 -53.650242 4.500000 -0.500000 -1
0 -41.227280 -0.365310 -62.392944 4.250000 -0.500000 -1
0 -29.257334 -0.365321 -68.925980 4.000000 -0.500000 -1
0 -16.242863 -0.365321 -72.998161 3.750000 -0.500000 -1
0 -2.683990 -0.365321 -74.453224 3.500000 -0.500000 -1
0 10.898186 -0.365310 -73.235077 3.250000 -0.500000 -1
0 23.981764 -0.365310 -69.390511 3.000000 -0.500000 -1
0 36.063904 -0.365310 -63.067436 2.750000 -0.500000 -1
0 46.680359 -0.365321 -54.508720 2.500000 -0.500000 -1
0 55.422977 -0.365321 -44.043324 2.250000 -0.500000 -1
0 61.955990 -0.365321 -32.073414 2.000000 -0.500000 -1
0 66.028198 -0.365321 -19.058897 1.750000 -0.500000 -1
0 67.483162 -0.365321 -5.500069 1.500000 -0.500000 -1
0 66.265076 -0.365310 8.082121 1.250000 -0.500000 -1
0 62.420567 -0.365321 21.165649 1.000000 -0.500000 -1
0 56.097424 -0.365310 33.247807 0.750000 -0.500000 -1
0 47.538750 -0.365321 43.864227 0.500000 -0.500000 -1
0 37.073326 -0.365321 52.606911 0.250000 -0.500000 -1
0 25.103386 -0.365321 59.139904 -0.000000 -0.500000 -1
0 25.103386 -0.365321 59.139904 8.000000 -0.500000 -1
0 12.088914 69.197525 63.212116 7.750000 -1.748751 -1
0 -1.469936 69.197525 64.667175 7.500000 -1.748751 -1
0 -15.052135 69.197525 63.449013 7.250000 -1.748751 -1
0 -28.135672 69.197525 59.604473 7.000000 -1.748751 -1
0 -40.217781 69.197525 53.281372 6.750000 -1.748751 -1
0 -50.834213 69.197525 44.722694 6.500000 -1.748751 -1
0 -59.576935 69.197525 34.257271 6.250000 -1.748751 -1
0 -66.109932 69.197525 22.287325 6.000000 -1.748751 -1
0 -70.182144 69.197525 9.272863 5.750000 -1.748751 -1
0 -71.637115 69.197525 -4.285982 5.500000 -1.748751 -1
0 -70.418983 69.197525 -17.868174 5.250000 -1.748751 -1
0 -66.574463 69.197525 -30.951727 5.000000 -1.748751 -1
0 -60.251316 69.197525 -43.033848 4.750000 -1.748751 -1
0 -51.692692 69.197525 -53.650242 4.500000 -1.748751 -1
0 -41.227280 69.197525 -62.392952 4.250000 -1.748751 -1
0 -29.257334 69.197525 -68.925980 4.000000 -1.748751 -1
0 -16.242863 69.197525 -72.998161 3.750000 -1.748751 -1
0 -2.683990 69.197525 -74.453224 3.500000 -1.748751 -1
0 10.898180 69.197525 -73.235077 3.250000 -1.748751 -1
0 23.981764 69.197525 -69.390511 3.000000 -1.748751 -1
0 36.063904 69.197533 -63.067444 2.750000 -1.748751 -1
0 46.680321 69.197525 -54.508720 2.500000 -1.748751 -1
0 55.422977 69.197525 -44.043324 2.250000 -1.748751 -1
0 61.955990 69.197525 -32.073414 2.000000 -1.748751 -1
0 66.028206 69.197525 -19.058897 1.750000 -1.748751 -1
0 67.483170 69.197525 -5.500069 1.500000 -1.748751 -1
0 66.265076 69.197525 8.082112 1.250000 -1.748751 -1
0 62.420574 69.197525 21.165649 1.000000 -1.748751 -1
0 56.097424 69.197525 33.247807 0.750000 -1.748751 -1
0 47.538750 69.197525 43.864227 0.500000 -1.748751 -1
0 37.073326 69.197525 52.606911 0.250000 -1.748751 -1
0 25.103386 69.197525 59.139874 -0.000000 -1.748751 -1
0 25.103386 69.197525 59.139874 8.000000 -1.748751 -1
0 12.088904 138.760376 63.212116 7.750000 -2.997502 -1
0 -1.469936 138.760376 64.667137 7.500000 -2.997502 -1
0 -15.052120 138.760376 63.448982 7.250000 -2.997502 -1
0 -28.135672 138.760376 59.604473 7.000000 -2.997502 -1
0 -40.217781 138.760376 53.281372 6.750000 -2.997502 -1
0 -50.834221 138.760376 44.722687 6.500000 -2.997502 -1
0 -59.576935 138.760376 34.257271 6.250000 -2.997502 -1
0 -66.109932 138.760376 22.287333 6.000000 -2.997502 -1
0 -70.182144 138.760376 9.272863 5.750000 -2.997502 -1
0 -71.637115 138.760376 -4.285991 5.500000 -2.997502 -1
0 -70.418983 138.760376 -17.868174 5.250000 -2.997502 -1
0 -66.574463 138.760376 -30.951727 5.000000 -2.997502 -1
0 -60.251316 138.760376 -43.033848 4.750000 -2.997502 -1
0 -51.692692 138.760376 -53.650242 4.500000 -2.997502 -1
0 -41.227280 138.760376 -62.392952 4.250000 -2.997502 -1
0 -29.257334 138.760376 -68.925980 4.000000 -2.997502 -1
0 -16.242863 138.760376 -72.998169 3.750000 -2.997502 -1
0 -2.683990 138.760376 -74.453224 3.500000 -2.997502 -1
0 10.898180 138.760376 -73.235077 3.250000 -2.997502 -1
0 23.981764 138.760376 -69.390518 3.000000 -2.997502 -1
0 36.063904 138.760376 -63.067444 2.750000 -2.997502 -1
0 46.680321 138.760376 -54.508743 2.500000 -2.997502 -1
0 55.422977 138.760376 -44.043324 2.250000 -2.997502 -1
0 61.955990 138.760376 -32.073414 2.000000 -2.997502 -1
0 66.028206 138.760376 -19.058897 1.750000 -2.997502 -1
0 67.483170 138.760376 -5.500061 1.500000 -2.997502 -1
0 66.265068 138.760376 8.082101 1.250000 -2.997502 -1
0 62.420574 138.760376 21.165649 1.000000 -2.997502 -1
0 56.097412 138.760376 33.247807 0.750000 -2.997502 -1
0 47.538750 138.760376 43.864227 0.500000 -2.997502 -1
0 37.073326 138.760376 52.606941 0.250000 -2.997502 -1
0 25.103386 138.760376 59.139874 -0.000000 -2.997502 -1
0 25.103386 138.760376 59.139874 8.000000 -2.997502 -1
0 25.103386 -139.490967 59.139904 -0.000000 1.997502 -1
161
-0.298622 0.000000 -0.954372
-0.171408 0.000000 -0.985200
-0.203642 0.000000 -0.979045
-0.008728 0.000000 -0.999962
0.024089 0.000000 -0.999710
0.186526 0.000000 -0.982450
0.218662 0.000000 -0.975801
0.374608 0.000000 -0.927183
0.404830 0.000000 -0.914392
0.548292 0.000000 -0.836287
0.575437 0.000000 -0.817846
0.700907 0.000000 -0.713252
0.723934 0.000000 -0.689869
0.826589 0.000000 -0.562805
0.844612 -0.000000 -0.535379
0.920506 -0.000000 -0.390730
0.932831 -0.000000 -0.360315
0.979046 -0.000000 -0.203639
0.985201 -0.000000 -0.171404
0.999962 -0.000000 -0.008726
0.999710 0.000000 0.024090
0.982450 0.000000 0.186524
0.975801 0.000000 0.218661
0.927183 0.000000 0.374609
0.914392 0.000000 0.404831
0.836286 0.000000 0.548293
0.817846 0.000000 0.575437
0.713252 0.000000 0.700907
0.689869 -0.000000 0.723934
0.562806 -0.000000 0.826589
0.535381 -0.000000 0.844611
0.390730 -0.000000 0.920505
0.360314 0.000000 0.932831
0.203641 -0.000000 0.979046
0.171408 0.000000 0.985200
0.008728 0.000000 0.999962
-0.024088 0.000000 0.999710
-0.186526 0.000000 0.982450
-0.218663 -0.000000 0.975801
-0.374607 -0.000000 0.927184
-0.404828 -0.000000 0.914393
-0.548292 0.000000 0.836287
-0.575439 0.000000 0.817845
-0.700910 0.000000 0.713250
-0.723936 0.000000 0.689867
-0.826590 0.000000 0.562805
-0.844611 0.000000 0.535380
-0.920505 0.000000 0.390730
-0.932831 0.000000 0.360315
-0.979046 -0.000000 0.203639
-0.985201 0.000000 0.171404
-0.999962 -0.000000 0.008727
-0.999710 0.000000 -0.024088
-0.982451 -0.000000 -0.186522
-0.975801 0.000000 -0.218659
-0.927183 -0.000000 -0.374608
-0.914392 0.000000 -0.404830
-0.836286 0.000000 -0.548293
-0.817845 0.000000 -0.575438
-0.713252 -0.000000 -0.700908
-0.689869 0.000000 -0.723934
-0.562805 -0.000000 -0.826590
-0.535378 0.000000 -0.844613
-0.479073 0.000000 -0.877775
-0.008728 0.000000 -0.999962
0.186526 0.000000 -0.982450
0.374608 0.000000 -0.927183
0.548292 0.000000 -0.836287
0.700907 -0.000000 -0.713252
0.826589 -0.000000 -0.562805
0.920506 0.000000 -0.390729
0.979046 0.000000 -0.203639
0.999962 0.000000 -0.008726
0.982450 0.000000 0.186524
0.927183 0.000000 0.374609
0.836287 0.000000 0.548293
0.713252 0.000000 0.700907
0.562806 0.000000 0.826589
0.390730 0.000000 0.920505
0.203641 -0.000000 0.979046
0.008729 -0.000000 0.999962
-0.186526 0.000000 0.982450
-0.374608 0.000000 0.927183
-0.548292 -0.000000 0.836287
-0.700910 -0.000000 0.713250
-0.826590 0.000000 0.562805
-0.920505 0.000000 0.390730
-0.979046 0.000000 0.203638
-0.999962 -0.000000 0.008727
-0.982451 -0.000000 -0.186522
-0.927183 -0.000000 -0.374608
-0.836286 -0.000000 -0.548293
-0.713251 0.000000 -0.700908
-0.562804 -0.000000 -0.826590
-0.479074 -0.000000 -0.877775
-0.298622 -0.000000 -0.954371
-0.203642 -0.000000 -0.979045
-0.008728 -0.000000 -0.999962
0.186526 -0.000000 -0.982450
0.374608 -0.000000 -0.927183
0.548292 -0.000000 -0.836287
0.700908 -0.000000 -0.713252
0.826589 -0.000000 -0.562805
0.920506 -0.000000 -0.390730
0.979046 -0.000000 -0.203639
0.999962 -0.000000 -0.008726
0.982450 0.000000 0.186524
0.836287 0.000000 0.548293
0.713252 0.000000 0.700907
0.390730 0.000000 0.920505
0.203641 0.000000 0.979046
0.008729 0.000000 0.999962
-0.186526 0.000000 0.982450
-0.374608 0.000000 0.927184
-0.548292 0.000000 0.836287
-0.700909 -0.000000 0.713250
-0.826590 -0.000000 0.562805
-0.920505 0.000000 0.390730
-0.979046 0.000000 0.203638
-0.999962 0.000000 0.008727
-0.982451 -0.000000 -0.186522
-0.927183 0.000000 -0.374608
-0.836286 -0.000000 -0.548293
-0.713251 0.000000 -0.700908
-0.562803 0.000000 -0.826591
-0.479073 -0.000000 -0.877775
-0.298624 -0.000000 -0.954371
-0.235657 -0.000000 -0.971836
-0.041535 -0.000000 -0.999137
0.154187 -0.000000 -0.988042
0.343983 -0.000000 -0.938976
0.520557 0.000000 -0.853827
0.677126 -0.000000 -0.735867
0.807677 0.000000 -0.589625
0.907189 0.000000 -0.420724
0.971837 0.000000 -0.235655
0.999137 -0.000000 -0.041532
0.988042 0.000000 0.154186
0.938976 0.000000 0.343984
0.853826 0.000000 0.520558
0.735868 0.000000 0.677126
0.589626 0.000000 0.807677
0.420725 0.000000 0.907188
0.235655 0.000000 0.971837
0.041536 0.000000 0.999137
-0.154188 0.000000 0.988042
-0.343983 0.000000 0.938976
-0.520555 0.000000 0.853828
-0.677128 0.000000 0.735865
-0.807678 0.000000 0.589624
-0.907188 0.000000 0.420725
-0.971837 0.000000 0.235654
-0.999137 -0.000000 0.041533
-0.988042 -0.000000 -0.154184
-0.938976 -0.000000 -0.343983
-0.853827 -0.000000 -0.520558
-0.735867 -0.000000 -0.677126
-0.589624 0.000000 -0.807678
-0.479072 0.000000 -0.877776
-0.298624 0.000000 -0.954371
-0.479073 0.000000 -0.877775
256
0 0 1 2 0 1 2 1
0 2 1 3 2 1 3 1
0 1 4 3 1 4 3 1
0 3 4 5 3 4 5 1
0 4 6 5 4 6 5 1
0 5 6 7 5 6 7 1
0 6 8 7 6 8 7 1
0 7 8 9 7 8 9 1
0 8 10 9 8 10 9 1
0 9 10 11 9 10 11 1
0 10 12 11 10 12 11 1
0 11 12 13 11 12 13 1
0 12 14 13 12 14 13 1
0 13 14 15 13 14 15 1
0 14 16 15 14 16 15 1
0 15 16 17 15 16 17 1
0 16 18 17 16 18 17 1
0 17 18 19 17 18 19 1
0 18 20 19 18 20 19 1
0 19 20 21 19 20 21 1
0 20 22 21 20 22 21 1
0 21 22 23 21 22 23 1
0 22 24 23 22 24 23 1
0 23 24 25 23 24 25 1
0 24 26 25 24 26 25 1
0 25 26 27 25 26 27 1
0 26 28 27 26 28 27 1
0 27 28 29 27 28 29 1
0 28 30 29 28 30 29 1
0 29 30 31 29 30 31 1
0 30 32 31 30 32 31 1
0 31 32 33 31 32 33 1
0 32 34 33 32 34 33 1
0 33 34 35 33 34 35 1
0 34 36 35 34 36 35 1
0 35 36 37 35 36 37 1
0 36 38 37 36 38 37 1
0 37 38 39 37 38 39 1
0 38 40 39 38 40 39 1
0 39 40 41 39 40 41 1
0 40 42 41 40 42 41 1
0 41 42 43 41 42 43 1
0 42 44 43 42 44 43 1
0 43 44 45 43 44 45 1
0 44 46 45 44 46 45 1
0 45 46 47 45 46 47 1
0 46 48 47 46 48 47 1
0 47 48 49 47 48 49 1
0 48 50 49 48 50 49 1
0 49 50 51 49 50 51 1
0 50 52 51 50 52 51 1
0 51 52 53 51 52 53 1
0 52 54 53 52 54 53 1
0 53 54 55 53 54 55 1
0 54 56 55 54 56 55 1
0 55 56 57 55 56 57 1
0 56 58 57 56 58 57 1
0 57 58 59 57 58 59 1
0 58 60 59 58 60 59 1
0 59 60 61 59 60 61 1
0 60 62 61 60 62 61 1
0 61 62 63 61 62 63 1
0 64 2 65 0 2 2 1
0 65 2 66 2 2 64 1
0 2 3 66 2 3 64 1
0 66 3 67 64 3 65 1
0 3 5 67 3 5 65 1
0 67 5 68 65 5 66 1
0 5 7 68 5 7 66 1
0 68 7 69 66 7 67 1
0 7 9 69 7 9 67 1
0 69 9 70 67 9 68 1
0 9 11 70 9 11 68 1
0 70 11 71 68 11 69 1
0 11 13 71 11 13 69 1
0 71 13 72 69 13 70 1
0 13 15 72 13 15 70 1
0 72 15 73 70 15 71 1
0 15 17 73 15 17 71 1
0 73 17 74 71 17 72 1
0 17 19 74 17 19 72 1
0 74 19 75 72 19 73 1
0 19 21 75 19 21 73 1
0 75 21 76 73 21 74 1
0 21 23 76 21 23 74 1
0 76 23 77 74 23 75 1
0 23 25 77 23 25 75 1
0 77 25 78 75 25 76 1
0 25 27 78 25 27 76 1
0 78 27 79 76 27 77 1
0 27 29 79 27 29 77 1
0 79 29 80 77 29 78 1
0 29 31 80 29 31 78 1
0 80 31 81 78 31 79 1
0 31 33 81 31 33 79 1
0 81 33 82 79 33 80 1
0 33 35 82 33 35 80 1
0 82 35 83 80 35 81 1
0 35 37 83 35 37 81 1
0 83 37 84 81 37 82 1
0 37 39 84 37 39 82 1
0 84 39 85 82 39 83 1
0 39 41 85 39 41 83 1
0 85 41 86 83 41 84 1
0 41 43 86 41 43 84 1
0 86 43 87 84 43 85 1
0 43 45 87 43 45 85 1
0 87 45 88 85 45 86 1
0 45 47 88 45 47 86 1
0 88 47 89 86 47 87 1
0 47 49 89 47 49 87 1
0 89 49 90 87 49 88 1
0 49 51 90 49 51 88 1
0 90 51 91 88 51 89 1
0 51 53 91 51 53 89 1
0 91 53 92 89 53 90 1
0 53 55 92 53 55 90 1
0 92 55 93 90 55 91 1
0 55 57 93 55 57 91 1
0 93 57 94 91 57 92 1
0 57 59 94 57 59 92 1
0 94 59 95 92 59 93 1
0 59 61 95 59 61 93 1
0 95 61 96 93 61 94 1
0 97 65 98 95 2 96 1
0 98 65 99 96 2 97 1
0 65 66 99 2 64 97 1
0 99 66 100 97 64 98 1
0 66 67 100 64 65 98 1
0 100 67 101 98 65 99 1
0 67 68 101 65 66 99 1
0 101 68 102 99 66 100 1
0 68 69 102 66 67 100 1
0 102 69 103 100 67 101 1
0 69 70 103 67 68 101 1
0 103 70 104 101 68 102 1
0 70 71 104 68 69 102 1
0 104 71 105 102 69 103 1
0 71 72 105 69 70 103 1
0 105 72 106 103 70 104 1
0 72 73 106 70 71 104 1
0 106 73 107 104 71 105 1
0 73 74 107 71 72 105 1
0 107 74 108 105 72 106 1
0 74 75 108 72 73 106 1
0 108 75 109 106 73 74 1
0 75 76 109 73 74 74 1
0 109 76 110 74 74 107 1
0 76 77 110 74 75 107 1
0 110 77 111 107 75 108 1
0 77 78 111 75 76 108 1
0 111 78 112 108 76 77 1
0 78 79 112 76 77 77 1
0 112 79 113 77 77 109 1
0 79 80 113 77 78 109 1
0 113 80 114 109 78 110 1
0 80 81 114 78 79 110 1
0 114 81 115 110 79 111 1
0 81 82 115 79 80 111 1
0 115 82 116 111 80 112 1
0 82 83 116 80 81 112 1
0 116 83 117 112 81 113 1
0 83 84 117 81 82 113 1
0 117 84 118 113 82 114 1
0 84 85 118 82 83 114 1
0 118 85 119 114 83 115 1
0 85 86 119 83 84 115 1
0 119 86 120 115 84 116 1
0 86 87 120 84 85 116 1
0 120 87 121 116 85 117 1
0 87 88 121 85 86 117 1
0 121 88 122 117 86 118 1
0 88 89 122 86 87 118 1
0 122 89 123 118 87 119 1
0 89 90 123 87 88 119 1
0 123 90 124 119 88 120 1
0 90 91 124 88 89 120 1
0 124 91 125 120 89 121 1
0 91 92 125 89 90 121 1
0 125 92 126 121 90 122 1
0 92 93 126 90 91 122 1
0 126 93 127 122 91 123 1
0 93 94 127 91 92 123 1
0 127 94 128 123 92 124 1
0 94 95 128 92 93 124 1
0 128 95 129 124 93 125 1
0 130 98 131 126 96 127 1
0 131 98 132 127 96 128 1
0 98 99 132 96 97 128 1
0 132 99 133 128 97 129 1
0 99 100 133 97 98 129 1
0 133 100 134 129 98 130 1
0 100 101 134 98 99 130 1
0 134 101 135 130 99 131 1
0 101 102 135 99 100 131 1
0 135 102 136 131 100 132 1
0 102 103 136 100 101 132 1
0 136 103 137 132 101 133 1
0 103 104 137 101 102 133 1
0 137 104 138 133 102 134 1
0 104 105 138 102 103 134 1
0 138 105 139 134 103 135 1
0 105 106 139 103 104 135 1
0 139 106 140 135 104 136 1
0 106 107 140 104 105 136 1
0 140 107 141 136 105 137 1
0 107 108 141 105 106 137 1
0 141 108 142 137 106 138 1
0 108 109 142 106 74 138 1
0 142 109 143 138 74 139 1
0 109 110 143 74 107 139 1
0 143 110 144 139 107 140 1
0 110 111 144 107 108 140 1
0 144 111 145 140 108 141 1
0 111 112 145 108 77 141 1
0 145 112 146 141 77 142 1
0 112 113 146 77 109 142 1
0 146 113 147 142 109 143 1
0 113 114 147 109 110 143 1
0 147 114 148 143 110 144 1
0 114 115 148 110 111 144 1
0 148 115 149 144 111 145 1
0 115 116 149 111 112 145 1
0 149 116 150 145 112 146 1
0 116 117 150 112 113 146 1
0 150 117 151 146 113 147 1
0 117 118 151 113 114 147 1
0 151 118 152 147 114 148 1
0 118 119 152 114 115 148 1
0 152 119 153 148 115 149 1
0 119 120 153 115 116 149 1
0 153 120 154 149 116 150 1
0 120 121 154 116 117 150 1
0 154 121 155 150 117 151 1
0 121 122 155 117 118 151 1
0 155 122 156 151 118 152 1
0 122 123 156 118 119 152 1
0 156 123 157 152 119 153 1
0 123 124 157 119 120 153 1
0 157 124 158 153 120 154 1
0 124 125 158 120 121 154 1
0 158 125 159 154 121 155 1
0 125 126 159 121 122 155 1
0 159 126 160 155 122 156 1
0 126 127 160 122 123 156 1
0 160 127 161 156 123 157 1
0 127 128 161 123 124 157 1
0 161 128 162 157 124 158 1
0 2 64 0 2 0 0 1
0 65 97 64 2 95 0 1
0 98 130 97 96 126 95 1
0 131 163 130 127 159 126 1
0 128 129 162 124 125 158 1
0 95 96 129 93 94 125 1
0 61 63 96 61 63 94 1
0 62 164 63 62 160 63 1

Materials: 6
"Tex_0128_0_dds"
1.000000 1.000000 1.000000 1.000000
0.800000 0.800000 0.800000 1.000000
0.500000 0.500000 0.500000 1.000000
1.000000 1.000000 1.000000 1.000000
0.185600
1.000000
"Tex_0128_0.png"
""
"Tex_0132_0_dds"
1.000000 1.000000 1.000000 1.000000
0.800000 0.800000 0.800000 1.000000
0.500000 0.500000 0.500000 1.000000
1.000000 1.000000 1.000000 1.000000
0.185600
1.000000
"Tex_0132_0.png"
""
"Tex_0134_0_dds"
1.000000 1.000000 1.000000 1.000000
0.800000 0.800000 0.800000 1.000000
0.500000 0.500000 0.500000 1.000000
1.000000 1.000000 1.000000 1.000000
0.185600
1.000000
"Tex_0134_0.ini"
""
"Tex_122_1_dds"
0.200000 0.200000 0.200000 0.530000
0.800000 0.800000 0.800000 0.530000
0.000000 0.000000 0.000000 0.530000
1.000000 1.000000 1.000000 0.530000
0.000000
0.530000
"Tex_0122_2.png"
""
"Tex_0056_0_dds"
1.000000 1.000000 1.000000 1.000000
1.000000 1.000000 1.000000 1.000000
1.000000 1.000000 1.000000 1.000000
1.000000 1.000000 1.000000 1.000000
0.185600
1.000000
"Tex_0056_0.ini"
""
"Material02"
1.000000 1.000000 1.000000 1.000000
1.000000 1.000000 1.000000 1.000000
1.000000 1.000000 1.000000 1.000000
1.000000 1.000000 1.000000 1.000000
0.000000
1.000000
"Tex_0122_2.png"
""

Bones: 0
GroupComments: 0
MaterialComments: 0
BoneComments: 0
ModelComment: 0
