Meshes: 2
"Duplicate01" 0 1
8
0 1.562991 -1.016465 8.838764 0.999499 0.981972 -1
0 -1.196390 1.998468 8.838382 0.999478 0.000000 -1
0 1.505007 -1.071816 -9.041912 0.000522 1.000000 -1
0 -1.254373 1.943117 -9.042296 0.000501 0.018028 -1
0 -1.324151 -0.888671 8.847731 1.000000 0.940349 -1
0 1.690754 1.870679 8.829414 0.998977 0.041621 -1
0 -1.382137 -0.944025 -9.032943 0.001024 0.958378 -1
0 1.632769 1.815327 -9.051264 0.000000 0.059650 -1
6
-0.737672 -0.675145 0.004482
-0.737672 -0.675145 0.004482
-0.737672 -0.675144 0.004482
-0.675151 0.737679 -0.000094
-0.675151 0.737679 -0.000094
-0.675151 0.737679 -0.000094
8
0 0 1 2 0 1 1 1
0 2 1 3 1 1 2 1
0 4 5 6 3 4 4 1
0 6 5 7 4 4 5 1
0 0 1 2 0 1 1 1
0 2 1 3 1 1 2 1
0 4 5 6 3 4 4 1
0 6 5 7 4 4 5 1
"Tex_0086_0_dds" 0 0
26
0 -1.603749 3.412902 0.742876 0.601983 1.012343 -1
0 0.099177 0.463326 0.749694 0.408961 1.398845 -1
0 1.802101 3.412902 0.756512 0.214452 1.012343 -1
0 3.505027 0.463326 0.763330 0.020686 1.399874 -1
0 1.802101 -2.486251 0.756512 0.214452 1.787405 -1
0 -1.603749 -2.486251 0.742878 0.601983 1.787405 -1
0 -3.306674 0.463326 0.736059 0.795749 1.399874 -1
0 -1.603749 -2.486251 0.742878 0.642672 1.995510 -1
0 -3.306674 0.463326 0.736059 0.008817 1.995510 -1
0 -3.299857 0.463326 -0.966869 0.008817 1.797159 -1
0 -1.596931 3.412902 -0.960048 0.642672 1.797158 -1
0 -1.603749 3.412902 0.742876 0.642672 1.995510 -1
0 1.808919 3.412902 -0.946412 0.008817 1.797159 -1
0 1.802101 3.412902 0.756512 0.008817 1.995510 -1
0 3.511844 0.463326 -0.939595 0.642672 1.797158 -1
0 3.505027 0.463326 0.763330 0.642672 1.995510 -1
0 1.808919 -2.486251 -0.946412 0.008817 1.797159 -1
0 1.802101 -2.486251 0.756512 0.008817 1.995510 -1
0 -1.596931 -2.486251 -0.960048 0.642672 1.797158 -1
0 -3.299857 0.463326 -0.966869 0.795749 1.399874 -1
0 0.105993 0.463326 -0.953232 0.408961 1.398845 -1
0 -1.596931 -2.486251 -0.960048 0.601983 1.787405 -1
0 1.808919 -2.486251 -0.946412 0.214452 1.787405 -1
0 3.511844 0.463326 -0.939595 0.020686 1.399874 -1
0 1.808919 3.412902 -0.946412 0.214452 1.012343 -1
0 -1.596931 3.412902 -0.960048 0.601983 1.012343 -1
26
-0.004004 0.000000 0.999992
-0.004003 0.000000 0.999992
-0.004004 -0.000000 0.999992
-0.004004 0.000000 0.999992
-0.004003 0.000000 0.999992
-0.004003 0.000000 0.999992
-0.004003 0.000000 0.999992
-0.654648 -0.755929 -0.002621
-0.981973 0.188982 -0.003931
-0.981973 -0.188982 -0.003931
-0.654648 0.755929 -0.002621
-0.327324 0.944911 -0.001311
0.327324 0.944911 0.001310
0.654648 0.755929 0.002621
0.981973 0.188982 0.003931
0.981973 -0.188982 0.003931
0.654648 -0.755929 0.002621
0.327324 -0.944911 0.001310
-0.327324 -0.944911 -0.001311
0.004004 0.000000 -0.999992
0.004004 0.000000 -0.999992
0.004004 -0.000001 -0.999992
0.004004 -0.000001 -0.999992
0.004004 0.000000 -0.999992
0.004004 0.000001 -0.999992
0.004004 0.000001 -0.999992
24
0 0 1 2 0 1 2 1
0 2 1 3 2 1 3 1
0 1 4 3 1 4 3 1
0 4 1 5 4 1 5 1
0 5 1 6 5 1 6 1
0 1 0 6 1 0 6 1
0 7 8 9 7 8 9 1
0 9 8 10 9 8 10 1
0 8 11 10 8 11 10 1
0 10 11 12 10 11 12 1
0 11 13 12 11 13 12 1
0 12 13 14 12 13 14 1
0 13 15 14 13 15 14 1
0 14 15 16 14 15 16 1
0 15 17 16 15 17 16 1
0 16 17 18 16 17 18 1
0 17 7 18 17 7 18 1
0 18 7 9 18 7 9 1
0 19 20 21 19 20 21 1
0 21 20 22 21 20 22 1
0 20 23 22 20 23 22 1
0 23 20 24 23 20 24 1
0 24 20 25 24 20 25 1
0 20 19 25 20 19 25 1

Materials: 2
"Tex_0086_0_dds"
1.000000 1.000000 1.000000 1.000000
0.800000 0.800000 0.800000 1.000000
0.500000 0.500000 0.500000 1.000000
1.000000 1.000000 1.000000 1.000000
0.185600
1.000000
"Tex_0086_0.png"
""
"Tex_0078_1_dds"
0.200000 0.200000 0.200000 1.000000
0.800000 0.800000 0.800000 1.000000
0.000000 0.000000 0.000000 1.000000
1.000000 1.000000 1.000000 1.000000
0.000000
1.000000
"Tex_0078_1.png"
""

Bones: 0
GroupComments: 0
MaterialComments: 0
BoneComments: 0
ModelComment: 0
