// MilkShape 3D ASCII

Frames: 30
Frame: 1

Meshes: 4
"default" 0 0
90
0 168.742569 -131.343262 -173.880142 0.010836 -0.008457 -1
0 -0.190817 -131.343262 -243.854691 0.909280 -0.008457 -1
0 -0.190817 -246.271118 -4.946725 0.444567 0.981812 -1
0 -0.190817 -131.343262 -243.854691 0.010836 -0.008457 -1
0 -169.124222 -131.343262 -173.880142 0.909280 -0.008457 -1
0 -239.098724 -131.343262 -4.946725 0.909280 -0.008457 -1
0 -169.124222 -131.343262 -173.880142 0.010836 -0.008457 -1
0 -169.124222 -131.343262 163.986664 0.909280 -0.008457 -1
0 -239.098724 -131.343262 -4.946725 0.010836 -0.008457 -1
0 -0.190817 -131.343262 233.961182 0.909280 -0.008457 -1
0 -169.124222 -131.343262 163.986664 0.010836 -0.008457 -1
0 168.742569 -131.343262 163.986664 0.909280 -0.008457 -1
0 -0.190817 -131.343262 233.961182 0.010836 -0.008457 -1
0 168.742569 -131.343262 163.986664 0.010836 -0.008457 -1
0 238.717148 -131.343262 -4.946725 0.909280 -0.008457 -1
0 238.717148 -131.343262 -4.946725 0.010836 -0.008457 -1
0 168.742569 -131.343262 -173.880142 0.909280 -0.008457 -1
0 -0.190817 263.400879 -243.854691 0.003091 0.981812 -1
0 168.742569 263.400879 -173.880142 0.901533 0.981812 -1
0 -0.190817 349.430511 -4.946725 0.483294 -0.024051 -1
0 -169.124222 263.400879 -173.880142 0.003091 0.981812 -1
0 -0.190817 263.400879 -243.854691 0.901533 0.981812 -1
0 -239.098724 263.400879 -4.946725 0.003091 0.981812 -1
0 -169.124222 263.400879 -173.880142 0.901533 0.981812 -1
0 168.742569 263.400879 163.986664 0.901533 0.981812 -1
0 238.717148 263.400879 -4.946725 0.003091 0.981812 -1
0 168.742569 263.400879 -173.880142 0.003091 0.981812 -1
0 238.717148 263.400879 -4.946725 0.901533 0.981812 -1
0 -169.124222 263.400879 163.986664 0.003091 0.981812 -1
0 -239.098724 263.400879 -4.946725 0.901533 0.981812 -1
0 -0.190817 263.400879 233.961182 0.003091 0.981812 -1
0 -169.124222 263.400879 163.986664 0.901533 0.981812 -1
0 168.742569 263.400879 163.986664 0.003091 0.981812 -1
0 -0.190817 263.400879 233.961182 0.901533 0.981812 -1
0 -0.190817 65.443726 -243.854691 0.909280 0.981812 -1
0 -0.190817 263.400879 -243.854691 0.909280 -0.016255 -1
0 -169.124222 65.443726 -173.880142 0.003091 0.981812 -1
0 -169.124222 263.400879 -173.880142 0.003091 -0.016255 -1
0 -169.124222 65.443726 -173.880142 0.909280 0.981812 -1
0 -169.124222 263.400879 -173.880142 0.909280 -0.016255 -1
0 -239.098724 65.443726 -4.946725 0.003091 0.981812 -1
0 -239.098724 263.400879 -4.946725 0.003091 -0.016255 -1
0 -169.124222 -131.343262 163.986664 0.909280 0.981812 -1
0 -239.098724 -131.343262 -4.946725 0.003091 0.981812 -1
0 -169.124222 65.443726 163.986664 0.909280 -0.016255 -1
0 -239.098724 65.443726 -4.946725 0.003091 -0.016255 -1
0 168.742569 65.443726 163.986664 0.909280 0.981812 -1
0 168.742569 263.400879 163.986664 0.909280 -0.016255 -1
0 238.717148 65.443726 -4.946725 0.003091 0.981812 -1
0 238.717148 263.400879 -4.946725 0.003091 -0.016255 -1
0 -0.190817 65.443726 233.961182 0.909280 0.981812 -1
0 -0.190817 263.400879 233.961182 0.909280 -0.016255 -1
0 168.742569 65.443726 163.986664 0.003091 0.981812 -1
0 168.742569 263.400879 163.986664 0.003091 -0.016255 -1
0 -169.124222 65.443726 163.986664 0.909280 0.981812 -1
0 -169.124222 263.400879 163.986664 0.909280 -0.016255 -1
0 -0.190817 65.443726 233.961182 0.003091 0.981812 -1
0 -0.190817 263.400879 233.961182 0.003091 -0.016255 -1
0 -0.190817 -131.343262 233.961182 0.909280 0.981812 -1
0 -169.124222 -131.343262 163.986664 0.003091 0.981812 -1
0 -0.190817 65.443726 233.961182 0.909280 -0.016255 -1
0 -169.124222 65.443726 163.986664 0.003091 -0.016255 -1
0 -239.098724 65.443726 -4.946725 0.909280 0.981812 -1
0 -239.098724 263.400879 -4.946725 0.909280 -0.016255 -1
0 -169.124222 65.443726 163.986664 0.003091 0.981812 -1
0 -169.124222 263.400879 163.986664 0.003091 -0.016255 -1
0 168.742569 65.443726 -173.880142 0.909280 0.981812 -1
0 168.742569 263.400879 -173.880142 0.909280 -0.016255 -1
0 -0.190817 65.443726 -243.854691 0.003091 0.981812 -1
0 -0.190817 263.400879 -243.854691 0.003091 -0.016255 -1
0 168.742569 263.400879 -173.880142 0.003091 -0.016255 -1
0 168.742569 65.443726 -173.880142 0.003091 0.981812 -1
0 238.717148 263.400879 -4.946725 0.909280 -0.016255 -1
0 238.717148 65.443726 -4.946725 0.909280 0.981812 -1
0 -0.190817 -131.343262 -243.854691 0.909280 0.981812 -1
0 -0.190817 65.443726 -243.854691 0.909280 -0.016255 -1
0 -169.124222 -131.343262 -173.880142 0.003091 0.981812 -1
0 -169.124222 65.443726 -173.880142 0.003091 -0.016255 -1
0 -239.098724 65.443726 -4.946725 0.909280 -0.016255 -1
0 -239.098724 -131.343262 -4.946725 0.909280 0.981812 -1
0 -0.190817 65.443726 -243.854691 0.003091 -0.016255 -1
0 -0.190817 -131.343262 -243.854691 0.003091 0.981812 -1
0 168.742569 65.443726 -173.880142 0.909280 -0.016255 -1
0 168.742569 -131.343262 -173.880142 0.909280 0.981812 -1
0 238.717148 -131.343262 -4.946725 0.003091 0.981812 -1
0 238.717148 65.443726 -4.946725 0.003091 -0.016255 -1
0 168.742569 65.443726 163.986664 0.909280 -0.016255 -1
0 168.742569 -131.343262 163.986664 0.909280 0.981812 -1
0 -0.190817 -131.343262 233.961182 0.003091 0.981812 -1
0 -0.190817 65.443726 233.961182 0.003091 -0.016255 -1
33
-0.176737 0.886966 0.426679
0.000000 1.000000 -0.000000
0.176737 0.886966 0.426679
0.426680 0.886966 0.176736
0.426680 0.886966 -0.176736
0.176736 0.886966 -0.426679
-0.176737 0.886966 -0.426679
-0.426679 0.886966 -0.176737
-0.426679 0.886966 0.176737
-0.138973 -0.931729 0.335511
0.000000 -1.000000 -0.000000
0.138973 -0.931729 0.335511
0.335511 -0.931729 0.138973
-0.335511 -0.931729 -0.138973
-0.335511 -0.931729 0.138973
0.335511 -0.931729 -0.138973
0.138973 -0.931729 -0.335511
-0.138973 -0.931729 -0.335511
0.382684 0.000000 0.923879
0.923880 0.000000 0.382683
0.923880 0.000000 -0.382683
-0.923879 0.000000 -0.382684
-0.382684 0.000000 -0.923880
0.382683 0.000000 -0.923880
-0.382684 0.000000 0.923879
-0.923879 0.000000 0.382684
0.382684 0.000000 0.923879
0.707107 0.000000 0.707107
0.923880 0.000000 0.382683
-0.707107 0.000000 0.707107
-1.000000 0.000000 -0.000000
-0.707107 0.000000 -0.707107
-0.707107 0.000000 -0.707107
48
0 0 1 2 0 0 1 1
0 3 4 2 2 2 1 1
0 5 2 6 3 1 3 1
0 7 2 8 4 1 4 1
0 9 2 10 5 1 5 1
0 11 2 12 6 1 6 1
0 13 14 2 7 7 1 1
0 2 15 16 1 8 8 1
0 17 18 19 9 9 10 1
0 20 21 19 11 11 10 1
0 22 23 19 12 12 10 1
0 24 19 25 13 10 13 1
0 19 26 27 10 14 14 1
0 28 29 19 15 15 10 1
0 30 31 19 16 16 10 1
0 19 32 33 10 17 17 1
0 34 35 36 18 18 18 1
0 35 37 36 18 18 18 1
0 38 39 40 19 19 19 1
0 39 41 40 19 19 19 1
0 42 43 44 20 20 20 1
0 43 45 44 20 20 20 1
0 46 47 48 21 21 21 1
0 47 49 48 21 21 21 1
0 50 51 52 22 22 22 1
0 51 53 52 22 22 22 1
0 54 55 56 23 23 23 1
0 55 57 56 23 23 23 1
0 58 59 60 23 23 23 1
0 59 61 60 23 23 23 1
0 62 63 64 20 20 20 1
0 63 65 64 20 20 20 1
0 66 67 68 24 24 24 1
0 67 69 68 24 24 24 1
0 70 71 72 25 25 25 1
0 71 73 72 25 25 25 1
0 74 75 76 26 26 27 1
0 75 77 76 26 27 27 1
0 77 78 76 27 28 27 1
0 76 78 79 27 28 28 1
0 80 81 82 24 24 29 1
0 81 83 82 24 29 29 1
0 83 84 82 29 30 29 1
0 82 84 85 29 30 30 1
0 85 84 86 30 30 31 1
0 84 87 86 30 32 31 1
0 87 88 86 32 22 31 1
0 86 88 89 31 22 22 1
"Duplicate01" 0 4
90
0 166.207077 -128.413971 -171.420273 0.010836 -0.008457 -1
0 -0.319916 -128.413971 -240.398071 0.909280 -0.008457 -1
0 -0.319916 -241.704773 -4.893250 0.444567 0.981812 -1
0 -0.319916 -128.413971 -240.398071 0.010836 -0.008457 -1
0 -166.846954 -128.413971 -171.420273 0.909280 -0.008457 -1
0 -235.824677 -128.413971 -4.893250 0.909280 -0.008457 -1
0 -166.846954 -128.413971 -171.420273 0.010836 -0.008457 -1
0 -166.846954 -128.413971 161.633759 0.909280 -0.008457 -1
0 -235.824677 -128.413971 -4.893250 0.010836 -0.008457 -1
0 -0.319916 -128.413971 230.611526 0.909280 -0.008457 -1
0 -166.846954 -128.413971 161.633759 0.010836 -0.008457 -1
0 166.207077 -128.413971 161.633759 0.909280 -0.008457 -1
0 -0.319916 -128.413971 230.611526 0.010836 -0.008457 -1
0 166.207077 -128.413971 161.633759 0.010836 -0.008457 -1
0 235.184906 -128.413971 -4.893250 0.909280 -0.008457 -1
0 235.184906 -128.413971 -4.893250 0.010836 -0.008457 -1
0 166.207077 -128.413971 -171.420273 0.909280 -0.008457 -1
0 -0.319916 260.707153 -240.398071 0.003091 0.981812 -1
0 166.207077 260.707153 -171.420273 0.901533 0.981812 -1
0 -0.319916 345.511353 -4.893250 0.483294 -0.024051 -1
0 -166.846954 260.707153 -171.420273 0.003091 0.981812 -1
0 -0.319916 260.707153 -240.398071 0.901533 0.981812 -1
0 -235.824677 260.707153 -4.893250 0.003091 0.981812 -1
0 -166.846954 260.707153 -171.420273 0.901533 0.981812 -1
0 166.207077 260.707153 161.633759 0.901533 0.981812 -1
0 235.184906 260.707153 -4.893250 0.003091 0.981812 -1
0 166.207077 260.707153 -171.420273 0.003091 0.981812 -1
0 235.184906 260.707153 -4.893250 0.901533 0.981812 -1
0 -166.846954 260.707153 161.633759 0.003091 0.981812 -1
0 -235.824677 260.707153 -4.893250 0.901533 0.981812 -1
0 -0.319916 260.707153 230.611526 0.003091 0.981812 -1
0 -166.846954 260.707153 161.633759 0.901533 0.981812 -1
0 166.207077 260.707153 161.633759 0.003091 0.981812 -1
0 -0.319916 260.707153 230.611526 0.901533 0.981812 -1
0 -0.319916 65.569847 -240.398071 0.909280 0.981812 -1
0 -0.319916 260.707153 -240.398071 0.909280 -0.016255 -1
0 -166.846954 65.569847 -171.420273 0.003091 0.981812 -1
0 -166.846954 260.707153 -171.420273 0.003091 -0.016255 -1
0 -166.846954 65.569847 -171.420273 0.909280 0.981812 -1
0 -166.846954 260.707153 -171.420273 0.909280 -0.016255 -1
0 -235.824677 65.569847 -4.893250 0.003091 0.981812 -1
0 -235.824677 260.707153 -4.893250 0.003091 -0.016255 -1
0 -166.846954 -128.413971 161.633759 0.909280 0.981812 -1
0 -235.824677 -128.413971 -4.893250 0.003091 0.981812 -1
0 -166.846954 65.569847 161.633759 0.909280 -0.016255 -1
0 -235.824677 65.569847 -4.893250 0.003091 -0.016255 -1
0 166.207077 65.569847 161.633759 0.909280 0.981812 -1
0 166.207077 260.707153 161.633759 0.909280 -0.016255 -1
0 235.184906 65.569847 -4.893250 0.003091 0.981812 -1
0 235.184906 260.707153 -4.893250 0.003091 -0.016255 -1
0 -0.319916 65.569847 230.611526 0.909280 0.981812 -1
0 -0.319916 260.707153 230.611526 0.909280 -0.016255 -1
0 166.207077 65.569847 161.633759 0.003091 0.981812 -1
0 166.207077 260.707153 161.633759 0.003091 -0.016255 -1
0 -166.846954 65.569847 161.633759 0.909280 0.981812 -1
0 -166.846954 260.707153 161.633759 0.909280 -0.016255 -1
0 -0.319916 65.569847 230.611526 0.003091 0.981812 -1
0 -0.319916 260.707153 230.611526 0.003091 -0.016255 -1
0 -0.319916 -128.413971 230.611526 0.909280 0.981812 -1
0 -166.846954 -128.413971 161.633759 0.003091 0.981812 -1
0 -0.319916 65.569847 230.611526 0.909280 -0.016255 -1
0 -166.846954 65.569847 161.633759 0.003091 -0.016255 -1
0 -235.824677 65.569847 -4.893250 0.909280 0.981812 -1
0 -235.824677 260.707153 -4.893250 0.909280 -0.016255 -1
0 -166.846954 65.569847 161.633759 0.003091 0.981812 -1
0 -166.846954 260.707153 161.633759 0.003091 -0.016255 -1
0 166.207077 65.569847 -171.420273 0.909280 0.981812 -1
0 166.207077 260.707153 -171.420273 0.909280 -0.016255 -1
0 -0.319916 65.569847 -240.398071 0.003091 0.981812 -1
0 -0.319916 260.707153 -240.398071 0.003091 -0.016255 -1
0 166.207077 260.707153 -171.420273 0.003091 -0.016255 -1
0 166.207077 65.569847 -171.420273 0.003091 0.981812 -1
0 235.184906 260.707153 -4.893250 0.909280 -0.016255 -1
0 235.184906 65.569847 -4.893250 0.909280 0.981812 -1
0 -0.319916 -128.413971 -240.398071 0.909280 0.981812 -1
0 -0.319916 65.569847 -240.398071 0.909280 -0.016255 -1
0 -166.846954 -128.413971 -171.420273 0.003091 0.981812 -1
0 -166.846954 65.569847 -171.420273 0.003091 -0.016255 -1
0 -235.824677 65.569847 -4.893250 0.909280 -0.016255 -1
0 -235.824677 -128.413971 -4.893250 0.909280 0.981812 -1
0 -0.319916 65.569847 -240.398071 0.003091 -0.016255 -1
0 -0.319916 -128.413971 -240.398071 0.003091 0.981812 -1
0 166.207077 65.569847 -171.420273 0.909280 -0.016255 -1
0 166.207077 -128.413971 -171.420273 0.909280 0.981812 -1
0 235.184906 -128.413971 -4.893250 0.003091 0.981812 -1
0 235.184906 65.569847 -4.893250 0.003091 -0.016255 -1
0 166.207077 65.569847 161.633759 0.909280 -0.016255 -1
0 166.207077 -128.413971 161.633759 0.909280 0.981812 -1
0 -0.319916 -128.413971 230.611526 0.003091 0.981812 -1
0 -0.319916 65.569847 230.611526 0.003091 -0.016255 -1
34
-0.176737 0.886966 0.426680
0.000000 1.000000 -0.000000
0.176737 0.886966 0.426680
0.426680 0.886966 0.176736
0.426680 0.886966 -0.176736
0.176737 0.886966 -0.426680
-0.176737 0.886966 -0.426680
-0.426680 0.886966 -0.176737
-0.426680 0.886966 0.176737
-0.138973 -0.931729 0.335511
0.000000 -1.000000 -0.000000
0.138973 -0.931729 0.335511
0.335511 -0.931729 0.138973
-0.335511 -0.931729 -0.138973
-0.335511 -0.931729 0.138973
0.335511 -0.931729 -0.138973
0.138973 -0.931729 -0.335511
-0.138973 -0.931729 -0.335511
0.382684 0.000000 0.923879
0.923880 0.000000 0.382683
0.923880 0.000000 -0.382683
-0.923879 0.000000 -0.382684
-0.382684 0.000000 -0.923879
0.382683 0.000000 -0.923880
-0.382684 0.000000 0.923879
-0.923879 0.000000 0.382684
0.382684 0.000000 0.923879
0.707107 0.000000 0.707107
0.923880 0.000000 0.382683
-0.382684 0.000000 0.923879
-0.707107 0.000000 0.707107
-1.000000 0.000000 -0.000000
-0.707107 0.000000 -0.707107
-0.382684 0.000000 -0.923880
48
0 0 1 2 0 0 1 1
0 3 4 2 2 2 1 1
0 5 2 6 3 1 3 1
0 7 2 8 4 1 4 1
0 9 2 10 5 1 5 1
0 11 2 12 6 1 6 1
0 13 14 2 7 7 1 1
0 2 15 16 1 8 8 1
0 17 18 19 9 9 10 1
0 20 21 19 11 11 10 1
0 22 23 19 12 12 10 1
0 24 19 25 13 10 13 1
0 19 26 27 10 14 14 1
0 28 29 19 15 15 10 1
0 30 31 19 16 16 10 1
0 19 32 33 10 17 17 1
0 34 35 36 18 18 18 1
0 35 37 36 18 18 18 1
0 38 39 40 19 19 19 1
0 39 41 40 19 19 19 1
0 42 43 44 20 20 20 1
0 43 45 44 20 20 20 1
0 46 47 48 21 21 21 1
0 47 49 48 21 21 21 1
0 50 51 52 22 22 22 1
0 51 53 52 22 22 22 1
0 54 55 56 23 23 23 1
0 55 57 56 23 23 23 1
0 58 59 60 23 23 23 1
0 59 61 60 23 23 23 1
0 62 63 64 20 20 20 1
0 63 65 64 20 20 20 1
0 66 67 68 24 24 24 1
0 67 69 68 24 24 24 1
0 70 71 72 25 25 25 1
0 71 73 72 25 25 25 1
0 74 75 76 26 26 27 1
0 75 77 76 26 27 27 1
0 77 78 76 27 28 27 1
0 76 78 79 27 28 28 1
0 80 81 82 29 29 30 1
0 81 83 82 29 30 30 1
0 83 84 82 30 31 30 1
0 82 84 85 30 31 31 1
0 85 84 86 31 31 32 1
0 84 87 86 31 32 32 1
0 87 88 86 32 33 32 1
0 86 88 89 32 33 33 1
"Tex_0009_0_dds" 0 1
64
0 -118.512222 46.234741 -122.891197 4.000000 1.006882 -1
0 -124.462784 29.540377 -128.841675 4.000000 1.981445 -1
0 -0.457363 46.234741 -171.791016 0.000000 1.006882 -1
0 -0.457363 29.540377 -180.206467 0.000000 1.981445 -1
0 -0.457363 46.234741 -171.791016 4.000000 1.006882 -1
0 -0.457363 29.540377 -180.206467 4.000000 1.981445 -1
0 117.597458 46.234741 -122.891197 0.000000 1.006882 -1
0 123.548019 29.540377 -128.841675 0.000000 1.981445 -1
0 -0.457363 -25.229437 -180.206467 4.000000 1.006882 -1
0 -0.457363 -46.462852 -171.791016 4.000000 1.981445 -1
0 123.548019 -25.229437 -128.841675 0.000000 1.006882 -1
0 117.597458 -46.462852 -122.891197 0.000000 1.981445 -1
0 -124.462784 -25.229437 -128.841675 4.000000 1.006882 -1
0 -118.512222 -46.462852 -122.891197 4.000000 1.981445 -1
0 -0.457363 -25.229437 -180.206467 0.000000 1.006882 -1
0 -0.457363 -46.462852 -171.791016 0.000000 1.981445 -1
0 117.597458 46.234741 -122.891197 4.000000 1.006882 -1
0 123.548019 29.540377 -128.841675 4.000000 1.981445 -1
0 166.497421 46.234741 -4.836317 0.000000 1.006882 -1
0 174.912766 29.540377 -4.836317 0.000000 1.981445 -1
0 -0.457363 -25.229437 170.533813 4.000000 1.006882 -1
0 -0.457363 -46.462852 162.118393 4.000000 1.981445 -1
0 -124.462784 -25.229437 119.169121 0.000000 1.006882 -1
0 -118.512222 -46.462852 113.218513 0.000000 1.981445 -1
0 166.497421 46.234741 -4.836317 4.000000 1.006882 -1
0 174.912766 29.540377 -4.836317 4.000000 1.981445 -1
0 117.597458 46.234741 113.218513 0.000000 1.006882 -1
0 123.548019 29.540377 119.169121 0.000000 1.981445 -1
0 174.912766 -25.229437 -4.836317 4.000000 1.006882 -1
0 166.497421 -46.462852 -4.836317 4.000000 1.981445 -1
0 123.548019 -25.229437 119.169121 0.000000 1.006882 -1
0 117.597458 -46.462852 113.218513 0.000000 1.981445 -1
0 123.548019 -25.229437 -128.841675 4.000000 1.006882 -1
0 117.597458 -46.462852 -122.891197 4.000000 1.981445 -1
0 174.912766 -25.229437 -4.836317 0.000000 1.006882 -1
0 166.497421 -46.462852 -4.836317 0.000000 1.981445 -1
0 117.597458 46.234741 113.218513 4.000000 1.006882 -1
0 123.548019 29.540377 119.169121 4.000000 1.981445 -1
0 -0.457363 46.234741 162.118393 0.000000 1.006882 -1
0 -0.457363 29.540377 170.533813 0.000000 1.981445 -1
0 -124.462784 -25.229437 119.169121 4.000000 1.006882 -1
0 -118.512222 -46.462852 113.218513 4.000000 1.981445 -1
0 -175.827499 -25.229437 -4.836317 0.000000 1.006882 -1
0 -167.412125 -46.462852 -4.836317 0.000000 1.981445 -1
0 -167.412125 46.234741 -4.836317 4.000000 1.006882 -1
0 -175.827499 29.540377 -4.836317 4.000000 1.981445 -1
0 -118.512222 46.234741 -122.891197 0.000000 1.006882 -1
0 -124.462784 29.540377 -128.841675 0.000000 1.981445 -1
0 -0.457363 46.234741 162.118393 4.000000 1.006882 -1
0 -0.457363 29.540377 170.533813 4.000000 1.981445 -1
0 -118.512222 46.234741 113.218513 0.000000 1.006882 -1
0 -124.462784 29.540377 119.169121 0.000000 1.981445 -1
0 123.548019 -25.229437 119.169121 4.000000 1.006882 -1
0 117.597458 -46.462852 113.218513 4.000000 1.981445 -1
0 -0.457363 -25.229437 170.533813 0.000000 1.006882 -1
0 -0.457363 -46.462852 162.118393 0.000000 1.981445 -1
0 -175.827499 -25.229437 -4.836317 4.000000 1.006882 -1
0 -167.412125 -46.462852 -4.836317 4.000000 1.981445 -1
0 -124.462784 -25.229437 -128.841675 0.000000 1.006882 -1
0 -118.512222 -46.462852 -122.891197 0.000000 1.981445 -1
0 -118.512222 46.234741 113.218513 4.000000 1.006882 -1
0 -124.462784 29.540377 119.169121 4.000000 1.981445 -1
0 -167.412125 46.234741 -4.836317 0.000000 1.006882 -1
0 -175.827499 29.540377 -4.836317 0.000000 1.981445 -1
48
0.346908 -0.422172 0.837512
0.346908 -0.422175 0.837510
0.346908 -0.422179 0.837508
-0.346907 -0.422179 0.837508
-0.346908 -0.422176 0.837510
-0.346909 -0.422172 0.837511
-0.359352 0.343837 0.867550
-0.359351 0.343833 0.867551
-0.359351 0.343830 0.867552
0.359352 0.343831 0.867552
0.359351 0.343834 0.867551
0.359350 0.343837 0.867550
-0.837510 -0.422174 0.346908
-0.837510 -0.422174 0.346908
-0.837510 -0.422175 0.346908
0.359351 0.343836 -0.867551
0.359351 0.343835 -0.867551
0.359351 0.343835 -0.867551
-0.837510 -0.422175 -0.346908
-0.837510 -0.422175 -0.346908
-0.837510 -0.422176 -0.346908
-0.867551 0.343833 -0.359352
-0.867551 0.343834 -0.359352
-0.867551 0.343834 -0.359352
-0.867552 0.343832 0.359352
-0.867551 0.343832 0.359352
-0.867551 0.343833 0.359352
-0.346907 -0.422177 -0.837509
-0.346907 -0.422178 -0.837509
-0.346907 -0.422178 -0.837509
0.867551 0.343834 -0.359351
0.867551 0.343834 -0.359351
0.867551 0.343834 -0.359351
0.837510 -0.422176 0.346908
0.837510 -0.422175 0.346908
0.837510 -0.422174 0.346908
0.346907 -0.422178 -0.837509
0.346907 -0.422178 -0.837509
0.346907 -0.422177 -0.837509
-0.359351 0.343835 -0.867551
-0.359351 0.343835 -0.867551
-0.359351 0.343836 -0.867551
0.867551 0.343834 0.359351
0.867551 0.343833 0.359351
0.867552 0.343832 0.359351
0.837510 -0.422176 -0.346908
0.837510 -0.422176 -0.346908
0.837510 -0.422176 -0.346908
32
0 0 1 2 0 1 1 1
0 1 3 2 1 2 1 1
0 4 5 6 3 4 4 1
0 5 7 6 4 5 4 1
0 8 9 10 6 7 7 1
0 9 11 10 7 8 7 1
0 12 13 14 9 10 10 1
0 13 15 14 10 11 10 1
0 16 17 18 12 13 13 1
0 17 19 18 13 14 13 1
0 20 21 22 15 16 16 1
0 21 23 22 16 17 16 1
0 24 25 26 18 19 19 1
0 25 27 26 19 20 19 1
0 28 29 30 21 22 22 1
0 29 31 30 22 23 22 1
0 32 33 34 24 25 25 1
0 33 35 34 25 26 25 1
0 36 37 38 27 28 28 1
0 37 39 38 28 29 28 1
0 40 41 42 30 31 31 1
0 41 43 42 31 32 31 1
0 44 45 46 33 34 34 1
0 45 47 46 34 35 34 1
0 48 49 50 36 37 37 1
0 49 51 50 37 38 37 1
0 52 53 54 39 40 40 1
0 53 55 54 40 41 40 1
0 56 57 58 42 43 43 1
0 57 59 58 43 44 43 1
0 60 61 62 45 46 46 1
0 61 63 62 46 47 46 1
"Tex_0011_0_dds" 0 3
160
0 0.776810 -161.348816 -120.689865 2.000000 2.000000 -1
0 -0.049318 -121.691528 -171.668106 2.000000 0.000000 -1
0 -80.581970 -161.568726 -86.757652 0.000000 2.000000 -1
0 -116.973206 -122.007568 -122.906158 0.000000 0.000000 -1
0 82.988556 -160.856110 -87.275925 2.000000 2.000000 -1
0 118.202721 -120.983322 -123.650116 2.000000 0.000000 -1
0 0.776810 -161.348816 -120.689865 0.000000 2.000000 -1
0 -0.049318 -121.691528 -171.668106 0.000000 0.000000 -1
0 0.792177 -185.706604 -84.842140 2.000000 2.000000 -1
0 1.489983 -202.415833 -25.554651 2.000000 0.500000 -1
0 57.472824 -185.367859 -61.974792 0.000000 2.000000 -1
0 15.929833 -202.329620 -19.771873 0.000000 0.500000 -1
0 -55.274738 -185.858887 -61.618111 2.000000 2.000000 -1
0 -13.065432 -202.455963 -19.680130 2.000000 0.500000 -1
0 0.792177 -185.706604 -84.842140 0.000000 2.000000 -1
0 1.489983 -202.415833 -25.554651 0.000000 0.500000 -1
0 116.630875 -160.382904 -5.519690 2.000000 2.000000 -1
0 167.278961 -120.299454 -6.018224 2.000000 0.000000 -1
0 82.988556 -160.856110 -87.275925 0.000000 2.000000 -1
0 118.202721 -120.983322 -123.650116 0.000000 0.000000 -1
0 82.814415 -160.202545 76.670006 2.000000 2.000000 -1
0 118.579193 -120.042816 111.574951 2.000000 0.000000 -1
0 116.630875 -160.382904 -5.519690 0.000000 2.000000 -1
0 167.278961 -120.299454 -6.018224 0.000000 0.000000 -1
0 80.989395 -185.040619 -5.733423 2.000000 2.000000 -1
0 21.840967 -202.246552 -5.406241 2.000000 0.500000 -1
0 57.641762 -184.917450 50.642914 0.000000 2.000000 -1
0 15.836657 -202.214813 9.091883 0.000000 0.500000 -1
0 -55.106937 -185.409973 50.651886 2.000000 2.000000 -1
0 -13.158907 -202.341431 9.094193 2.000000 0.500000 -1
0 -78.461441 -185.737061 -5.720737 0.000000 2.000000 -1
0 -19.164988 -202.425568 -5.402979 0.000000 0.500000 -1
0 -78.461441 -185.737061 -5.720737 2.000000 2.000000 -1
0 -19.164988 -202.425568 -5.402979 2.000000 0.500000 -1
0 -55.274738 -185.858887 -61.618111 0.000000 2.000000 -1
0 -13.065432 -202.455963 -19.680130 0.000000 0.500000 -1
0 57.641762 -184.917450 50.642914 2.000000 2.000000 -1
0 15.836657 -202.214813 9.091883 2.000000 0.500000 -1
0 1.268871 -185.070618 73.998413 0.000000 2.000000 -1
0 1.339241 -202.254242 15.098190 0.000000 0.500000 -1
0 -80.581970 -161.568726 -86.757652 2.000000 2.000000 -1
0 -116.973206 -122.007568 -122.906158 2.000000 0.000000 -1
0 -114.317001 -161.391602 -5.501321 0.000000 2.000000 -1
0 -165.313232 -121.752106 -5.991767 0.000000 0.000000 -1
0 57.472824 -185.367859 -61.974792 2.000000 2.000000 -1
0 15.929833 -202.329620 -19.771873 2.000000 0.500000 -1
0 80.989395 -185.040619 -5.733423 0.000000 2.000000 -1
0 21.840967 -202.246552 -5.406241 0.000000 0.500000 -1
0 -114.317001 -161.391602 -5.501321 2.000000 2.000000 -1
0 -165.313232 -121.752106 -5.991767 2.000000 0.000000 -1
0 -80.490257 -160.915985 76.682991 0.000000 2.000000 -1
0 -116.598976 -121.070084 111.593681 0.000000 0.000000 -1
0 1.164229 -160.417816 112.101501 2.000000 2.000000 -1
0 0.993111 -120.361984 160.291382 2.000000 0.000000 -1
0 82.814415 -160.202545 76.670006 0.000000 2.000000 -1
0 118.579193 -120.042816 111.574951 0.000000 0.000000 -1
0 -80.490257 -160.915985 76.682991 2.000000 2.000000 -1
0 -116.598976 -121.070084 111.593681 2.000000 0.000000 -1
0 1.164229 -160.417816 112.101501 0.000000 2.000000 -1
0 0.993111 -120.361984 160.291382 0.000000 0.000000 -1
0 1.268871 -185.070618 73.998413 2.000000 2.000000 -1
0 1.339241 -202.254242 15.098190 2.000000 0.500000 -1
0 -55.106937 -185.409973 50.651886 0.000000 2.000000 -1
0 -13.158907 -202.341431 9.094193 0.000000 0.500000 -1
0 0.841456 149.871323 -172.633896 2.000000 2.000000 -1
0 1.083869 254.217865 -172.539398 2.000000 0.000000 -1
0 -116.751755 150.100510 -123.934235 0.000000 2.000000 -1
0 -116.509323 254.446991 -123.839714 0.000000 0.000000 -1
0 118.427994 149.554123 -123.918877 2.000000 2.000000 -1
0 118.670471 253.900146 -123.824387 2.000000 0.000000 -1
0 0.841456 149.871323 -172.633896 0.000000 2.000000 -1
0 1.083869 254.217865 -172.539398 0.000000 0.000000 -1
0 -116.767624 149.887436 111.246254 2.000000 2.000000 -1
0 -116.525192 254.234009 111.340729 2.000000 0.000000 -1
0 0.819049 149.570206 159.961487 0.000000 2.000000 -1
0 1.061463 253.916718 160.055984 0.000000 0.000000 -1
0 167.127472 149.334274 -6.325445 2.000000 2.000000 -1
0 167.369919 253.680511 -6.230940 2.000000 0.000000 -1
0 118.427994 149.554123 -123.918877 0.000000 2.000000 -1
0 118.670471 253.900146 -123.824387 0.000000 0.000000 -1
0 118.412216 149.341110 111.261597 2.000000 2.000000 -1
0 118.654625 253.687500 111.356155 2.000000 0.000000 -1
0 167.127472 149.334274 -6.325445 0.000000 2.000000 -1
0 167.369919 253.680511 -6.230940 0.000000 0.000000 -1
0 -116.751755 150.100510 -123.934235 2.000000 2.000000 -1
0 -116.509323 254.446991 -123.839714 2.000000 0.000000 -1
0 -165.466904 150.107224 -6.347137 0.000000 2.000000 -1
0 -165.224594 254.453918 -6.252634 0.000000 0.000000 -1
0 -165.466904 150.107224 -6.347137 2.000000 2.000000 -1
0 -165.224594 254.453918 -6.252634 2.000000 0.000000 -1
0 -116.767624 149.887436 111.246254 0.000000 2.000000 -1
0 -116.525192 254.234009 111.340729 0.000000 0.000000 -1
0 0.819049 149.570206 159.961487 2.000000 2.000000 -1
0 1.061463 253.916718 160.055984 2.000000 0.000000 -1
0 118.412216 149.341110 111.261597 0.000000 2.000000 -1
0 118.654625 253.687500 111.356155 0.000000 0.000000 -1
0 0.599044 45.524944 -172.728317 2.000000 2.000000 -1
0 0.841456 149.871323 -172.633896 2.000000 0.000000 -1
0 -116.994209 45.754032 -124.028648 0.000000 2.000000 -1
0 -116.751755 150.100510 -123.934235 0.000000 0.000000 -1
0 0.379069 -45.549442 -172.817123 2.000000 2.000000 -1
0 0.200380 -122.462250 -172.886688 2.000000 0.500000 -1
0 117.965591 -45.866768 -124.102013 0.000000 2.000000 -1
0 117.786995 -122.779465 -124.171616 0.000000 0.500000 -1
0 117.949760 -46.079773 111.078445 2.000000 2.000000 -1
0 117.771133 -122.992325 111.008774 2.000000 0.500000 -1
0 0.356661 -45.850685 159.778458 0.000000 2.000000 -1
0 0.177975 -122.763275 159.708572 0.000000 0.500000 -1
0 117.965591 -45.866768 -124.102013 2.000000 2.000000 -1
0 117.786995 -122.779465 -124.171616 2.000000 0.500000 -1
0 166.665070 -46.086433 -6.508582 0.000000 2.000000 -1
0 166.486450 -122.999069 -6.578231 0.000000 0.500000 -1
0 -117.214195 -45.320351 -124.117233 2.000000 2.000000 -1
0 -117.392815 -122.232941 -124.186935 2.000000 0.500000 -1
0 0.379069 -45.549442 -172.817123 0.000000 2.000000 -1
0 0.200380 -122.462250 -172.886688 0.000000 0.500000 -1
0 166.885101 44.987965 -6.419950 2.000000 2.000000 -1
0 167.127472 149.334274 -6.325445 2.000000 0.000000 -1
0 118.185608 45.207706 -124.013306 0.000000 2.000000 -1
0 118.427994 149.554123 -123.918877 0.000000 0.000000 -1
0 118.169868 44.994640 111.167076 2.000000 2.000000 -1
0 118.412216 149.341110 111.261597 2.000000 0.000000 -1
0 166.885101 44.987965 -6.419950 0.000000 2.000000 -1
0 167.127472 149.334274 -6.325445 0.000000 0.000000 -1
0 118.185608 45.207706 -124.013306 2.000000 2.000000 -1
0 118.427994 149.554123 -123.918877 2.000000 0.000000 -1
0 0.599044 45.524944 -172.728317 0.000000 2.000000 -1
0 0.841456 149.871323 -172.633896 0.000000 0.000000 -1
0 166.665070 -46.086433 -6.508582 2.000000 2.000000 -1
0 166.486450 -122.999069 -6.578231 2.000000 0.500000 -1
0 117.949760 -46.079773 111.078445 0.000000 2.000000 -1
0 117.771133 -122.992325 111.008774 0.000000 0.500000 -1
0 -117.229965 -45.533394 111.063126 2.000000 2.000000 -1
0 -117.408623 -122.446030 110.993500 2.000000 0.500000 -1
0 -165.929428 -45.313721 -6.530267 0.000000 2.000000 -1
0 -166.108063 -122.226364 -6.599923 0.000000 0.500000 -1
0 -165.929428 -45.313721 -6.530267 2.000000 2.000000 -1
0 -166.108063 -122.226364 -6.599923 2.000000 0.500000 -1
0 -117.214195 -45.320351 -124.117233 0.000000 2.000000 -1
0 -117.392815 -122.232941 -124.186935 0.000000 0.500000 -1
0 0.356661 -45.850685 159.778458 2.000000 2.000000 -1
0 0.177975 -122.763275 159.708572 2.000000 0.500000 -1
0 -117.229965 -45.533394 111.063126 0.000000 2.000000 -1
0 -117.408623 -122.446030 110.993500 0.000000 0.500000 -1
0 -117.010002 45.541035 111.151772 2.000000 2.000000 -1
0 -116.767624 149.887436 111.246254 2.000000 0.000000 -1
0 0.576638 45.223789 159.866867 0.000000 2.000000 -1
0 0.819049 149.570206 159.961487 0.000000 0.000000 -1
0 -165.709366 45.760754 -6.441623 2.000000 2.000000 -1
0 -165.466904 150.107224 -6.347137 2.000000 0.000000 -1
0 -117.010002 45.541035 111.151772 0.000000 2.000000 -1
0 -116.767624 149.887436 111.246254 0.000000 0.000000 -1
0 0.576638 45.223789 159.866867 2.000000 2.000000 -1
0 0.819049 149.570206 159.961487 2.000000 0.000000 -1
0 118.169868 44.994640 111.167076 0.000000 2.000000 -1
0 118.412216 149.341110 111.261597 0.000000 0.000000 -1
0 -116.994209 45.754032 -124.028648 2.000000 2.000000 -1
0 -116.751755 150.100510 -123.934235 2.000000 0.000000 -1
0 -165.709366 45.760754 -6.441623 0.000000 2.000000 -1
0 -165.466904 150.107224 -6.347137 0.000000 0.000000 -1
120
0.245163 0.767129 0.592797
0.245152 0.767138 0.592790
0.245141 0.767147 0.592783
-0.247263 0.763095 0.597115
-0.247218 0.762977 0.597284
-0.247174 0.762859 0.597454
-0.114933 0.955772 0.270722
-0.114673 0.955700 0.271086
-0.114414 0.955628 0.271451
0.108878 0.956931 0.269126
0.107321 0.957182 0.268859
0.105763 0.957430 0.268592
-0.600553 0.761857 0.242715
-0.601885 0.760077 0.244985
-0.603210 0.758290 0.247252
-0.604625 0.756118 -0.250429
-0.603424 0.756972 -0.250743
-0.602222 0.757825 -0.251057
-0.277989 0.953407 -0.117209
-0.277986 0.953407 -0.117211
-0.277984 0.953408 -0.117212
0.269630 0.955799 -0.117250
0.269630 0.955799 -0.117252
0.269630 0.955799 -0.117253
0.268748 0.956978 0.109393
0.267248 0.957278 0.110444
0.265748 0.957573 0.111495
-0.117867 0.953251 -0.278243
-0.117868 0.953251 -0.278243
-0.117869 0.953251 -0.278243
0.592212 0.767889 0.244194
0.592969 0.767367 0.244001
0.593724 0.766843 0.243809
-0.277450 0.954369 0.110459
-0.277282 0.954530 0.109482
-0.277114 0.954691 0.108506
0.595772 0.763373 -0.249635
0.596420 0.762516 -0.250705
0.597066 0.761657 -0.251775
-0.269331 0.740137 -0.616164
-0.261429 0.746743 -0.611579
-0.253493 0.753255 -0.606917
0.255774 0.757754 -0.600324
0.253655 0.751296 -0.609273
0.251504 0.744744 -0.618144
0.109490 0.954244 -0.278262
0.109492 0.954245 -0.278259
0.109494 0.954245 -0.278257
0.382619 -0.001726 0.923904
0.382619 -0.001726 0.923904
0.382620 -0.001726 0.923904
-0.382744 0.000053 0.923854
-0.382744 0.000053 0.923854
-0.382744 0.000053 0.923854
0.382745 -0.000053 -0.923854
0.382745 -0.000053 -0.923854
0.382745 -0.000053 -0.923854
-0.923903 0.001800 0.382623
-0.923903 0.001800 0.382623
-0.923903 0.001800 0.382623
-0.923851 0.002493 -0.382743
-0.923851 0.002493 -0.382744
-0.923851 0.002493 -0.382744
0.923852 -0.002493 0.382743
0.923851 -0.002493 0.382743
0.923851 -0.002492 0.382743
0.923903 -0.001799 -0.382622
0.923903 -0.001800 -0.382622
0.923903 -0.001800 -0.382623
-0.382621 0.001726 -0.923904
-0.382621 0.001726 -0.923904
-0.382621 0.001726 -0.923904
0.382619 -0.001725 0.923904
0.382619 -0.001725 0.923904
0.382619 -0.001725 0.923904
-0.382745 0.000054 0.923854
-0.382745 0.000053 0.923854
-0.382744 0.000053 0.923854
-0.382622 0.001726 -0.923903
-0.382621 0.001727 -0.923904
-0.382620 0.001728 -0.923904
-0.923903 0.001799 0.382623
-0.923903 0.001799 0.382623
-0.923903 0.001799 0.382623
0.382621 -0.001726 0.923904
0.382620 -0.001725 0.923904
0.382620 -0.001725 0.923904
-0.923903 0.001799 0.382624
-0.923903 0.001800 0.382623
-0.923903 0.001800 0.382623
-0.923851 0.002492 -0.382743
-0.923851 0.002492 -0.382743
-0.923851 0.002493 -0.382743
-0.382744 0.000053 0.923854
-0.382744 0.000053 0.923854
-0.382744 0.000053 0.923854
-0.923851 0.002492 -0.382744
-0.923851 0.002492 -0.382744
-0.923851 0.002492 -0.382744
0.923903 -0.001800 -0.382623
0.923903 -0.001800 -0.382623
0.923903 -0.001799 -0.382623
0.923851 -0.002492 0.382744
0.923851 -0.002492 0.382743
0.923851 -0.002492 0.382743
0.382746 -0.000050 -0.923854
0.382745 -0.000051 -0.923854
0.382744 -0.000053 -0.923854
0.382744 -0.000053 -0.923854
0.382745 -0.000052 -0.923854
0.382745 -0.000051 -0.923854
0.923903 -0.001800 -0.382623
0.923903 -0.001800 -0.382622
0.923903 -0.001800 -0.382622
-0.382620 0.001727 -0.923904
-0.382621 0.001726 -0.923904
-0.382621 0.001726 -0.923904
0.923852 -0.002493 0.382743
0.923852 -0.002493 0.382743
0.923852 -0.002493 0.382743
80
0 0 1 2 0 1 1 1
0 1 3 2 1 2 1 1
0 4 5 6 3 4 4 1
0 5 7 6 4 5 4 1
0 8 9 10 6 7 7 1
0 9 11 10 7 8 7 1
0 12 13 14 9 10 10 1
0 13 15 14 10 11 10 1
0 16 17 18 12 13 13 1
0 17 19 18 13 14 13 1
0 20 21 22 15 16 16 1
0 21 23 22 16 17 16 1
0 24 25 26 18 19 19 1
0 25 27 26 19 20 19 1
0 28 29 30 21 22 22 1
0 29 31 30 22 23 22 1
0 32 33 34 24 25 25 1
0 33 35 34 25 26 25 1
0 36 37 38 27 28 28 1
0 37 39 38 28 29 28 1
0 40 41 42 30 31 31 1
0 41 43 42 31 32 31 1
0 44 45 46 33 34 34 1
0 45 47 46 34 35 34 1
0 48 49 50 36 37 37 1
0 49 51 50 37 38 37 1
0 52 53 54 39 40 40 1
0 53 55 54 40 41 40 1
0 56 57 58 42 43 43 1
0 57 59 58 43 44 43 1
0 60 61 62 45 46 46 1
0 61 63 62 46 47 46 1
0 64 65 66 48 49 49 1
0 65 67 66 49 50 49 1
0 68 69 70 51 52 52 1
0 69 71 70 52 53 52 1
0 72 73 74 54 55 55 1
0 73 75 74 55 56 55 1
0 76 77 78 57 58 58 1
0 77 79 78 58 59 58 1
0 80 81 82 60 61 61 1
0 81 83 82 61 62 61 1
0 84 85 86 63 64 64 1
0 85 87 86 64 65 64 1
0 88 89 90 66 67 67 1
0 89 91 90 67 68 67 1
0 92 93 94 69 70 70 1
0 93 95 94 70 71 70 1
0 96 97 98 72 73 73 1
0 97 99 98 73 74 73 1
0 100 101 102 75 76 76 1
0 101 103 102 76 77 76 1
0 104 105 106 78 79 79 1
0 105 107 106 79 80 79 1
0 108 109 110 81 82 82 1
0 109 111 110 82 83 82 1
0 112 113 114 84 85 85 1
0 113 115 114 85 86 85 1
0 116 117 118 87 88 88 1
0 117 119 118 88 89 88 1
0 120 121 122 90 91 91 1
0 121 123 122 91 92 91 1
0 124 125 126 93 94 94 1
0 125 127 126 94 95 94 1
0 128 129 130 96 97 97 1
0 129 131 130 97 98 97 1
0 132 133 134 99 100 100 1
0 133 135 134 100 101 100 1
0 136 137 138 102 103 103 1
0 137 139 138 103 104 103 1
0 140 141 142 105 106 106 1
0 141 143 142 106 107 106 1
0 144 145 146 108 109 109 1
0 145 147 146 109 110 109 1
0 148 149 150 111 112 112 1
0 149 151 150 112 113 112 1
0 152 153 154 114 115 115 1
0 153 155 154 115 116 115 1
0 156 157 158 117 118 118 1
0 157 159 158 118 119 118 1

Materials: 5
"D"
1.000000 1.000000 1.000000 1.000000
0.800000 0.800000 0.800000 1.000000
0.500000 0.500000 0.500000 1.000000
1.000000 1.000000 1.000000 1.000000
0.185600
1.000000
"Tex_0000_0.ini"
""
"G"
1.000000 1.000000 1.000000 1.000000
0.800000 0.800000 0.800000 1.000000
0.500000 0.500000 0.500000 1.000000
1.000000 1.000000 1.000000 1.000000
0.185600
1.000000
"Tex_0009_0.png"
""
"H"
1.000000 1.000000 1.000000 0.800000
0.800000 0.800000 0.800000 0.800000
1.000000 1.000000 1.000000 0.800000
1.000000 1.000000 1.000000 0.800000
0.185600
0.800000
"Tex_0010_0.ini"
""
"I"
1.000000 1.000000 1.000000 1.000000
1.000000 1.000000 1.000000 1.000000
1.000000 1.000000 1.000000 1.000000
1.000000 1.000000 1.000000 1.000000
0.185600
1.000000
"Tex_0011_0.ini"
""
"J"
0.000000 0.000000 0.000000 0.660000
0.000000 0.000000 0.000000 0.660000
0.000000 0.000000 0.000000 0.660000
0.000000 0.000000 0.000000 0.660000
0.000000
0.660000
"Tex_0000_1.png"
""

Bones: 0
GroupComments: 0
MaterialComments: 0
BoneComments: 0
ModelComment: 0
