// MilkShape 3D ASCII

Frames: 30
Frame: 1

Meshes: 1
"Regroup00" 0 0
127
0 -5.681152 -111.100525 -9.043006 0 0 6
0 -7.068878 -110.975616 -8.817628 0 0 6
0 -6.697083 -110.168098 -11.395164 0 0 6
0 -0.063141 0.586861 0.040105 0 0 6
0 -0.063171 0.586861 0.040109 0 0 6
0 -5.681152 -111.100525 -9.043006 0 1 6
0 -7.068878 -110.975616 -8.817628 0.083333 1 6
0 -0.063171 0.586861 0.040109 0.083333 0 6
0 -8.356964 -110.634453 -9.282898 0 0 6
0 -0.063171 0.586861 0.040110 0 0 6
0 -0.063171 0.586861 0.040110 0.166667 0 6
0 -8.356964 -110.634453 -9.282898 0.166667 1 6
0 -9.200226 -110.168098 -10.314040 0 0 6
0 -0.063171 0.586861 0.040111 0 0 6
0 -9.200226 -110.168098 -10.314040 0.250000 1 6
0 -0.063171 0.586861 0.040111 0.250000 0 6
0 -9.372894 -109.701721 -11.635142 0 0 6
0 -0.063171 0.586861 0.040110 0.333333 0 6
0 -9.372894 -109.701721 -11.635142 0.333333 1 6
0 -8.828613 -109.360283 -12.891785 0 0 6
0 -8.828613 -109.360283 -12.891785 0.416667 1 6
0 -0.063171 0.586861 0.040109 0.416667 0 6
0 -7.713074 -109.235458 -13.747509 0 0 6
0 -0.063141 0.586861 0.040105 0.500000 0 6
0 -7.713074 -109.235458 -13.747509 0.500000 1 6
0 -6.325378 -109.360283 -13.972887 0 0 6
0 -0.063141 0.586861 0.040103 0 0 6
0 -6.325378 -109.360283 -13.972887 0.583333 1 6
0 -0.063141 0.586861 0.040103 0.583333 0 6
0 -5.037292 -109.701721 -13.507723 0 0 6
0 -0.063141 0.586861 0.040102 0 0 6
0 -0.063141 0.586861 0.040102 0.666667 0 6
0 -5.037292 -109.701721 -13.507723 0.666667 1 6
0 -4.193878 -110.168098 -12.476310 0 0 6
0 -0.063141 0.586861 0.040101 0 0 6
0 -4.193878 -110.168098 -12.476310 0.750000 1 6
0 -0.063141 0.586861 0.040101 0.750000 0 6
0 -4.021362 -110.634453 -11.155518 0 0 6
0 -0.063141 0.586861 0.040102 0.833333 0 6
0 -4.021362 -110.634453 -11.155518 0.833333 1 6
0 -4.565735 -110.975616 -9.898793 0 0 6
0 -4.565735 -110.975616 -9.898793 0.916667 1 6
0 -0.063141 0.586861 0.040103 0.916667 0 6
0 -0.063141 0.586861 0.040105 1 0 6
0 -5.681152 -111.100525 -9.043006 1 1 6
0 -3.672577 -111.100525 -9.783821 0 0 8
0 -5.074646 -110.975616 -9.680303 0 0 8
0 -4.479645 -110.168098 -12.215620 0 0 8
0 -0.004272 0.586861 0.028427 0 0 8
0 -3.672577 -111.100525 -9.783821 0 1 8
0 -5.074646 -110.975616 -9.680303 0.083333 1 8
0 -0.004272 0.586861 0.028427 0.083333 0 8
0 -6.317291 -110.634453 -10.256096 0 0 8
0 -0.004242 0.586861 0.028430 0 0 8
0 -0.004242 0.586861 0.028430 0.166667 0 8
0 -6.317291 -110.634453 -10.256096 0.166667 1 8
0 -7.067444 -110.168098 -11.356816 0 0 8
0 -7.067444 -110.168098 -11.356816 0.250000 1 8
0 -0.004242 0.586861 0.028430 0.250000 0 8
0 -7.124329 -109.701721 -12.687904 0 0 8
0 -0.004242 0.586861 0.028430 0.333333 0 8
0 -7.124329 -109.701721 -12.687904 0.333333 1 8
0 -6.472626 -109.360283 -13.892385 0 0 8
0 -6.472626 -109.360283 -13.892385 0.416667 1 8
0 -0.004272 0.586861 0.028427 0.416667 0 8
0 -5.286652 -109.235458 -14.647572 0 0 8
0 -0.004272 0.586861 0.028427 0.500000 0 8
0 -5.286652 -109.235458 -14.647572 0.500000 1 8
0 -3.884644 -109.360283 -14.751160 0 0 8
0 -3.884644 -109.360283 -14.751160 0.583333 1 8
0 -0.004272 0.586861 0.028427 0.583333 0 8
0 -2.641998 -109.701721 -14.175428 0 0 8
0 -0.004272 0.586861 0.028427 0.666667 0 8
0 -2.641998 -109.701721 -14.175428 0.666667 1 8
0 -1.891693 -110.168098 -13.074472 0 0 8
0 -0.004272 0.586861 0.028423 0 0 8
0 -1.891693 -110.168098 -13.074472 0.750000 1 8
0 -0.004272 0.586861 0.028423 0.750000 0 8
0 -1.834991 -110.634453 -11.743638 0 0 8
0 -0.004272 0.586861 0.028427 0.833333 0 8
0 -1.834991 -110.634453 -11.743638 0.833333 1 8
0 -2.486847 -110.975616 -10.539206 0 0 8
0 -2.486847 -110.975616 -10.539206 0.916667 1 8
0 -0.004272 0.586861 0.028427 0.916667 0 8
0 -0.004272 0.586861 0.028427 1 0 8
0 -3.672577 -111.100525 -9.783821 1 1 8
0 15.258301 -111.100525 -8.258663 0 0 4
0 14.260376 -110.975616 -9.248907 0 0 4
0 16.564087 -110.168098 -10.463195 0 0 4
0 0.010559 0.586861 -0.007869 0 0 4
0 15.258301 -111.100525 -8.258663 0 1 4
0 14.260376 -110.975616 -9.248907 0.083333 1 4
0 0.010559 0.586861 -0.007869 0.083333 0 4
0 13.879700 -110.634453 -10.564525 0 0 4
0 0.010590 0.586861 -0.007839 0 0 4
0 0.010590 0.586861 -0.007839 0.166667 0 4
0 13.879700 -110.634453 -10.564525 0.166667 1 4
0 14.218140 -110.168098 -11.852777 0 0 4
0 14.218140 -110.168098 -11.852777 0.250000 1 4
0 0.010590 0.586861 -0.007839 0.250000 0 4
0 15.185425 -109.701721 -12.768943 0 0 4
0 0.010590 0.586861 -0.007839 0.333333 0 4
0 15.185425 -109.701721 -12.768943 0.333333 1 4
0 16.521912 -109.360283 -13.067300 0 0 4
0 16.521912 -109.360283 -13.067300 0.416667 1 4
0 0.010559 0.586861 -0.007869 0.416667 0 4
0 17.870056 -109.235458 -12.667723 0 0 4
0 0.010559 0.586861 -0.007869 0.500000 0 4
0 17.870056 -109.235458 -12.667723 0.500000 1 4
0 18.867981 -109.360283 -11.677537 0 0 4
0 18.867981 -109.360283 -11.677537 0.583333 1 4
0 0.010559 0.586861 -0.007869 0.583333 0 4
0 19.248718 -109.701721 -10.362012 0 0 4
0 0.010559 0.586861 -0.007869 0.666667 0 4
0 19.248718 -109.701721 -10.362012 0.666667 1 4
0 18.910095 -110.168098 -9.073474 0 0 4
0 0.010559 0.586861 -0.007877 0 0 4
0 18.910095 -110.168098 -9.073474 0.750000 1 4
0 0.010559 0.586861 -0.007877 0.750000 0 4
0 17.942871 -110.634453 -8.157569 0 0 4
0 0.010559 0.586861 -0.007869 0.833333 0 4
0 17.942871 -110.634453 -8.157569 0.833333 1 4
0 16.606323 -110.975616 -7.859351 0 0 4
0 16.606323 -110.975616 -7.859351 0.916667 1 4
0 0.010559 0.586861 -0.007869 0.916667 0 4
0 0.010559 0.586861 -0.007869 1 0 4
0 15.258301 -111.100525 -8.258663 1 1 4
102
-0.135600 -0.939708 -0.313945
-0.135533 -0.939715 -0.313954
-0.135616 -0.939690 -0.313993
0 0 0
0.151993 -0.087710 0.984482
0.141861 -0.087197 0.986039
0.303457 -0.094337 0.948164
0.749218 -0.099043 0.654876
-0.135568 -0.939693 -0.314002
0.482199 -0.106712 0.869538
-0.582373 -0.024683 0.812547
-0.135631 -0.939675 -0.314029
-0.912219 0.037112 0.408018
-0.135617 -0.939678 -0.314028
-0.994600 0.088088 -0.054873
-0.989175 0.095310 -0.111575
-0.135650 -0.939681 -0.314005
-0.773960 0.134485 -0.618789
-0.746782 0.136106 -0.650993
-0.135608 -0.939691 -0.313992
-0.562187 0.135877 -0.815772
-0.392667 0.141440 -0.908739
-0.135600 -0.939679 -0.314033
-0.676998 0.130868 -0.724256
-0.998382 0.056865 0
-0.135646 -0.939676 -0.314021
-0.478880 0.130501 -0.868127
0.592369 0.071857 -0.802456
-0.135632 -0.939674 -0.314033
0.919387 0.010148 -0.393222
-0.135660 -0.939691 -0.313970
0.997132 -0.043379 0.062013
0.990869 -0.047949 0.126016
-0.135651 -0.939714 -0.313904
0.947641 -0.066080 0.312425
0.999187 -0.040327 0
0.896576 -0.075071 0.436480
0.612633 -0.094631 0.784682
-0.107724 -0.939710 -0.324562
-0.107645 -0.939717 -0.324570
-0.107730 -0.939690 -0.324618
0.065408 -0.089462 0.993840
-0.284492 -0.070275 0.956099
0.099195 0.081795 -0.991701
-0.107680 -0.939694 -0.324624
-0.926957 0.014535 0.374887
-0.652739 -0.032936 0.756866
-0.107744 -0.939674 -0.324660
-0.945754 0.027033 0.323756
-0.107733 -0.939679 -0.324649
-0.956655 0.022616 0.290345
-0.975961 0.086092 -0.200222
-0.107759 -0.939683 -0.324630
-0.979221 0.081141 -0.185854
-0.098818 -0.119272 0.987932
-0.107720 -0.939690 -0.324621
-0.311848 0.140572 -0.939676
-0.107709 -0.939680 -0.324655
0.196825 0.123794 -0.972592
-0.107753 -0.939676 -0.324652
0.187621 0.116462 -0.975313
0.661539 0.080204 -0.745610
-0.107744 -0.939673 -0.324663
0.951102 0.020255 -0.308212
-0.107773 -0.939690 -0.324604
0.989336 -0.031535 0.142196
0.975908 -0.038789 0.214709
-0.107779 -0.939713 -0.324534
0.737746 -0.079913 0.670332
0.541872 -0.091200 0.835498
0.174279 -0.939710 -0.294230
0.174340 -0.939717 -0.294172
0.174319 -0.939688 -0.294278
-0.705905 -0.147549 0.692768
-0.965220 -0.141497 0.219837
0.687890 0.146744 -0.710826
0.174358 -0.939690 -0.294247
-0.850303 -0.060922 -0.522756
-0.992324 -0.121614 -0.022409
0.174339 -0.939669 -0.294327
-0.849647 -0.052877 -0.524694
0.174340 -0.939675 -0.294308
-0.849270 -0.061883 -0.524319
-0.476973 0.035984 -0.878181
0.174299 -0.939679 -0.294319
-0.472980 0.033547 -0.880434
-0.683223 -0.186462 0.706002
0.174321 -0.939689 -0.294273
0.502203 0.179190 -0.845980
0.174368 -0.939677 -0.294283
0.859009 0.197466 -0.472346
0.174334 -0.939672 -0.294318
0.982837 0.168385 0.075347
0.985046 0.168415 0.036341
0.174344 -0.939672 -0.294313
0.837970 0.099067 0.536649
0.174284 -0.939690 -0.294292
0.738267 0.073536 0.670488
0.464894 0.010085 0.885309
0.174226 -0.939712 -0.294255
-0.024311 -0.073781 0.996978
-0.273158 -0.107908 0.955898
144
0 0 1 2 0 1 2 2
0 3 3 4 3 3 3 2
0 5 3 6 4 5 6 1
0 3 7 6 5 7 6 1
0 1 8 2 1 8 2 2
0 4 3 9 3 3 3 2
0 6 7 10 6 7 9 1
0 6 10 11 6 9 10 1
0 8 12 2 8 11 2 2
0 9 3 13 3 3 3 2
0 11 10 14 10 9 12 1
0 10 15 14 9 3 12 1
0 12 16 2 11 13 2 2
0 13 3 9 3 3 3 2
0 14 15 17 12 3 14 1
0 14 17 18 12 14 15 1
0 16 19 2 13 16 2 2
0 9 3 4 3 3 3 2
0 18 17 20 15 14 17 1
0 17 21 20 14 18 17 1
0 19 22 2 16 19 2 2
0 4 3 3 3 3 3 2
0 20 21 23 17 18 20 1
0 20 23 24 17 20 21 1
0 22 25 2 19 22 2 2
0 3 3 26 3 3 3 2
0 24 23 27 21 20 23 1
0 23 28 27 20 24 23 1
0 25 29 2 22 25 2 2
0 26 3 30 3 3 3 2
0 27 28 31 23 24 26 1
0 27 31 32 23 26 27 1
0 29 33 2 25 28 2 2
0 30 3 34 3 3 3 2
0 32 31 35 27 26 29 1
0 31 36 35 26 3 29 1
0 33 37 2 28 30 2 2
0 34 3 30 3 3 3 2
0 35 36 38 29 3 31 1
0 35 38 39 29 31 32 1
0 37 40 2 30 33 2 2
0 30 3 26 3 3 3 2
0 39 38 41 32 31 34 1
0 38 42 41 31 35 34 1
0 40 0 2 33 0 2 2
0 26 3 3 3 3 3 2
0 41 42 43 34 35 36 1
0 41 43 44 34 36 37 1
0 45 46 47 38 39 40 2
0 48 48 48 3 3 3 2
0 49 48 50 41 41 42 1
0 48 51 50 41 43 42 1
0 46 52 47 39 44 40 2
0 48 48 53 3 3 3 2
0 50 51 54 42 43 45 1
0 50 54 55 42 45 46 1
0 52 56 47 44 47 40 2
0 53 48 53 3 3 3 2
0 55 54 57 46 45 48 1
0 54 58 57 45 3 48 1
0 56 59 47 47 49 40 2
0 53 48 53 3 3 3 2
0 57 58 60 48 3 50 1
0 57 60 61 48 50 51 1
0 59 62 47 49 52 40 2
0 53 48 48 3 3 3 2
0 61 60 63 51 50 53 1
0 60 64 63 50 54 53 1
0 62 65 47 52 55 40 2
0 48 48 48 3 3 3 2
0 63 64 66 53 54 56 1
0 63 66 67 53 56 56 1
0 65 68 47 55 57 40 2
0 48 48 48 3 3 3 2
0 67 66 69 56 56 58 1
0 66 70 69 56 3 58 1
0 68 71 47 57 59 40 2
0 48 48 48 3 3 3 2
0 69 70 72 58 3 60 1
0 69 72 73 58 60 61 1
0 71 74 47 59 62 40 2
0 48 48 75 3 3 3 2
0 73 72 76 61 60 63 1
0 72 77 76 60 3 63 1
0 74 78 47 62 64 40 2
0 75 48 48 3 3 3 2
0 76 77 79 63 3 65 1
0 76 79 80 63 65 66 1
0 78 81 47 64 67 40 2
0 48 48 48 3 3 3 2
0 80 79 82 66 65 68 1
0 79 83 82 65 3 68 1
0 81 45 47 67 38 40 2
0 48 48 48 3 3 3 2
0 82 83 84 68 3 69 1
0 82 84 85 68 69 69 1
0 86 87 88 70 71 72 2
0 89 89 89 3 3 3 2
0 90 89 91 73 73 74 1
0 89 92 91 73 75 74 1
0 87 93 88 71 76 72 2
0 89 89 94 3 3 3 2
0 91 92 95 74 75 77 1
0 91 95 96 74 77 78 1
0 93 97 88 76 79 72 2
0 94 89 94 3 3 3 2
0 96 95 98 78 77 80 1
0 95 99 98 77 3 80 1
0 97 100 88 79 81 72 2
0 94 89 94 3 3 3 2
0 98 99 101 80 3 82 1
0 98 101 102 80 82 83 1
0 100 103 88 81 84 72 2
0 94 89 89 3 3 3 2
0 102 101 104 83 82 85 1
0 101 105 104 82 86 85 1
0 103 106 88 84 87 72 2
0 89 89 89 3 3 3 2
0 104 105 107 85 86 88 1
0 104 107 108 85 88 88 1
0 106 109 88 87 89 72 2
0 89 89 89 3 3 3 2
0 108 107 110 88 88 90 1
0 107 111 110 88 3 90 1
0 109 112 88 89 91 72 2
0 89 89 89 3 3 3 2
0 110 111 113 90 3 92 1
0 110 113 114 90 92 93 1
0 112 115 88 91 94 72 2
0 89 89 116 3 3 3 2
0 114 113 117 93 92 95 1
0 113 118 117 92 3 95 1
0 115 119 88 94 96 72 2
0 116 89 89 3 3 3 2
0 117 118 120 95 3 97 1
0 117 120 121 95 97 98 1
0 119 122 88 96 99 72 2
0 89 89 89 3 3 3 2
0 121 120 123 98 97 100 1
0 120 124 123 97 3 100 1
0 122 86 88 99 70 72 2
0 89 89 89 3 3 3 2
0 123 124 125 100 3 101 1
0 123 125 126 100 101 101 1

Materials: 1
"Material01"
1 1 1 1
1 1 1 1
1 1 1 1
1 1 1 1
0
1
"Tex_0001_1.png"
""

Bones: 9
"CamaraRotacion"
""
8 0 0 0 0 -0 0
1
0.000001 0 0 0
1
0.000001 0 -0 0
"CamaraTraslado"
"CamaraRotacion"
8 0 0 0 0 -0 0
2
0.000001 0 6.115707 5.769235
1199.988037 0 6.115707 5.769235
1
0.000001 0 -0 0
"EjeBichitos"
"CamaraTraslado"
8 0 0 0 0 -0 0
461
0.000001 -0.516442 23.666664 -4.876209
100 -0.516442 23.666664 -4.876209
102 -0.516442 23.666664 -4.876209
104 -0.516442 23.666664 -4.876209
106 -0.516442 23.666664 -4.876209
108 -0.516442 23.666664 -4.876209
110 -0.516442 23.666664 -4.876209
112 -0.516442 23.666664 -4.876209
114 -0.516442 23.666664 -4.876209
116 -0.516442 23.666664 -4.876209
118 -0.516442 23.666664 -4.876209
120 -0.516442 23.666664 -4.876209
122 -0.516442 23.666664 -4.876209
124 -0.516442 23.666664 -4.876209
125.999977 -0.516442 23.666664 -4.876209
128 -0.516442 23.666664 -4.876209
130 -0.516442 23.666664 -4.876209
132 -0.516442 23.666664 -4.876209
134 -0.516442 23.666664 -4.876209
136 -0.516442 23.666664 -4.876209
138 -0.516442 23.666664 -4.876209
140 -0.516442 23.666664 -4.876209
142 -0.516442 23.666664 -4.876209
144 -0.516442 23.666664 -4.876209
146 -0.516442 23.666664 -4.876209
148 -0.516442 23.666664 -4.876209
150 -0.516442 23.666664 -4.876209
152 -0.516442 23.666664 -4.876209
154 -0.516442 23.666664 -4.876209
156 -0.516442 23.666664 -4.876209
158 -0.516442 23.666664 -4.876209
160 -0.516442 23.666664 -4.876209
162 -0.516442 23.666664 -4.876209
164 -0.516442 23.666664 -4.876209
166 -0.516442 23.666664 -4.876209
168 -0.516442 23.666664 -4.876209
170 -0.516442 23.666664 -4.876209
172 -0.516442 23.666664 -4.876209
174 -0.516442 23.666664 -4.876209
176 -0.516442 23.666664 -4.876209
178 -0.516442 23.666664 -4.876209
180 -0.516442 23.666664 -4.876209
182 -0.516442 23.666664 -4.876209
184 -0.516442 23.666664 -4.876209
186 -0.516442 23.666664 -4.876209
188 -0.516442 23.666664 -4.876209
190 -0.516442 23.666664 -4.876209
192 -0.516442 23.666664 -4.876209
194 -0.516442 23.666664 -4.876209
196 -0.516442 23.666664 -4.876209
198 -0.516442 23.666664 -4.876209
200 -0.516442 23.666664 -4.876209
300 -0.516442 23.666664 -4.876209
302 -0.516442 23.666664 -4.876209
304 -0.516442 23.666664 -4.876209
306 -0.516442 23.666664 -4.876209
308 -0.516442 23.666664 -4.876209
310 -0.516442 23.666664 -4.876209
312 -0.516442 23.666664 -4.876209
314 -0.516442 23.666664 -4.876209
316 -0.516442 23.666664 -4.876209
318 -0.516442 23.666664 -4.876209
320 -0.516442 23.666664 -4.876209
322 -0.516442 23.666664 -4.876209
324 -0.516442 23.666664 -4.876209
326 -0.516442 23.666664 -4.876209
328 -0.516442 23.666664 -4.876209
330 -0.516442 23.666664 -4.876209
332 -0.516442 23.666664 -4.876209
334 -0.516442 23.666664 -4.876209
336 -0.516442 23.666664 -4.876209
338 -0.516442 23.666664 -4.876209
340 -0.516442 23.666664 -4.876209
342 -0.516442 23.666664 -4.876209
344 -0.516442 23.666664 -4.876209
346 -0.516442 23.666664 -4.876209
348 -0.516442 23.666664 -4.876209
350 -0.516442 23.666664 -4.876209
352 -0.516442 23.666664 -4.876209
354 -0.516442 23.666664 -4.876209
356 -0.516442 23.666664 -4.876209
358 -0.516442 23.666664 -4.876209
360 -0.516442 23.666664 -4.876209
362 -0.516442 23.666664 -4.876209
364 -0.516442 23.666664 -4.876209
366 -0.516442 23.666664 -4.876209
368 -0.516442 23.666664 -4.876209
370 -0.516442 23.666664 -4.876209
372 -0.516442 23.666664 -4.876209
374 -0.516442 23.666664 -4.876209
376 -0.516442 23.666664 -4.876209
378 -0.516442 23.666664 -4.876209
380 -0.516442 23.666664 -4.876209
382 -0.516442 23.666664 -4.876209
384 -0.516442 23.666664 -4.876209
386 -0.516442 23.666664 -4.876209
388 -0.516442 23.666664 -4.876209
390 -0.516442 23.666664 -4.876209
392 -0.516442 23.666664 -4.876209
394 -0.516442 23.666664 -4.876209
396 -0.516442 23.666664 -4.876209
398 -0.516442 23.666664 -4.876209
400 -0.516442 23.666664 -4.876209
499.999969 -0.516442 23.666664 -4.876209
502 -0.516442 23.666664 -4.876209
503.999908 -0.516442 23.666664 -4.876209
506 -0.516442 23.666664 -4.876209
507.999969 -0.516442 23.666664 -4.876209
510 -0.516442 23.666664 -4.876209
512 -0.516442 23.666664 -4.876209
514 -0.516442 23.666664 -4.876209
516 -0.516442 23.666664 -4.876209
518 -0.516442 23.666664 -4.876209
520 -0.516442 23.666664 -4.876209
522 -0.516442 23.666664 -4.876209
524 -0.516442 23.666664 -4.876209
526 -0.516442 23.666664 -4.876209
528 -0.516442 23.666664 -4.876209
530 -0.516442 23.666664 -4.876209
532 -0.516442 23.666664 -4.876209
534 -0.516442 23.666664 -4.876209
536 -0.516442 23.666664 -4.876209
538 -0.516442 23.666664 -4.876209
540 -0.516442 23.666664 -4.876209
542 -0.516442 23.666664 -4.876209
544 -0.516442 23.666664 -4.876209
546 -0.516442 23.666664 -4.876209
548 -0.516442 23.666664 -4.876209
550 -0.516442 23.666664 -4.876209
552 -0.516442 23.666664 -4.876209
554 -0.516442 23.666664 -4.876209
556 -0.516442 23.666664 -4.876209
558 -0.516442 23.666664 -4.876209
560 -0.516442 23.666664 -4.876209
562 -0.516442 23.666664 -4.876209
564 -0.516442 23.666664 -4.876209
566 -0.516442 23.666664 -4.876209
568 -0.516442 23.666664 -4.876209
570 -0.516442 23.666664 -4.876209
572 -0.516442 23.666664 -4.876209
574 -0.516442 23.666664 -4.876209
576 -0.516442 23.666664 -4.876209
578 -0.516442 23.666664 -4.876209
580 -0.516442 23.666664 -4.876209
582 -0.516442 23.666664 -4.876209
584 -0.516442 23.666664 -4.876209
586 -0.516442 23.666664 -4.876209
588 -0.516442 23.666664 -4.876209
590 -0.516442 23.666664 -4.876209
592 -0.516442 23.666664 -4.876209
594 -0.516442 23.666664 -4.876209
596 -0.516442 23.666664 -4.876209
598 -0.516442 23.666664 -4.876209
600 -0.516442 23.666664 -4.876209
690 -0.516442 23.666664 -4.876209
692 -0.516442 23.666664 -4.876209
694 -0.516442 23.666664 -4.876209
696 -0.516442 23.666664 -4.876209
698 -0.516442 23.666664 -4.876209
700 -0.516442 23.666664 -4.876209
702 -0.516442 23.666664 -4.876209
704 -0.516442 23.666664 -4.876209
706 -0.516442 23.666664 -4.876209
708 -0.516442 23.666664 -4.876209
710 -0.516442 23.666664 -4.876209
712 -0.516442 23.666664 -4.876209
714 -0.516442 23.666664 -4.876209
716 -0.516442 23.666664 -4.876209
718 -0.516442 23.666664 -4.876209
720 -0.516442 23.666664 -4.876209
722 -0.516442 23.666664 -4.876209
724 -0.516442 23.666664 -4.876209
726 -0.516442 23.666664 -4.876209
728 -0.516442 23.666664 -4.876209
730 -0.516442 23.666664 -4.876209
732 -0.516442 23.666664 -4.876209
734 -0.516442 23.666664 -4.876209
736 -0.516442 23.666664 -4.876209
738 -0.516442 23.666664 -4.876209
740 -0.516442 23.666664 -4.876209
742 -0.516442 23.666664 -4.876209
744 -0.516442 23.666664 -4.876209
746 -0.516442 23.666664 -4.876209
748 -0.516442 23.666664 -4.876209
750 -0.516442 23.666664 -4.876209
752 -0.516442 23.666664 -4.876209
754 -0.516442 23.666664 -4.876209
756 -0.516442 23.666664 -4.876209
758 -0.516442 23.666664 -4.876209
760 -0.516442 23.666664 -4.876209
762 -0.516442 23.666664 -4.876209
764 -0.516442 23.666664 -4.876209
766 -0.516442 23.666664 -4.876209
768 -0.516442 23.666664 -4.876209
770 -0.516442 23.666664 -4.876209
772 -0.516442 23.666664 -4.876209
774 -0.516442 23.666664 -4.876209
776 -0.516442 23.666664 -4.876209
778 -0.516442 23.666664 -4.876209
780 -0.516442 23.666664 -4.876209
782 -0.516442 23.666664 -4.876209
784 -0.516442 23.666664 -4.876209
786 -0.516442 23.666664 -4.876209
788 -0.516442 23.666664 -4.876209
790 -0.516442 23.666664 -4.876209
792 -0.516442 23.666664 -4.876209
794 -0.516442 23.666664 -4.876209
796 -0.516442 23.666664 -4.876209
798 -0.516442 23.666664 -4.876209
800 -0.516442 23.666664 -4.876209
802 -0.516442 23.666664 -4.876209
804 -0.516442 23.666664 -4.876209
806 -0.516442 23.666664 -4.876209
808 -0.516442 23.666664 -4.876209
810 -0.516442 23.666664 -4.876209
812 -0.516442 23.666664 -4.876209
814 -0.516442 23.666664 -4.876209
816 -0.516442 23.666664 -4.876209
818 -0.516442 23.666664 -4.876209
820 -0.516442 23.666664 -4.876209
822 -0.516442 23.666664 -4.876209
824 -0.516442 23.666664 -4.876209
826 -0.516442 23.666664 -4.876209
828 -0.516442 23.666664 -4.876209
830 -0.516442 23.666664 -4.876209
832 -0.516442 23.666664 -4.876209
834 -0.516442 23.666664 -4.876209
836 -0.516442 23.666664 -4.876209
838 -0.516442 23.666664 -4.876209
840 -0.516442 23.666664 -4.876209
842 -0.516442 23.666664 -4.876209
844 -0.516442 23.666664 -4.876209
846 -0.516442 23.666664 -4.876209
848 -0.516442 23.666664 -4.876209
850 -0.516442 23.666664 -4.876209
852 -0.516442 23.666664 -4.876209
854 -0.516442 23.666664 -4.876209
856 -0.516442 23.666664 -4.876209
858 -0.516442 23.666664 -4.876209
860 -0.516442 23.666664 -4.876209
862 -0.516442 23.666664 -4.876209
864 -0.516442 23.666664 -4.876209
866 -0.516442 23.666664 -4.876209
868 -0.516442 23.666664 -4.876209
870 -0.516442 23.666664 -4.876209
872 -0.516442 23.666664 -4.876209
874 -0.516442 23.666664 -4.876209
876 -0.516442 23.666664 -4.876209
878 -0.516442 23.666664 -4.876209
880 -0.516442 23.666664 -4.876209
882 -0.516442 23.666664 -4.876209
884 -0.516442 23.666664 -4.876209
886 -0.516442 23.666664 -4.876209
888 -0.516442 23.666664 -4.876209
890 -0.516442 23.666664 -4.876209
892 -0.516442 23.666664 -4.876209
894 -0.516442 23.666664 -4.876209
896 -0.516442 23.666664 -4.876209
898 -0.516442 23.666664 -4.876209
900 -0.516442 23.666664 -4.876209
902 -0.516442 23.666664 -4.876209
904 -0.516442 23.666664 -4.876209
906 -0.516442 23.666664 -4.876209
908 -0.516442 23.666664 -4.876209
910 -0.516442 23.666664 -4.876209
912 -0.516442 23.666664 -4.876209
914 -0.516442 23.666664 -4.876209
916 -0.516442 23.666664 -4.876209
918 -0.516442 23.666664 -4.876209
920 -0.516442 23.666664 -4.876209
922 -0.516442 23.666664 -4.876209
924 -0.516442 23.666664 -4.876209
926 -0.516442 23.666664 -4.876209
928 -0.516442 23.666664 -4.876209
930 -0.516442 23.666664 -4.876209
932 -0.516442 23.666664 -4.876209
934 -0.516442 23.666664 -4.876209
936 -0.516442 23.666664 -4.876209
938 -0.516442 23.666664 -4.876209
940 -0.516442 23.666664 -4.876209
942 -0.516442 23.666664 -4.876209
944 -0.516442 23.666664 -4.876209
946 -0.516442 23.666664 -4.876209
948 -0.516442 23.666664 -4.876209
950 -0.516442 23.666664 -4.876209
952 -0.516442 23.666664 -4.876209
954 -0.516442 23.666664 -4.876209
956 -0.516442 23.666664 -4.876209
958 -0.516442 23.666664 -4.876209
960 -0.516442 23.666664 -4.876209
962 -0.516442 23.666664 -4.876209
964.000061 -0.516442 23.666664 -4.876209
966 -0.516442 23.666664 -4.876209
968 -0.516442 23.666664 -4.876209
969.999939 -0.516442 23.666664 -4.876209
972.000183 -0.516442 23.666664 -4.876209
974 -0.516442 23.666664 -4.876209
976 -0.516442 23.666664 -4.876209
977.999817 -0.516442 23.666664 -4.876209
980.000061 -0.516442 23.666664 -4.876209
982 -0.516442 23.666664 -4.876209
984 -0.516442 23.666664 -4.876209
985.999939 -0.516442 23.666664 -4.876209
988 -0.516442 23.666664 -4.876209
990 -0.516442 23.666664 -4.876209
992 -0.516442 23.666664 -4.876209
994.000061 -0.516442 23.666664 -4.876209
996 -0.516442 23.666664 -4.876209
998 -0.516442 23.666664 -4.876209
999.999939 -0.516442 23.666664 -4.876209
1050 -0.516442 23.666664 -4.876209
1051 -0.516442 23.666664 -4.876209
1052 -0.516442 23.666664 -4.876209
1053 -0.516442 23.666664 -4.876209
1054 -0.516442 23.666664 -4.876209
1055 -0.516442 23.666664 -4.876209
1056 -0.516442 23.666664 -4.876209
1057 -0.516442 23.666664 -4.876209
1058 -0.516442 23.666664 -4.876209
1059 -0.516442 23.666664 -4.876209
1060 -0.516442 23.666664 -4.876209
1061 -0.516442 23.666664 -4.876209
1062 -0.516442 23.666664 -4.876209
1063 -0.516442 23.666664 -4.876209
1064 -0.516442 23.666664 -4.876209
1065 -0.516442 23.666664 -4.876209
1066 -0.516442 23.666664 -4.876209
1067 -0.516442 23.666664 -4.876209
1068 -0.516442 23.666664 -4.876209
1069 -0.516442 23.666664 -4.876209
1070 -0.516442 23.666664 -4.876209
1071 -0.516442 23.666664 -4.876209
1072 -0.516442 23.666664 -4.876209
1073 -0.516442 23.666664 -4.876209
1074 -0.516442 23.666664 -4.876209
1075 -0.516442 23.666664 -4.876209
1076 -0.516442 23.666664 -4.876209
1077 -0.516442 23.666664 -4.876209
1078 -0.516442 23.666664 -4.876209
1079 -0.516442 23.666664 -4.876209
1080 -0.516442 23.666664 -4.876209
1081 -0.516442 23.666664 -4.876209
1082 -0.516442 23.666664 -4.876209
1083 -0.516442 23.666664 -4.876209
1084 -0.516442 23.666664 -4.876209
1085 -0.516442 23.666664 -4.876209
1086 -0.516442 23.666664 -4.876209
1087 -0.516442 23.666664 -4.876209
1088 -0.516442 23.666664 -4.876209
1089 -0.516442 23.666664 -4.876209
1090 -0.516442 23.666664 -4.876209
1091 -0.516442 23.666664 -4.876209
1092 -0.516442 23.666664 -4.876209
1093 -0.516442 23.666664 -4.876209
1094 -0.516442 23.666664 -4.876209
1095 -0.516442 23.666664 -4.876209
1096 -0.516442 23.666664 -4.876209
1097 -0.516442 23.666664 -4.876209
1098 -0.516442 23.666664 -4.876209
1099 -0.516442 23.666664 -4.876209
1100 -0.516442 23.666664 -4.876209
1101 -0.516442 23.666664 -4.876209
1102 -0.516442 23.666664 -4.876209
1103 -0.516442 23.666664 -4.876209
1104 -0.516442 23.666664 -4.876209
1105 -0.516442 23.666664 -4.876209
1106 -0.516442 23.666664 -4.876209
1107 -0.516442 23.666664 -4.876209
1108 -0.516442 23.666664 -4.876209
1109 -0.516442 23.666664 -4.876209
1110 -0.516442 23.666664 -4.876209
1111 -0.516442 23.666664 -4.876209
1112 -0.516442 23.666664 -4.876209
1113 -0.516442 23.666664 -4.876209
1114 -0.516442 23.666664 -4.876209
1115 -0.516442 23.666664 -4.876209
1116 -0.516442 23.666664 -4.876209
1117 -0.516442 23.666664 -4.876209
1118 -0.516442 23.666664 -4.876209
1119 -0.516442 23.666664 -4.876209
1120 -0.516442 23.666664 -4.876209
1121 -0.516442 23.666664 -4.876209
1122 -0.516442 23.666664 -4.876209
1123 -0.516442 23.666664 -4.876209
1124 -0.516442 23.666664 -4.876209
1125 -0.516442 23.666664 -4.876209
1126 -0.516442 23.666664 -4.876209
1127 -0.516442 23.666664 -4.876209
1128 -0.516442 23.666664 -4.876209
1129 -0.516442 23.666664 -4.876209
1130 -0.516442 23.666664 -4.876209
1131 -0.516442 23.666664 -4.876209
1132 -0.516442 23.666664 -4.876209
1133 -0.516442 23.666664 -4.876209
1134 -0.516442 23.666664 -4.876209
1135 -0.516442 23.666664 -4.876209
1136 -0.516442 23.666664 -4.876209
1137 -0.516442 23.666664 -4.876209
1138 -0.516442 23.666664 -4.876209
1139 -0.516442 23.666664 -4.876209
1140 -0.516442 23.666664 -4.876209
1141 -0.516442 23.666664 -4.876209
1142 -0.516442 23.666664 -4.876209
1143 -0.516442 23.666664 -4.876209
1144 -0.516442 23.666664 -4.876209
1145 -0.516442 23.666664 -4.876209
1146 -0.516442 23.666664 -4.876209
1147 -0.516442 23.666664 -4.876209
1148 -0.516442 23.666664 -4.876209
1149 -0.516442 23.666664 -4.876209
1150 -0.516442 23.666664 -4.876209
1151 -0.516442 23.666664 -4.876209
1152 -0.516442 23.666664 -4.876209
1153 -0.516442 23.666664 -4.876209
1154 -0.516442 23.666664 -4.876209
1155 -0.516442 23.666664 -4.876209
1156 -0.516442 23.666664 -4.876209
1157 -0.516442 23.666664 -4.876209
1158 -0.516442 23.666664 -4.876209
1159 -0.516442 23.666664 -4.876209
1160 -0.516442 23.666664 -4.876209
1161 -0.516442 23.666664 -4.876209
1162 -0.516442 23.666664 -4.876209
1163 -0.516442 23.666664 -4.876209
1164 -0.516442 23.666664 -4.876209
1165 -0.516442 23.666664 -4.876209
1166 -0.516442 23.666664 -4.876209
1167 -0.516442 23.666664 -4.876209
1168 -0.516442 23.666664 -4.876209
1169 -0.516442 23.666664 -4.876209
1170 -0.516442 23.666664 -4.876209
1171 -0.516442 23.666664 -4.876209
1172 -0.516442 23.666664 -4.876209
1173 -0.516442 23.666664 -4.876209
1174 -0.516442 23.666664 -4.876209
1175 -0.516442 23.666664 -4.876209
1176 -0.516442 23.666664 -4.876209
1177 -0.516442 23.666664 -4.876209
1178 -0.516442 23.666664 -4.876209
1179 -0.516442 23.666664 -4.876209
1180 -0.516442 23.666664 -4.876209
1181 -0.516442 23.666664 -4.876209
1182 -0.516442 23.666664 -4.876209
1183 -0.516442 23.666664 -4.876209
1184 -0.516442 23.666664 -4.876209
1185 -0.516442 23.666664 -4.876209
1186 -0.516442 23.666664 -4.876209
1187 -0.516442 23.666664 -4.876209
1188 -0.516442 23.666664 -4.876209
1189 -0.516442 23.666664 -4.876209
1190 -0.516442 23.666664 -4.876209
1191 -0.516442 23.666664 -4.876209
1192 -0.516442 23.666664 -4.876209
1193 -0.516442 23.666664 -4.876209
1194 -0.516442 23.666664 -4.876209
1195 -0.516442 23.666664 -4.876209
1196 -0.516442 23.666664 -4.876209
1197 -0.516442 23.666664 -4.876209
1198 -0.516442 23.666664 -4.876209
1199 -0.516442 23.666664 -4.876209
1200 -0.516442 23.666664 -4.876209
461
0.000001 0 -0 0
100 0 -0 0
102 0 0.001151 0
104 0 0.002015 0
106 0 0.002303 0
108 0 0.001727 0
110 0 -0 0
112 0 -0.003106 0
114 0 -0.007572 0
116 0 -0.013321 0
118 0 -0.020272 0
120 0 -0.028347 0
122 0 -0.037467 0
124 0 -0.047553 0
125.999977 0 -0.058525 0
128 0 -0.070305 0
130 0 -0.082814 0
132 0 -0.095973 0
134 0 -0.109703 0
136 0 -0.123925 0
138 0 -0.138560 0
140 0 -0.153529 0
142 0 -0.168753 0
144 0 -0.184153 0
146 0 -0.199650 0
148 0 -0.215165 0
150 0 -0.230620 0
152 0 -0.245934 0
154 0 -0.261030 0
156 0 -0.275828 0
158 0 -0.290249 0
160 0 -0.304214 0
162 0 -0.317645 0
164 0 -0.330461 0
166 0 -0.342586 0
168 0 -0.353938 0
170 0 -0.364440 0
172 0 -0.374012 0
174 0 -0.382576 0
176 0 -0.390052 0
178 0 -0.396361 0
180 0 -0.401426 0
182 0 -0.405200 0
184 0 -0.407783 0
186 0 -0.409306 0
188 0 -0.409902 0
190 0 -0.409704 0
192 0 -0.408843 0
194 0 -0.407452 0
196 0 -0.405664 0
198 0 -0.403611 0
200 0 -0.401425 0
300 0 -0.401426 0
302 0 -0.403326 0
304 0 -0.404751 0
306 0 -0.405226 0
308 0 -0.404276 0
310 0 -0.401425 0
312 0 -0.396299 0
314 0 -0.388917 0
316 0 -0.379397 0
318 0 -0.367858 0
320 0 -0.354419 0
322 0 -0.339199 0
324 0 -0.322317 0
326 0 -0.303890 0
328 0 -0.284039 0
330 0 -0.262881 0
332 0 -0.240536 0
334 0 -0.217122 0
336 0 -0.192758 0
338 0 -0.167563 0
340 0 -0.141655 0
342 0 -0.115154 0
344 0 -0.088177 0
346 0 -0.060844 0
348 0 -0.033274 0
350 0 -0.005585 0
352 0 0.022103 0
354 0 0.049673 0
356 0 0.077006 0
358 0 0.103983 0
360 0 0.130484 0
362 0 0.156392 0
364 0 0.181587 0
366 0 0.205951 0
368 0 0.229365 0
370 0 0.251710 0
372 0 0.272868 0
374 0 0.292719 0
376 0 0.311146 0
378 0 0.328028 0
380 0 0.343248 0
382 0 0.356687 0
384 0 0.368226 0
386 0 0.377746 0
388 0 0.385128 0
390 0 0.390255 0
392 0 0.393105 0
394 0 0.394055 0
396 0 0.393580 0
398 0 0.392155 0
400 0 0.390255 0
499.999969 0 0.390255 0
502 0 0.391191 0
503.999908 0 0.391894 0
506 0 0.392128 0
507.999969 0 0.391659 0
510 0 0.390255 0
512 0 0.387728 0
514 0 0.384088 0
516 0 0.379396 0
518 0 0.373708 0
520 0 0.367083 0
522 0 0.359580 0
524 0 0.351258 0
526 0 0.342175 0
528 0 0.332389 0
530 0 0.321960 0
532 0 0.310945 0
534 0 0.299403 0
536 0 0.287393 0
538 0 0.274973 0
540 0 0.262202 0
542 0 0.249138 0
544 0 0.235840 0
546 0 0.222367 0
548 0 0.208776 0
550 0 0.195127 0
552 0 0.181478 0
554 0 0.167887 0
556 0 0.154414 0
558 0 0.141116 0
560 0 0.128052 0
562 0 0.115281 0
564 0 0.102861 0
566 0 0.090851 0
568 0 0.079309 0
570 0 0.068294 0
572 0 0.057865 0
574 0 0.048079 0
576 0 0.038996 0
578 0 0.030674 0
580 0 0.023171 0
582 0 0.016546 0
584 0 0.010858 0
586 0 0.006166 0
588 0 0.002526 0
590 0 -0 0
592 0 -0.001404 0
594 0 -0.001873 0
596 0 -0.001639 0
598 0 -0.000936 0
600 0 -0 0
690 0 -0 0
692 0 0.001192 0
694 0 0.002086 0
696 0 0.002384 0
698 0 0.001788 0
700 0 -0 0
702 0 -0.003198 0
704 0 -0.007705 0
706 0 -0.013338 0
708 0 -0.019915 0
710 0 -0.027253 0
712 0 -0.035170 0
714 0 -0.043483 0
716 0 -0.052011 0
718 0 -0.060571 0
720 0 -0.068981 0
722 0 -0.077059 0
724 0 -0.084622 0
726 0 -0.091487 0
728 0 -0.097474 0
730 0 -0.102399 0
732 0 -0.106080 0
734 0 -0.108335 0
736 0 -0.108981 0
738 0 -0.107837 0
740 0 -0.104719 0
742 0 -0.099518 0
744 0 -0.092402 0
746 0 -0.083615 0
748 0 -0.073397 0
750 0 -0.061992 0
752 0 -0.049640 0
754 0 -0.036583 0
756 0 -0.023064 0
758 0 -0.009323 0
760 0 0.004395 0
762 0 0.017853 0
764 0 0.030806 0
766 0 0.043013 0
768 0 0.054232 0
770 0 0.064222 0
772 0 0.072741 0
774 0 0.079546 0
776 0 0.084396 0
778 0 0.087050 0
780 0 0.087266 0
782 0 0.084887 0
784 0 0.080102 0
786 0 0.073185 0
788 0 0.064412 0
790 0 0.054055 0
792 0 0.042389 0
794 0 0.029690 0
796 0 0.016230 0
798 0 0.002284 0
800 0 -0.011872 0
802 0 -0.025966 0
804 0 -0.039722 0
806 0 -0.052868 0
808 0 -0.065127 0
810 0 -0.076226 0
812 0 -0.085891 0
814 0 -0.093847 0
816 0 -0.099820 0
818 0 -0.103536 0
820 0 -0.104719 0
822 0 -0.103190 0
824 0 -0.099133 0
826 0 -0.092830 0
828 0 -0.084559 0
830 0 -0.074600 0
832 0 -0.063233 0
834 0 -0.050736 0
836 0 -0.037391 0
838 0 -0.023475 0
840 0 -0.009269 0
842 0 0.004947 0
844 0 0.018895 0
846 0 0.032295 0
848 0 0.044867 0
850 0 0.056332 0
852 0 0.066410 0
854 0 0.074822 0
856 0 0.081288 0
858 0 0.085529 0
860 0 0.087265 0
862 0 0.086309 0
864 0 0.082835 0
866 0 0.077113 0
868 0 0.069410 0
870 0 0.059994 0
872 0 0.049132 0
874 0 0.037093 0
876 0 0.024144 0
878 0 0.010553 0
880 0 -0.003410 0
882 0 -0.017482 0
884 0 -0.031391 0
886 0 -0.044872 0
888 0 -0.057655 0
890 0 -0.069473 0
892 0 -0.080059 0
894 0 -0.089145 0
896 0 -0.096462 0
898 0 -0.101742 0
900 0 -0.104720 0
902 0 -0.105205 0
904 0 -0.103335 0
906 0 -0.099325 0
908 0 -0.093390 0
910 0 -0.085747 0
912 0 -0.076610 0
914 0 -0.066196 0
916 0 -0.054721 0
918 0 -0.042399 0
920 0 -0.029448 0
922 0 -0.016082 0
924 0 -0.002517 0
926 0 0.011029 0
928 0 0.024344 0
930 0 0.037211 0
932 0 0.049413 0
934 0 0.060735 0
936 0 0.070962 0
938 0 0.079877 0
940 0 0.087266 0
942 0 0.092966 0
944 0 0.097036 0
946 0 0.099588 0
948 0 0.100736 0
950 0 0.100592 0
952 0 0.099269 0
954 0 0.096879 0
956 0 0.093536 0
958 0 0.089351 0
960 0 0.084439 0
962 0 0.078910 0
964.000061 0 0.072879 0
966 0 0.066458 0
968 0 0.059759 0
969.999939 0 0.052895 0
972.000183 0 0.045980 0
974 0 0.039125 0
976 0 0.032443 0
977.999817 0 0.026048 0
980.000061 0 0.020052 0
982 0 0.014567 0
984 0 0.009707 0
985.999939 0 0.005584 0
988 0 0.002310 0
990 0 -0 0
992 0 -0.001290 0
994.000061 0 -0.001720 0
996 0 -0.001505 0
998 0 -0.000860 0
999.999939 0 -0 0
1050 0 -0 0
1051 0 0.001151 0
1052 0 0.002015 0
1053 0 0.002303 0
1054 0 0.001727 0
1055 0 -0 0
1056 0 -0.003106 0
1057 0 -0.007572 0
1058 0 -0.013321 0
1059 0 -0.020272 0
1060 0 -0.028347 0
1061 0 -0.037467 0
1062 0 -0.047553 0
1063 0 -0.058525 0
1064 0 -0.070305 0
1065 0 -0.082814 0
1066 0 -0.095973 0
1067 0 -0.109703 0
1068 0 -0.123925 0
1069 0 -0.138560 0
1070 0 -0.153529 0
1071 0 -0.168753 0
1072 0 -0.184153 0
1073 0 -0.199650 0
1074 0 -0.215165 0
1075 0 -0.230620 0
1076 0 -0.245934 0
1077 0 -0.261030 0
1078 0 -0.275828 0
1079 0 -0.290249 0
1080 0 -0.304214 0
1081 0 -0.317645 0
1082 0 -0.330461 0
1083 0 -0.342586 0
1084 0 -0.353938 0
1085 0 -0.364440 0
1086 0 -0.374012 0
1087 0 -0.382576 0
1088 0 -0.390052 0
1089 0 -0.396361 0
1090 0 -0.401426 0
1091 0 -0.405200 0
1092 0 -0.407783 0
1093 0 -0.409306 0
1094 0 -0.409902 0
1095 0 -0.409704 0
1096 0 -0.408843 0
1097 0 -0.407452 0
1098 0 -0.405664 0
1099 0 -0.403611 0
1100 0 -0.401425 0
1101 0 -0.403326 0
1102 0 -0.404751 0
1103 0 -0.405226 0
1104 0 -0.404276 0
1105 0 -0.401425 0
1106 0 -0.396299 0
1107 0 -0.388917 0
1108 0 -0.379397 0
1109 0 -0.367858 0
1110 0 -0.354419 0
1111 0 -0.339199 0
1112 0 -0.322317 0
1113 0 -0.303890 0
1114 0 -0.284039 0
1115 0 -0.262881 0
1116 0 -0.240536 0
1117 0 -0.217122 0
1118 0 -0.192758 0
1119 0 -0.167563 0
1120 0 -0.141655 0
1121 0 -0.115154 0
1122 0 -0.088177 0
1123 0 -0.060844 0
1124 0 -0.033274 0
1125 0 -0.005585 0
1126 0 0.022103 0
1127 0 0.049673 0
1128 0 0.077006 0
1129 0 0.103983 0
1130 0 0.130484 0
1131 0 0.156392 0
1132 0 0.181587 0
1133 0 0.205951 0
1134 0 0.229365 0
1135 0 0.251710 0
1136 0 0.272868 0
1137 0 0.292719 0
1138 0 0.311146 0
1139 0 0.328028 0
1140 0 0.343248 0
1141 0 0.356687 0
1142 0 0.368226 0
1143 0 0.377746 0
1144 0 0.385128 0
1145 0 0.390255 0
1146 0 0.393105 0
1147 0 0.394055 0
1148 0 0.393580 0
1149 0 0.392155 0
1150 0 0.390255 0
1151 0 0.391191 0
1152 0 0.391894 0
1153 0 0.392128 0
1154 0 0.391659 0
1155 0 0.390255 0
1156 0 0.387728 0
1157 0 0.384088 0
1158 0 0.379396 0
1159 0 0.373708 0
1160 0 0.367083 0
1161 0 0.359580 0
1162 0 0.351258 0
1163 0 0.342175 0
1164 0 0.332389 0
1165 0 0.321960 0
1166 0 0.310945 0
1167 0 0.299403 0
1168 0 0.287393 0
1169 0 0.274973 0
1170 0 0.262202 0
1171 0 0.249138 0
1172 0 0.235840 0
1173 0 0.222367 0
1174 0 0.208776 0
1175 0 0.195127 0
1176 0 0.181478 0
1177 0 0.167887 0
1178 0 0.154414 0
1179 0 0.141116 0
1180 0 0.128052 0
1181 0 0.115281 0
1182 0 0.102861 0
1183 0 0.090851 0
1184 0 0.079309 0
1185 0 0.068294 0
1186 0 0.057865 0
1187 0 0.048079 0
1188 0 0.038996 0
1189 0 0.030674 0
1190 0 0.023171 0
1191 0 0.016546 0
1192 0 0.010858 0
1193 0 0.006166 0
1194 0 0.002526 0
1195 0 -0 0
1196 0 -0.001404 0
1197 0 -0.001873 0
1198 0 -0.001639 0
1199 0 -0.000936 0
1200 0 -0 0
"Arriba1"
"EjeBichitos"
8 0 0 0 0 -0 0
298
0.000001 0 0 26.500000
2 0 0 26.500000
3 0 0 26.500000
4 0 0 26.500000
5 0 0 26.500000
6 0 0 26.500000
7 0 0 26.500000
11 0 0 26.500000
15 0 0 26.500000
19 0 0 26.500000
23 0 0 26.500000
27 0 0 26.500000
31 0 0 26.500000
35 0 0 26.500000
39 0 0 26.500000
43 0 0 26.500000
47 0 0 26.500000
48 0 0 26.500000
49 0 0 26.500000
50 0 0 26.500000
51 0 0 26.500000
52 0 0 26.500000
53 0 0 26.500000
55 0 0 26.500000
75 0 0 26.500000
76 0 0 26.500000
77 0 0 26.500000
78 0 0 26.500000
79 0 0 26.500000
80 0 0 26.500000
81 0 0 26.500000
82 0 0 26.500000
86 0 0 26.500000
90 0 0 26.500000
94 0 0 26.500000
98 0 0 26.500000
102 0 0 26.500000
106 0 0 26.500000
110 0 0 26.500000
114 0 0 26.500000
118 0 0 26.500000
122 0 0 26.500000
123 0 0 26.500000
124 0 0 26.500000
124.999992 0 0 26.500000
125.999977 0 0 26.500000
126.999992 0 0 26.500000
128 0 0 26.500000
130 0 0 26.500000
150 0 0 26.500000
151 0 0 26.500000
152 0 0 26.500000
153 0 0 26.500000
154 0 0 26.500000
155 0 0 26.500000
156 0 0 26.500000
157 0 0 26.500000
161 0 0 26.500000
165 0 0 26.500000
169 0 0 26.500000
173 0 0 26.500000
177 0 0 26.500000
181 0 0 26.500000
185 0 0 26.500000
189 0 0 26.500000
193 0 0 26.500000
197 0 0 26.500000
198 0 0 26.500000
199 0 0 26.500000
200 0 0 26.500000
201 0 0 26.500000
202 0 0 26.500000
203 0 0 26.500000
205 0 0 26.500000
280 0 0 26.500000
281 0 0 26.500000
282 0 0 26.500000
283 0 0 26.500000
284 0 0 26.500000
285 0 0 26.500000
286 0 0 26.500000
287 0 0 26.500000
291 0 0 26.500000
295 0 0 26.500000
299 0 0 26.500000
303 0 0 26.500000
307 0 0 26.500000
311 0 0 26.500000
315 0 0 26.500000
319 0 0 26.500000
323 0 0 26.500000
327 0 0 26.500000
328 0 0 26.500000
329 0 0 26.500000
330 0 0 26.500000
331 0 0 26.500000
332 0 0 26.500000
333 0 0 26.500000
335 0 0 26.500000
400 0 0 26.500000
401 0 0 26.500000
402 0 0 26.500000
403 0 0 26.500000
404 0 0 26.500000
405 0 0 26.500000
406 0 0 26.500000
410 0 0 26.500000
414 0 0 26.500000
418 0 0 26.500000
422 0 0 26.500000
426 0 0 26.500000
430 0 0 26.500000
434 0 0 26.500000
438 0 0 26.500000
442 0 0 26.500000
446 0 0 26.500000
447 0 0 26.500000
448 0 0 26.500000
449 0 0 26.500000
450 0 0 26.500000
451 0 0 26.500000
452 0 0 26.500000
454 0 0 26.500000
474 0 0 26.500000
475 0 0 26.500000
476 0 0 26.500000
477 0 0 26.500000
478 0 0 26.500000
479 0 0 26.500000
480 0 0 26.500000
481 0 0 26.500000
484.999969 0 0 26.500000
488.999908 0 0 26.500000
492.999969 0 0 26.500000
497.000031 0 0 26.500000
501.000092 0 0 26.500000
505.000031 0 0 26.500000
509 0 0 26.500000
513 0 0 26.500000
517 0 0 26.500000
521 0 0 26.500000
522 0 0 26.500000
523 0 0 26.500000
524 0 0 26.500000
525 0 0 26.500000
526 0 0 26.500000
527 0 0 26.500000
529 0 0 26.500000
549 0 0 26.500000
550 0 0 26.500000
551 0 0 26.500000
552 0 0 26.500000
553 0 0 26.500000
554 0 0 26.500000
555 0 0 26.500000
556 0 0 26.500000
560 0 0 26.500000
564 0 0 26.500000
568 0 0 26.500000
572 0 0 26.500000
576 0 0 26.500000
580 0 0 26.500000
584 0 0 26.500000
588 0 0 26.500000
592 0 0 26.500000
596 0 0 26.500000
597 0 0 26.500000
598 0 0 26.500000
599 0 0 26.500000
600 0 0 26.500000
601 0 0 26.500000
602 0 0 26.500000
604 0 0 26.500000
679 0 0 26.500000
680 0 0 26.500000
681 0 0 26.500000
682 0 0 26.500000
683 0 0 26.500000
684 0 0 26.500000
685 0 0 26.500000
686 0 0 26.500000
690 0 0 26.500000
694 0 0 26.500000
698 0 0 26.500000
702 0 0 26.500000
706 0 0 26.500000
710 0 0 26.500000
714 0 0 26.500000
718 0 0 26.500000
722 0 0 26.500000
726 0 0 26.500000
727 0 0 26.500000
728 0 0 26.500000
729 0 0 26.500000
730 0 0 26.500000
731 0 0 26.500000
732 0 0 26.500000
734 0 0 26.500000
800 0 0 26.500000
801 0 0 26.500000
802 0 0 26.500000
803 0 0 26.500000
804 0 0 26.500000
805 0 0 26.500000
806 0 0 26.500000
810 0 0 26.500000
814 0 0 26.500000
818 0 0 26.500000
822 0 0 26.500000
826 0 0 26.500000
830 0 0 26.500000
834 0 0 26.500000
838 0 0 26.500000
842 0 0 26.500000
846 0 0 26.500000
847 0 0 26.500000
848 0 0 26.500000
849 0 0 26.500000
850 0 0 26.500000
851 0 0 26.500000
852 0 0 26.500000
854 0 0 26.500000
874 0 0 26.500000
875 0 0 26.500000
876 0 0 26.500000
877 0 0 26.500000
878 0 0 26.500000
879 0 0 26.500000
880 0 0 26.500000
881 0 0 26.500000
885 0 0 26.500000
889 0 0 26.500000
893 0 0 26.500000
897 0 0 26.500000
901 0 0 26.500000
905 0 0 26.500000
909 0 0 26.500000
913 0 0 26.500000
917 0 0 26.500000
921 0 0 26.500000
922 0 0 26.500000
923 0 0 26.500000
924 0 0 26.500000
925 0 0 26.500000
926 0 0 26.500000
927 0 0 26.500000
929 0 0 26.500000
949 0 0 26.500000
950 0 0 26.500000
951 0 0 26.500000
952 0 0 26.500000
953 0 0 26.500000
954 0 0 26.500000
955 0 0 26.500000
956 0 0 26.500000
960 0 0 26.500000
964.000061 0 0 26.500000
968 0 0 26.500000
972.000183 0 0 26.500000
976 0 0 26.500000
980.000061 0 0 26.500000
984 0 0 26.500000
988 0 0 26.500000
992 0 0 26.500000
996 0 0 26.500000
997 0 0 26.500000
998 0 0 26.500000
999 0 0 26.500000
999.999939 0 0 26.500000
1000.999939 0 0 26.500000
1002.000183 0 0 26.500000
1004 0 0 26.500000
1079 0 0 26.500000
1080 0 0 26.500000
1081 0 0 26.500000
1082 0 0 26.500000
1083 0 0 26.500000
1084 0 0 26.500000
1085 0 0 26.500000
1086 0 0 26.500000
1090 0 0 26.500000
1094 0 0 26.500000
1098 0 0 26.500000
1102 0 0 26.500000
1106 0 0 26.500000
1110 0 0 26.500000
1114 0 0 26.500000
1118 0 0 26.500000
1122 0 0 26.500000
1126 0 0 26.500000
1127 0 0 26.500000
1128 0 0 26.500000
1129 0 0 26.500000
1130 0 0 26.500000
1131 0 0 26.500000
1132 0 0 26.500000
1134 0 0 26.500000
1200 0 0 26.500000
298
0.000001 0 -0.050000 0
2 0 -0.113542 0
3 0 -0.336283 0
4 0 -0.624875 0
5 0 -0.935971 0
6 0 -1.226222 0
7 0 -1.570796 0
11 3.141592 -0 3.141592
15 -0 1.570796 0
19 0 -0 0
23 0 -1.570796 0
27 3.141592 -0 3.141592
31 -0 1.570796 0
35 0 -0 0
39 0 -1.570796 0
43 3.141592 -0 3.141592
47 -0 1.570796 0
48 0 1.226222 0
49 0 0.935971 0
50 0 0.624875 0
51 0 0.336283 0
52 0 0.113542 0
53 0 0.050000 0
55 0 -0 0
75 0 -0 0
76 0 0.050000 0
77 0 0.113542 0
78 0 0.336283 0
79 0 0.624875 0
80 0 0.935971 0
81 0 1.226222 0
82 -0 1.570796 0
86 3.141592 -0 -3.141592
90 0 -1.570796 0
94 0 -0 0
98 -0 1.570796 0
102 -3.141592 -0 -3.141592
106 0 -1.570796 0
110 0 -0 0
114 -0 1.570796 0
118 -3.141592 -0 -3.141592
122 0 -1.570796 0
123 0 -1.226222 0
124 0 -0.935971 0
124.999992 0 -0.624875 0
125.999977 0 -0.336283 0
126.999992 0 -0.113542 0
128 0 -0.050000 0
130 0 -0 0
150 0 -0 0
151 0 -0.050000 0
152 0 -0.113542 0
153 0 -0.336283 0
154 0 -0.624875 0
155 0 -0.935971 0
156 0 -1.226222 0
157 0 -1.570796 0
161 3.141592 -0 3.141592
165 -0 1.570796 0
169 0 -0 0
173 0 -1.570796 0
177 3.141592 -0 3.141592
181 -0 1.570796 0
185 0 -0 0
189 0 -1.570796 0
193 3.141592 -0 3.141592
197 -0 1.570796 0
198 0 1.226222 0
199 0 0.935971 0
200 0 0.624875 0
201 0 0.336283 0
202 0 0.113542 0
203 0 0.050000 0
205 0 -0 0
280 0 -0 0
281 0 0.050000 0
282 0 0.113542 0
283 0 0.336283 0
284 0 0.624875 0
285 0 0.935971 0
286 0 1.226222 0
287 -0 1.570796 0
291 3.141592 -0 -3.141592
295 0 -1.570796 0
299 0 -0 0
303 -0 1.570796 0
307 -3.141592 -0 -3.141592
311 0 -1.570796 0
315 0 -0 0
319 -0 1.570796 0
323 -3.141592 -0 -3.141592
327 0 -1.570796 0
328 0 -1.226222 0
329 0 -0.935971 0
330 0 -0.624875 0
331 0 -0.336283 0
332 0 -0.113542 0
333 0 -0.050000 0
335 0 -0 0
400 0 -0.050000 0
401 0 -0.113542 0
402 0 -0.336283 0
403 0 -0.624875 0
404 0 -0.935971 0
405 0 -1.226222 0
406 0 -1.570796 0
410 3.141592 -0 3.141592
414 -0 1.570796 0
418 0 -0 0
422 0 -1.570796 0
426 3.141592 -0 3.141592
430 -0 1.570796 0
434 0 -0 0
438 0 -1.570796 0
442 3.141592 -0 3.141592
446 -0 1.570796 0
447 0 1.226222 0
448 0 0.935971 0
449 0 0.624875 0
450 0 0.336283 0
451 0 0.113542 0
452 0 0.050000 0
454 0 -0 0
474 0 -0 0
475 0 0.050000 0
476 0 0.113542 0
477 0 0.336283 0
478 0 0.624875 0
479 0 0.935971 0
480 0 1.226222 0
481 -0 1.570796 0
484.999969 3.141592 -0 -3.141592
488.999908 0 -1.570796 0
492.999969 0 -0 0
497.000031 -0 1.570796 0
501.000092 -3.141592 -0 -3.141592
505.000031 0 -1.570796 0
509 0 -0 0
513 -0 1.570796 0
517 -3.141592 -0 -3.141592
521 0 -1.570796 0
522 0 -1.226222 0
523 0 -0.935971 0
524 0 -0.624875 0
525 0 -0.336283 0
526 0 -0.113542 0
527 0 -0.050000 0
529 0 -0 0
549 0 -0 0
550 0 -0.050000 0
551 0 -0.113542 0
552 0 -0.336283 0
553 0 -0.624875 0
554 0 -0.935971 0
555 0 -1.226222 0
556 0 -1.570796 0
560 3.141592 -0 3.141592
564 -0 1.570796 0
568 0 -0 0
572 0 -1.570796 0
576 3.141592 -0 3.141592
580 -0 1.570796 0
584 0 -0 0
588 0 -1.570796 0
592 3.141592 -0 3.141592
596 -0 1.570796 0
597 0 1.226222 0
598 0 0.935971 0
599 0 0.624875 0
600 0 0.336283 0
601 0 0.113542 0
602 0 0.050000 0
604 0 -0 0
679 0 -0 0
680 0 0.050000 0
681 0 0.113542 0
682 0 0.336283 0
683 0 0.624875 0
684 0 0.935971 0
685 0 1.226222 0
686 -0 1.570796 0
690 3.141592 -0 -3.141592
694 0 -1.570796 0
698 0 -0 0
702 -0 1.570796 0
706 -3.141592 -0 -3.141592
710 0 -1.570796 0
714 0 -0 0
718 -0 1.570796 0
722 -3.141592 -0 -3.141592
726 0 -1.570796 0
727 0 -1.226222 0
728 0 -0.935971 0
729 0 -0.624875 0
730 0 -0.336283 0
731 0 -0.113542 0
732 0 -0.050000 0
734 0 -0 0
800 0 -0.050000 0
801 0 -0.113542 0
802 0 -0.336283 0
803 0 -0.624875 0
804 0 -0.935971 0
805 0 -1.226222 0
806 0 -1.570796 0
810 3.141592 -0 3.141592
814 -0 1.570796 0
818 0 -0 0
822 0 -1.570796 0
826 3.141592 -0 3.141592
830 -0 1.570796 0
834 0 -0 0
838 0 -1.570796 0
842 3.141592 -0 3.141592
846 -0 1.570796 0
847 0 1.226222 0
848 0 0.935971 0
849 0 0.624875 0
850 0 0.336283 0
851 0 0.113542 0
852 0 0.050000 0
854 0 -0 0
874 0 -0 0
875 0 0.050000 0
876 0 0.113542 0
877 0 0.336283 0
878 0 0.624875 0
879 0 0.935971 0
880 0 1.226222 0
881 -0 1.570796 0
885 3.141592 -0 -3.141592
889 0 -1.570796 0
893 0 -0 0
897 -0 1.570796 0
901 -3.141592 -0 -3.141592
905 0 -1.570796 0
909 0 -0 0
913 -0 1.570796 0
917 -3.141592 -0 -3.141592
921 0 -1.570796 0
922 0 -1.226222 0
923 0 -0.935971 0
924 0 -0.624875 0
925 0 -0.336283 0
926 0 -0.113542 0
927 0 -0.050000 0
929 0 -0 0
949 0 -0 0
950 0 -0.050000 0
951 0 -0.113542 0
952 0 -0.336283 0
953 0 -0.624875 0
954 0 -0.935971 0
955 0 -1.226222 0
956 0 -1.570796 0
960 3.141592 -0 3.141592
964.000061 -0 1.570796 0
968 0 -0 0
972.000183 0 -1.570796 0
976 3.141592 -0 3.141592
980.000061 -0 1.570796 0
984 0 -0 0
988 0 -1.570796 0
992 3.141592 -0 3.141592
996 -0 1.570796 0
997 0 1.226222 0
998 0 0.935971 0
999 0 0.624875 0
999.999939 0 0.336283 0
1000.999939 0 0.113542 0
1002.000183 0 0.050000 0
1004 0 -0 0
1079 0 -0 0
1080 0 0.050000 0
1081 0 0.113542 0
1082 0 0.336283 0
1083 0 0.624875 0
1084 0 0.935971 0
1085 0 1.226222 0
1086 -0 1.570796 0
1090 3.141592 -0 -3.141592
1094 0 -1.570796 0
1098 0 -0 0
1102 -0 1.570796 0
1106 -3.141592 -0 -3.141592
1110 0 -1.570796 0
1114 0 -0 0
1118 -0 1.570796 0
1122 -3.141592 -0 -3.141592
1126 0 -1.570796 0
1127 0 -1.226222 0
1128 0 -0.935971 0
1129 0 -0.624875 0
1130 0 -0.336283 0
1131 0 -0.113542 0
1132 0 -0.050000 0
1134 0 -0 0
1200 0 -0 0
"Arriba2"
"EjeBichitos"
24 0 0 0 0 -0 0
50
0 0 0 26.500000
1 0 0 26.500000
25 0 0 26.500000
50 0 0 26.500000
75 0 0 26.500000
100 0 0 26.500000
124.999992 0 0 26.500000
150 0 0 26.500000
175 0 0 26.500000
200 0 0 26.500000
225 0 0 26.500000
249.999985 0 0 26.500000
275 0 0 26.500000
300 0 0 26.500000
325 0 0 26.500000
350 0 0 26.500000
375 0 0 26.500000
400 0 0 26.500000
425 0 0 26.500000
450 0 0 26.500000
475 0 0 26.500000
499.999969 0 0 26.500000
525 0 0 26.500000
550 0 0 26.500000
575 0 0 26.500000
600 0 0 26.500000
625 0 0 26.500000
650 0 0 26.500000
675 0 0 26.500000
700 0 0 26.500000
725 0 0 26.500000
750 0 0 26.500000
775 0 0 26.500000
800 0 0 26.500000
825 0 0 26.500000
850 0 0 26.500000
875 0 0 26.500000
900 0 0 26.500000
925 0 0 26.500000
950 0 0 26.500000
975 0 0 26.500000
999.999939 0 0 26.500000
1025 0 0 26.500000
1050 0 0 26.500000
1075 0 0 26.500000
1100 0 0 26.500000
1125 0 0 26.500000
1150 0 0 26.500000
1175 0 0 26.500000
1200 0 0 26.500000
50
0 0 -0 0
1 0 0.062832 0
25 -0 1.570796 0
50 -3.141592 -0 -3.141592
75 0 -1.570796 0
100 0 -0.000001 0
124.999992 -0 1.570796 0
150 -3.141592 -0 -3.141592
175 0 -1.570796 0
200 0 -0.000001 0
225 -0 1.570796 0
249.999985 -3.141592 -0 -3.141592
275 0 -1.570796 0
300 0 -0.000001 0
325 -0 1.570796 0
350 -3.141592 -0 -3.141592
375 0 -1.570796 0
400 0 -0.000001 0
425 -0 1.570796 0
450 -3.141592 -0 -3.141592
475 0 -1.570796 0
499.999969 0 -0.000001 0
525 -0 1.570796 0
550 -3.141592 -0 -3.141592
575 0 -1.570796 0
600 0 -0.000001 0
625 -0 1.570796 0
650 -3.141592 -0 -3.141592
675 0 -1.570796 0
700 0 -0.000001 0
725 -0 1.570796 0
750 -3.141592 -0 -3.141592
775 0 -1.570796 0
800 0 -0.000001 0
825 -0 1.570796 0
850 -3.141592 -0 -3.141592
875 0 -1.570796 0
900 0 -0.000001 0
925 -0 1.570796 0
950 -3.141592 -0 -3.141592
975 0 -1.570796 0
999.999939 0 -0.000001 0
1025 -0 1.570796 0
1050 -3.141592 -0 -3.141592
1075 0 -1.570796 0
1100 0 -0.000001 0
1125 -0 1.570796 0
1150 -3.141592 -0 -3.141592
1175 0 -1.570796 0
1200 0 -0.000001 0
"Derecha1"
"EjeBichitos"
8 0 0 0 0 -0 0
298
0.000001 -33 0 0
2 -33 0 0
3 -33 0 0
4 -33 0 0
5 -33 0 0
6 -33 0 0
7 -33 0 0
11 -33 0 0
15 -33 0 0
19 -33 0 0
23 -33 0 0
27 -33 0 0
31 -33 0 0
35 -33 0 0
39 -33 0 0
43 -33 0 0
47 -33 0 0
48 -33 0 0
49 -33 0 0
50 -33 0 0
51 -33 0 0
52 -33 0 0
53 -33 0 0
55 -33 0 0
75 -33 0 0
76 -33 0 0
77 -33 0 0
78 -33 0 0
79 -33 0 0
80 -33 0 0
81 -33 0 0
82 -33 0 0
86 -33 0 0
90 -33 0 0
94 -33 0 0
98 -33 0 0
102 -33 0 0
106 -33 0 0
110 -33 0 0
114 -33 0 0
118 -33 0 0
122 -33 0 0
123 -33 0 0
124 -33 0 0
124.999992 -33 0 0
125.999977 -33 0 0
126.999992 -33 0 0
128 -33 0 0
130 -33 0 0
170 -33 0 0
171 -33 0 0
172 -33 0 0
173 -33 0 0
174 -33 0 0
175 -33 0 0
176 -33 0 0
177 -33 0 0
181 -33 0 0
185 -33 0 0
189 -33 0 0
193 -33 0 0
197 -33 0 0
201 -33 0 0
205 -33 0 0
209 -33 0 0
213 -33 0 0
217 -33 0 0
218 -33 0 0
219 -33 0 0
220 -33 0 0
221 -33 0 0
222 -33 0 0
223 -33 0 0
225 -33 0 0
295 -33 0 0
296 -33 0 0
297 -33 0 0
298 -33 0 0
299 -33 0 0
300 -33 0 0
301 -33 0 0
302 -33 0 0
306 -33 0 0
310 -33 0 0
314 -33 0 0
318 -33 0 0
322 -33 0 0
326 -33 0 0
330 -33 0 0
334 -33 0 0
338 -33 0 0
342 -33 0 0
343 -33 0 0
344 -33 0 0
345 -33 0 0
346 -33 0 0
347 -33 0 0
348 -33 0 0
350 -33 0 0
400 -33 0 0
401 -33 0 0
402 -33 0 0
403 -33 0 0
404 -33 0 0
405 -33 0 0
406 -33 0 0
410 -33 0 0
414 -33 0 0
418 -33 0 0
422 -33 0 0
426 -33 0 0
430 -33 0 0
434 -33 0 0
438 -33 0 0
442 -33 0 0
446 -33 0 0
447 -33 0 0
448 -33 0 0
449 -33 0 0
450 -33 0 0
451 -33 0 0
452 -33 0 0
454 -33 0 0
474 -33 0 0
475 -33 0 0
476 -33 0 0
477 -33 0 0
478 -33 0 0
479 -33 0 0
480 -33 0 0
481 -33 0 0
484.999969 -33 0 0
488.999908 -33 0 0
492.999969 -33 0 0
497.000031 -33 0 0
501.000092 -33 0 0
505.000031 -33 0 0
509 -33 0 0
513 -33 0 0
517 -33 0 0
521 -33 0 0
522 -33 0 0
523 -33 0 0
524 -33 0 0
525 -33 0 0
526 -33 0 0
527 -33 0 0
529 -33 0 0
569 -33 0 0
570 -33 0 0
571 -33 0 0
572 -33 0 0
573 -33 0 0
574 -33 0 0
575 -33 0 0
576 -33 0 0
580 -33 0 0
584 -33 0 0
588 -33 0 0
592 -33 0 0
596 -33 0 0
600 -33 0 0
604 -33 0 0
608 -33 0 0
612 -33 0 0
616 -33 0 0
617 -33 0 0
618 -33 0 0
619 -33 0 0
620 -33 0 0
621 -33 0 0
622 -33 0 0
624 -33 0 0
694 -33 0 0
695 -33 0 0
696 -33 0 0
697 -33 0 0
698 -33 0 0
699 -33 0 0
700 -33 0 0
701 -33 0 0
705 -33 0 0
709 -33 0 0
713 -33 0 0
717 -33 0 0
721 -33 0 0
725 -33 0 0
729 -33 0 0
733 -33 0 0
737 -33 0 0
741 -33 0 0
742 -33 0 0
743 -33 0 0
744 -33 0 0
745 -33 0 0
746 -33 0 0
747 -33 0 0
749 -33 0 0
800 -33 0 0
801 -33 0 0
802 -33 0 0
803 -33 0 0
804 -33 0 0
805 -33 0 0
806 -33 0 0
810 -33 0 0
814 -33 0 0
818 -33 0 0
822 -33 0 0
826 -33 0 0
830 -33 0 0
834 -33 0 0
838 -33 0 0
842 -33 0 0
846 -33 0 0
847 -33 0 0
848 -33 0 0
849 -33 0 0
850 -33 0 0
851 -33 0 0
852 -33 0 0
854 -33 0 0
874 -33 0 0
875 -33 0 0
876 -33 0 0
877 -33 0 0
878 -33 0 0
879 -33 0 0
880 -33 0 0
881 -33 0 0
885 -33 0 0
889 -33 0 0
893 -33 0 0
897 -33 0 0
901 -33 0 0
905 -33 0 0
909 -33 0 0
913 -33 0 0
917 -33 0 0
921 -33 0 0
922 -33 0 0
923 -33 0 0
924 -33 0 0
925 -33 0 0
926 -33 0 0
927 -33 0 0
929 -33 0 0
969 -33 0 0
969.999939 -33 0 0
970.999939 -33 0 0
972.000183 -33 0 0
973 -33 0 0
974 -33 0 0
975 -33 0 0
976 -33 0 0
980.000061 -33 0 0
984 -33 0 0
988 -33 0 0
992 -33 0 0
996 -33 0 0
999.999939 -33 0 0
1004 -33 0 0
1007.999817 -33 0 0
1012 -33 0 0
1015.999939 -33 0 0
1017.000183 -33 0 0
1018 -33 0 0
1019 -33 0 0
1020 -33 0 0
1021 -33 0 0
1022 -33 0 0
1024 -33 0 0
1094 -33 0 0
1095 -33 0 0
1096 -33 0 0
1097 -33 0 0
1098 -33 0 0
1099 -33 0 0
1100 -33 0 0
1101 -33 0 0
1105 -33 0 0
1109 -33 0 0
1113 -33 0 0
1117 -33 0 0
1121 -33 0 0
1125 -33 0 0
1129 -33 0 0
1133 -33 0 0
1137 -33 0 0
1141 -33 0 0
1142 -33 0 0
1143 -33 0 0
1144 -33 0 0
1145 -33 0 0
1146 -33 0 0
1147 -33 0 0
1149 -33 0 0
1200 -33 0 0
298
0.000001 0 0.050000 0
2 0 0.113542 0
3 0 0.336283 0
4 0 0.624875 0
5 0 0.935971 0
6 0 1.226222 0
7 -0 1.570796 0
11 3.141592 -0 -3.141592
15 0 -1.570796 0
19 0 -0 0
23 -0 1.570796 0
27 -3.141592 -0 -3.141592
31 0 -1.570796 0
35 0 -0 0
39 -0 1.570796 0
43 -3.141592 -0 -3.141592
47 0 -1.570796 0
48 0 -1.226222 0
49 0 -0.935971 0
50 0 -0.624875 0
51 0 -0.336283 0
52 0 -0.113542 0
53 0 -0.050000 0
55 0 -0 0
75 0 -0 0
76 0 -0.050000 0
77 0 -0.113542 0
78 0 -0.336283 0
79 0 -0.624875 0
80 0 -0.935971 0
81 0 -1.226222 0
82 0 -1.570796 0
86 3.141592 -0 3.141592
90 -0 1.570796 0
94 0 -0 0
98 0 -1.570796 0
102 3.141592 -0 3.141592
106 -0 1.570796 0
110 0 -0 0
114 0 -1.570796 0
118 3.141592 -0 3.141592
122 -0 1.570796 0
123 0 1.226222 0
124 0 0.935971 0
124.999992 0 0.624875 0
125.999977 0 0.336283 0
126.999992 0 0.113542 0
128 0 0.050000 0
130 0 -0 0
170 0 -0 0
171 0 0.050000 0
172 0 0.113542 0
173 0 0.336283 0
174 0 0.624875 0
175 0 0.935971 0
176 0 1.226222 0
177 -0 1.570796 0
181 3.141592 -0 -3.141592
185 0 -1.570796 0
189 0 -0 0
193 -0 1.570796 0
197 -3.141592 -0 -3.141592
201 0 -1.570796 0
205 0 -0 0
209 -0 1.570796 0
213 -3.141592 -0 -3.141592
217 0 -1.570796 0
218 0 -1.226222 0
219 0 -0.935971 0
220 0 -0.624875 0
221 0 -0.336283 0
222 0 -0.113542 0
223 0 -0.050000 0
225 0 -0 0
295 0 -0 0
296 0 -0.050000 0
297 0 -0.113542 0
298 0 -0.336283 0
299 0 -0.624875 0
300 0 -0.935971 0
301 0 -1.226222 0
302 0 -1.570796 0
306 3.141592 -0 3.141592
310 -0 1.570796 0
314 0 -0 0
318 0 -1.570796 0
322 3.141592 -0 3.141592
326 -0 1.570796 0
330 0 -0 0
334 0 -1.570796 0
338 3.141592 -0 3.141592
342 -0 1.570796 0
343 0 1.226222 0
344 0 0.935971 0
345 0 0.624875 0
346 0 0.336283 0
347 0 0.113542 0
348 0 0.050000 0
350 0 -0 0
400 0 0.050000 0
401 0 0.113542 0
402 0 0.336283 0
403 0 0.624875 0
404 0 0.935971 0
405 0 1.226222 0
406 -0 1.570796 0
410 3.141592 -0 -3.141592
414 0 -1.570796 0
418 0 -0 0
422 -0 1.570796 0
426 -3.141592 -0 -3.141592
430 0 -1.570796 0
434 0 -0 0
438 -0 1.570796 0
442 -3.141592 -0 -3.141592
446 0 -1.570796 0
447 0 -1.226222 0
448 0 -0.935971 0
449 0 -0.624875 0
450 0 -0.336283 0
451 0 -0.113542 0
452 0 -0.050000 0
454 0 -0 0
474 0 -0 0
475 0 -0.050000 0
476 0 -0.113542 0
477 0 -0.336283 0
478 0 -0.624875 0
479 0 -0.935971 0
480 0 -1.226222 0
481 0 -1.570796 0
484.999969 3.141592 -0 3.141592
488.999908 -0 1.570796 0
492.999969 0 -0 0
497.000031 0 -1.570796 0
501.000092 3.141592 -0 3.141592
505.000031 -0 1.570796 0
509 0 -0 0
513 0 -1.570796 0
517 3.141592 -0 3.141592
521 -0 1.570796 0
522 0 1.226222 0
523 0 0.935971 0
524 0 0.624875 0
525 0 0.336283 0
526 0 0.113542 0
527 0 0.050000 0
529 0 -0 0
569 0 -0 0
570 0 0.050000 0
571 0 0.113542 0
572 0 0.336283 0
573 0 0.624875 0
574 0 0.935971 0
575 0 1.226222 0
576 -0 1.570796 0
580 3.141592 -0 -3.141592
584 0 -1.570796 0
588 0 -0 0
592 -0 1.570796 0
596 -3.141592 -0 -3.141592
600 0 -1.570796 0
604 0 -0 0
608 -0 1.570796 0
612 -3.141592 -0 -3.141592
616 0 -1.570796 0
617 0 -1.226222 0
618 0 -0.935971 0
619 0 -0.624875 0
620 0 -0.336283 0
621 0 -0.113542 0
622 0 -0.050000 0
624 0 -0 0
694 0 -0 0
695 0 -0.050000 0
696 0 -0.113542 0
697 0 -0.336283 0
698 0 -0.624875 0
699 0 -0.935971 0
700 0 -1.226222 0
701 0 -1.570796 0
705 3.141592 -0 3.141592
709 -0 1.570796 0
713 0 -0 0
717 0 -1.570796 0
721 3.141592 -0 3.141592
725 -0 1.570796 0
729 0 -0 0
733 0 -1.570796 0
737 3.141592 -0 3.141592
741 -0 1.570796 0
742 0 1.226222 0
743 0 0.935971 0
744 0 0.624875 0
745 0 0.336283 0
746 0 0.113542 0
747 0 0.050000 0
749 0 -0 0
800 0 0.050000 0
801 0 0.113542 0
802 0 0.336283 0
803 0 0.624875 0
804 0 0.935971 0
805 0 1.226222 0
806 -0 1.570796 0
810 3.141592 -0 -3.141592
814 0 -1.570796 0
818 0 -0 0
822 -0 1.570796 0
826 -3.141592 -0 -3.141592
830 0 -1.570796 0
834 0 -0 0
838 -0 1.570796 0
842 -3.141592 -0 -3.141592
846 0 -1.570796 0
847 0 -1.226222 0
848 0 -0.935971 0
849 0 -0.624875 0
850 0 -0.336283 0
851 0 -0.113542 0
852 0 -0.050000 0
854 0 -0 0
874 0 -0 0
875 0 -0.050000 0
876 0 -0.113542 0
877 0 -0.336283 0
878 0 -0.624875 0
879 0 -0.935971 0
880 0 -1.226222 0
881 0 -1.570796 0
885 3.141592 -0 3.141592
889 -0 1.570796 0
893 0 -0 0
897 0 -1.570796 0
901 3.141592 -0 3.141592
905 -0 1.570796 0
909 0 -0 0
913 0 -1.570796 0
917 3.141592 -0 3.141592
921 -0 1.570796 0
922 0 1.226222 0
923 0 0.935971 0
924 0 0.624875 0
925 0 0.336283 0
926 0 0.113542 0
927 0 0.050000 0
929 0 -0 0
969 0 -0 0
969.999939 0 0.050000 0
970.999939 0 0.113542 0
972.000183 0 0.336283 0
973 0 0.624875 0
974 0 0.935971 0
975 0 1.226222 0
976 -0 1.570796 0
980.000061 3.141592 -0 -3.141592
984 0 -1.570796 0
988 0 -0 0
992 -0 1.570796 0
996 -3.141592 -0 -3.141592
999.999939 0 -1.570796 0
1004 0 -0 0
1007.999817 -0 1.570796 0
1012 -3.141592 -0 -3.141592
1015.999939 0 -1.570796 0
1017.000183 0 -1.226222 0
1018 0 -0.935971 0
1019 0 -0.624875 0
1020 0 -0.336283 0
1021 0 -0.113542 0
1022 0 -0.050000 0
1024 0 -0 0
1094 0 -0 0
1095 0 -0.050000 0
1096 0 -0.113542 0
1097 0 -0.336283 0
1098 0 -0.624875 0
1099 0 -0.935971 0
1100 0 -1.226222 0
1101 0 -1.570796 0
1105 3.141592 -0 3.141592
1109 -0 1.570796 0
1113 0 -0 0
1117 0 -1.570796 0
1121 3.141592 -0 3.141592
1125 -0 1.570796 0
1129 0 -0 0
1133 0 -1.570796 0
1137 3.141592 -0 3.141592
1141 -0 1.570796 0
1142 0 1.226222 0
1143 0 0.935971 0
1144 0 0.624875 0
1145 0 0.336283 0
1146 0 0.113542 0
1147 0 0.050000 0
1149 0 -0 0
1200 0 -0 0
"Derecha2"
"EjeBichitos"
24 0 0 0 0 -0 0
50
0 -33 0 0
1 -33 0 0
25 -33 0 0
50 -33 0 0
75 -33 0 0
100 -33 0 0
124.999992 -33 0 0
150 -33 0 0
175 -33 0 0
200 -33 0 0
225 -33 0 0
249.999985 -33 0 0
275 -33 0 0
300 -33 0 0
325 -33 0 0
350 -33 0 0
375 -33 0 0
400 -33 0 0
425 -33 0 0
450 -33 0 0
475 -33 0 0
499.999969 -33 0 0
525 -33 0 0
550 -33 0 0
575 -33 0 0
600 -33 0 0
625 -33 0 0
650 -33 0 0
675 -33 0 0
700 -33 0 0
725 -33 0 0
750 -33 0 0
775 -33 0 0
800 -33 0 0
825 -33 0 0
850 -33 0 0
875 -33 0 0
900 -33 0 0
925 -33 0 0
950 -33 0 0
975 -33 0 0
999.999939 -33 0 0
1025 -33 0 0
1050 -33 0 0
1075 -33 0 0
1100 -33 0 0
1125 -33 0 0
1150 -33 0 0
1175 -33 0 0
1200 -33 0 0
50
0 0 -0 0
1 0 0.062832 0
25 -0 1.570796 0
50 -3.141592 -0 -3.141592
75 0 -1.570796 0
100 0 -0.000001 0
124.999992 -0 1.570796 0
150 -3.141592 -0 -3.141592
175 0 -1.570796 0
200 0 -0.000001 0
225 -0 1.570796 0
249.999985 -3.141592 -0 -3.141592
275 0 -1.570796 0
300 0 -0.000001 0
325 -0 1.570796 0
350 -3.141592 -0 -3.141592
375 0 -1.570796 0
400 0 -0.000001 0
425 -0 1.570796 0
450 -3.141592 -0 -3.141592
475 0 -1.570796 0
499.999969 0 -0.000001 0
525 -0 1.570796 0
550 -3.141592 -0 -3.141592
575 0 -1.570796 0
600 0 -0.000001 0
625 -0 1.570796 0
650 -3.141592 -0 -3.141592
675 0 -1.570796 0
700 0 -0.000001 0
725 -0 1.570796 0
750 -3.141592 -0 -3.141592
775 0 -1.570796 0
800 0 -0.000001 0
825 -0 1.570796 0
850 -3.141592 -0 -3.141592
875 0 -1.570796 0
900 0 -0.000001 0
925 -0 1.570796 0
950 -3.141592 -0 -3.141592
975 0 -1.570796 0
999.999939 0 -0.000001 0
1025 -0 1.570796 0
1050 -3.141592 -0 -3.141592
1075 0 -1.570796 0
1100 0 -0.000001 0
1125 -0 1.570796 0
1150 -3.141592 -0 -3.141592
1175 0 -1.570796 0
1200 0 -0.000001 0
"Izquierda1"
"EjeBichitos"
8 0 0 0 0 -0 0
298
0.000001 33 0 0
2 33 0 0
3 33 0 0
4 33 0 0
5 33 0 0
6 33 0 0
7 33 0 0
11 33 0 0
15 33 0 0
19 33 0 0
23 33 0 0
27 33 0 0
31 33 0 0
35 33 0 0
39 33 0 0
43 33 0 0
47 33 0 0
48 33 0 0
49 33 0 0
50 33 0 0
51 33 0 0
52 33 0 0
53 33 0 0
55 33 0 0
75 33 0 0
76 33 0 0
77 33 0 0
78 33 0 0
79 33 0 0
80 33 0 0
81 33 0 0
82 33 0 0
86 33 0 0
90 33 0 0
94 33 0 0
98 33 0 0
102 33 0 0
106 33 0 0
110 33 0 0
114 33 0 0
118 33 0 0
122 33 0 0
123 33 0 0
124 33 0 0
124.999992 33 0 0
125.999977 33 0 0
126.999992 33 0 0
128 33 0 0
130 33 0 0
210 33 0 0
211 33 0 0
212 33 0 0
213 33 0 0
214 33 0 0
215 33 0 0
216 33 0 0
217 33 0 0
221 33 0 0
225 33 0 0
229 33 0 0
233 33 0 0
237 33 0 0
241.000015 33 0 0
245.000015 33 0 0
249 33 0 0
253 33 0 0
257 33 0 0
258 33 0 0
259 33 0 0
260 33 0 0
261 33 0 0
262 33 0 0
263 33 0 0
265 33 0 0
325 33 0 0
326 33 0 0
327 33 0 0
328 33 0 0
329 33 0 0
330 33 0 0
331 33 0 0
332 33 0 0
336 33 0 0
340 33 0 0
344 33 0 0
348 33 0 0
352 33 0 0
356 33 0 0
360 33 0 0
364 33 0 0
368 33 0 0
372 33 0 0
373 33 0 0
374 33 0 0
375 33 0 0
376 33 0 0
377 33 0 0
378 33 0 0
380 33 0 0
400 33 0 0
401 33 0 0
402 33 0 0
403 33 0 0
404 33 0 0
405 33 0 0
406 33 0 0
410 33 0 0
414 33 0 0
418 33 0 0
422 33 0 0
426 33 0 0
430 33 0 0
434 33 0 0
438 33 0 0
442 33 0 0
446 33 0 0
447 33 0 0
448 33 0 0
449 33 0 0
450 33 0 0
451 33 0 0
452 33 0 0
454 33 0 0
474 33 0 0
475 33 0 0
476 33 0 0
477 33 0 0
478 33 0 0
479 33 0 0
480 33 0 0
481 33 0 0
484.999969 33 0 0
488.999908 33 0 0
492.999969 33 0 0
497.000031 33 0 0
501.000092 33 0 0
505.000031 33 0 0
509 33 0 0
513 33 0 0
517 33 0 0
521 33 0 0
522 33 0 0
523 33 0 0
524 33 0 0
525 33 0 0
526 33 0 0
527 33 0 0
529 33 0 0
609 33 0 0
610 33 0 0
611 33 0 0
612 33 0 0
613 33 0 0
614 33 0 0
615 33 0 0
616 33 0 0
620 33 0 0
624 33 0 0
628 33 0 0
632 33 0 0
636 33 0 0
640 33 0 0
644 33 0 0
648 33 0 0
652 33 0 0
656 33 0 0
657 33 0 0
658 33 0 0
659 33 0 0
660 33 0 0
661 33 0 0
662 33 0 0
664 33 0 0
724 33 0 0
725 33 0 0
726 33 0 0
727 33 0 0
728 33 0 0
729 33 0 0
730 33 0 0
731 33 0 0
735 33 0 0
739 33 0 0
743 33 0 0
747 33 0 0
751 33 0 0
755 33 0 0
759 33 0 0
763 33 0 0
767 33 0 0
771 33 0 0
772 33 0 0
773 33 0 0
774 33 0 0
775 33 0 0
776 33 0 0
777 33 0 0
779 33 0 0
800 33 0 0
801 33 0 0
802 33 0 0
803 33 0 0
804 33 0 0
805 33 0 0
806 33 0 0
810 33 0 0
814 33 0 0
818 33 0 0
822 33 0 0
826 33 0 0
830 33 0 0
834 33 0 0
838 33 0 0
842 33 0 0
846 33 0 0
847 33 0 0
848 33 0 0
849 33 0 0
850 33 0 0
851 33 0 0
852 33 0 0
854 33 0 0
874 33 0 0
875 33 0 0
876 33 0 0
877 33 0 0
878 33 0 0
879 33 0 0
880 33 0 0
881 33 0 0
885 33 0 0
889 33 0 0
893 33 0 0
897 33 0 0
901 33 0 0
905 33 0 0
909 33 0 0
913 33 0 0
917 33 0 0
921 33 0 0
922 33 0 0
923 33 0 0
924 33 0 0
925 33 0 0
926 33 0 0
927 33 0 0
929 33 0 0
1009.000061 33 0 0
1010.000061 33 0 0
1011 33 0 0
1012 33 0 0
1013 33 0 0
1014 33 0 0
1014.999939 33 0 0
1015.999939 33 0 0
1020 33 0 0
1024 33 0 0
1028 33 0 0
1032 33 0 0
1036 33 0 0
1040 33 0 0
1044 33 0 0
1048 33 0 0
1052 33 0 0
1056 33 0 0
1057 33 0 0
1058 33 0 0
1059 33 0 0
1060 33 0 0
1061 33 0 0
1062 33 0 0
1064 33 0 0
1124 33 0 0
1125 33 0 0
1126 33 0 0
1127 33 0 0
1128 33 0 0
1129 33 0 0
1130 33 0 0
1131 33 0 0
1135 33 0 0
1139 33 0 0
1143 33 0 0
1147 33 0 0
1151 33 0 0
1155 33 0 0
1159 33 0 0
1163 33 0 0
1167 33 0 0
1171 33 0 0
1172 33 0 0
1173 33 0 0
1174 33 0 0
1175 33 0 0
1176 33 0 0
1177 33 0 0
1179 33 0 0
1200 33 0 0
298
0.000001 0 -0.050000 0
2 0 -0.113542 0
3 0 -0.336283 0
4 0 -0.624875 0
5 0 -0.935971 0
6 0 -1.226222 0
7 0 -1.570796 0
11 3.141592 -0 3.141592
15 -0 1.570796 0
19 0 -0 0
23 0 -1.570796 0
27 3.141592 -0 3.141592
31 -0 1.570796 0
35 0 -0 0
39 0 -1.570796 0
43 3.141592 -0 3.141592
47 -0 1.570796 0
48 0 1.226222 0
49 0 0.935971 0
50 0 0.624875 0
51 0 0.336283 0
52 0 0.113542 0
53 0 0.050000 0
55 0 -0 0
75 0 -0 0
76 0 0.050000 0
77 0 0.113542 0
78 0 0.336283 0
79 0 0.624875 0
80 0 0.935971 0
81 0 1.226222 0
82 -0 1.570796 0
86 3.141592 -0 -3.141592
90 0 -1.570796 0
94 0 -0 0
98 -0 1.570796 0
102 -3.141592 -0 -3.141592
106 0 -1.570796 0
110 0 -0 0
114 -0 1.570796 0
118 -3.141592 -0 -3.141592
122 0 -1.570796 0
123 0 -1.226222 0
124 0 -0.935971 0
124.999992 0 -0.624875 0
125.999977 0 -0.336283 0
126.999992 0 -0.113542 0
128 0 -0.050000 0
130 0 -0 0
210 0 -0 0
211 0 0.050000 0
212 0 0.113542 0
213 0 0.336283 0
214 0 0.624875 0
215 0 0.935971 0
216 0 1.226222 0
217 -0 1.570796 0
221 3.141592 -0 -3.141592
225 0 -1.570796 0
229 0 -0 0
233 -0 1.570796 0
237 -3.141592 -0 -3.141592
241.000015 0 -1.570796 0
245.000015 0 -0 0
249 -0 1.570796 0
253 -3.141592 -0 -3.141592
257 0 -1.570796 0
258 0 -1.226222 0
259 0 -0.935971 0
260 0 -0.624875 0
261 0 -0.336283 0
262 0 -0.113542 0
263 0 -0.050000 0
265 0 -0 0
325 0 -0 0
326 0 -0.050000 0
327 0 -0.113542 0
328 0 -0.336283 0
329 0 -0.624875 0
330 0 -0.935971 0
331 0 -1.226222 0
332 0 -1.570796 0
336 3.141592 -0 3.141592
340 -0 1.570796 0
344 0 -0 0
348 0 -1.570796 0
352 3.141592 -0 3.141592
356 -0 1.570796 0
360 0 -0 0
364 0 -1.570796 0
368 3.141592 -0 3.141592
372 -0 1.570796 0
373 0 1.226222 0
374 0 0.935971 0
375 0 0.624875 0
376 0 0.336283 0
377 0 0.113542 0
378 0 0.050000 0
380 0 -0 0
400 0 -0.050000 0
401 0 -0.113542 0
402 0 -0.336283 0
403 0 -0.624875 0
404 0 -0.935971 0
405 0 -1.226222 0
406 0 -1.570796 0
410 3.141592 -0 3.141592
414 -0 1.570796 0
418 0 -0 0
422 0 -1.570796 0
426 3.141592 -0 3.141592
430 -0 1.570796 0
434 0 -0 0
438 0 -1.570796 0
442 3.141592 -0 3.141592
446 -0 1.570796 0
447 0 1.226222 0
448 0 0.935971 0
449 0 0.624875 0
450 0 0.336283 0
451 0 0.113542 0
452 0 0.050000 0
454 0 -0 0
474 0 -0 0
475 0 0.050000 0
476 0 0.113542 0
477 0 0.336283 0
478 0 0.624875 0
479 0 0.935971 0
480 0 1.226222 0
481 -0 1.570796 0
484.999969 3.141592 -0 -3.141592
488.999908 0 -1.570796 0
492.999969 0 -0 0
497.000031 -0 1.570796 0
501.000092 -3.141592 -0 -3.141592
505.000031 0 -1.570796 0
509 0 -0 0
513 -0 1.570796 0
517 -3.141592 -0 -3.141592
521 0 -1.570796 0
522 0 -1.226222 0
523 0 -0.935971 0
524 0 -0.624875 0
525 0 -0.336283 0
526 0 -0.113542 0
527 0 -0.050000 0
529 0 -0 0
609 0 -0 0
610 0 0.050000 0
611 0 0.113542 0
612 0 0.336283 0
613 0 0.624875 0
614 0 0.935971 0
615 0 1.226222 0
616 -0 1.570796 0
620 3.141592 -0 -3.141592
624 0 -1.570796 0
628 0 -0 0
632 -0 1.570796 0
636 -3.141592 -0 -3.141592
640 0 -1.570796 0
644 0 -0 0
648 -0 1.570796 0
652 -3.141592 -0 -3.141592
656 0 -1.570796 0
657 0 -1.226222 0
658 0 -0.935971 0
659 0 -0.624875 0
660 0 -0.336283 0
661 0 -0.113542 0
662 0 -0.050000 0
664 0 -0 0
724 0 -0 0
725 0 -0.050000 0
726 0 -0.113542 0
727 0 -0.336283 0
728 0 -0.624875 0
729 0 -0.935971 0
730 0 -1.226222 0
731 0 -1.570796 0
735 3.141592 -0 3.141592
739 -0 1.570796 0
743 0 -0 0
747 0 -1.570796 0
751 3.141592 -0 3.141592
755 -0 1.570796 0
759 0 -0 0
763 0 -1.570796 0
767 3.141592 -0 3.141592
771 -0 1.570796 0
772 0 1.226222 0
773 0 0.935971 0
774 0 0.624875 0
775 0 0.336283 0
776 0 0.113542 0
777 0 0.050000 0
779 0 -0 0
800 0 -0.050000 0
801 0 -0.113542 0
802 0 -0.336283 0
803 0 -0.624875 0
804 0 -0.935971 0
805 0 -1.226222 0
806 0 -1.570796 0
810 3.141592 -0 3.141592
814 -0 1.570796 0
818 0 -0 0
822 0 -1.570796 0
826 3.141592 -0 3.141592
830 -0 1.570796 0
834 0 -0 0
838 0 -1.570796 0
842 3.141592 -0 3.141592
846 -0 1.570796 0
847 0 1.226222 0
848 0 0.935971 0
849 0 0.624875 0
850 0 0.336283 0
851 0 0.113542 0
852 0 0.050000 0
854 0 -0 0
874 0 -0 0
875 0 0.050000 0
876 0 0.113542 0
877 0 0.336283 0
878 0 0.624875 0
879 0 0.935971 0
880 0 1.226222 0
881 -0 1.570796 0
885 3.141592 -0 -3.141592
889 0 -1.570796 0
893 0 -0 0
897 -0 1.570796 0
901 -3.141592 -0 -3.141592
905 0 -1.570796 0
909 0 -0 0
913 -0 1.570796 0
917 -3.141592 -0 -3.141592
921 0 -1.570796 0
922 0 -1.226222 0
923 0 -0.935971 0
924 0 -0.624875 0
925 0 -0.336283 0
926 0 -0.113542 0
927 0 -0.050000 0
929 0 -0 0
1009.000061 0 -0 0
1010.000061 0 0.050000 0
1011 0 0.113542 0
1012 0 0.336283 0
1013 0 0.624875 0
1014 0 0.935971 0
1014.999939 0 1.226222 0
1015.999939 -0 1.570796 0
1020 3.141592 -0 -3.141592
1024 0 -1.570796 0
1028 0 -0 0
1032 -0 1.570796 0
1036 -3.141592 -0 -3.141592
1040 0 -1.570796 0
1044 0 -0 0
1048 -0 1.570796 0
1052 -3.141592 -0 -3.141592
1056 0 -1.570796 0
1057 0 -1.226222 0
1058 0 -0.935971 0
1059 0 -0.624875 0
1060 0 -0.336283 0
1061 0 -0.113542 0
1062 0 -0.050000 0
1064 0 -0 0
1124 0 -0 0
1125 0 -0.050000 0
1126 0 -0.113542 0
1127 0 -0.336283 0
1128 0 -0.624875 0
1129 0 -0.935971 0
1130 0 -1.226222 0
1131 0 -1.570796 0
1135 3.141592 -0 3.141592
1139 -0 1.570796 0
1143 0 -0 0
1147 0 -1.570796 0
1151 3.141592 -0 3.141592
1155 -0 1.570796 0
1159 0 -0 0
1163 0 -1.570796 0
1167 3.141592 -0 3.141592
1171 -0 1.570796 0
1172 0 1.226222 0
1173 0 0.935971 0
1174 0 0.624875 0
1175 0 0.336283 0
1176 0 0.113542 0
1177 0 0.050000 0
1179 0 -0 0
1200 0 -0 0
"Izquierda2"
"EjeBichitos"
24 0 0 0 0 -0 0
50
0 33 0 0
1 33 0 0
25 33 0 0
50 33 0 0
75 33 0 0
100 33 0 0
124.999992 33 0 0
150 33 0 0
175 33 0 0
200 33 0 0
225 33 0 0
249.999985 33 0 0
275 33 0 0
300 33 0 0
325 33 0 0
350 33 0 0
375 33 0 0
400 33 0 0
425 33 0 0
450 33 0 0
475 33 0 0
499.999969 33 0 0
525 33 0 0
550 33 0 0
575 33 0 0
600 33 0 0
625 33 0 0
650 33 0 0
675 33 0 0
700 33 0 0
725 33 0 0
750 33 0 0
775 33 0 0
800 33 0 0
825 33 0 0
850 33 0 0
875 33 0 0
900 33 0 0
925 33 0 0
950 33 0 0
975 33 0 0
999.999939 33 0 0
1025 33 0 0
1050 33 0 0
1075 33 0 0
1100 33 0 0
1125 33 0 0
1150 33 0 0
1175 33 0 0
1200 33 0 0
50
0 0 -0 0
1 0 -0.062832 0
25 0 -1.570796 0
50 3.141592 -0 3.141592
75 -0 1.570796 0
100 0 -0 0
124.999992 0 -1.570796 0
150 3.141592 -0 3.141592
175 -0 1.570796 0
200 0 -0 0
225 0 -1.570796 0
249.999985 3.141592 -0 3.141592
275 -0 1.570796 0
300 0 -0 0
325 0 -1.570796 0
350 3.141592 -0 3.141592
375 -0 1.570796 0
400 0 -0 0
425 0 -1.570796 0
450 3.141592 -0 3.141592
475 -0 1.570796 0
499.999969 0 -0 0
525 0 -1.570796 0
550 3.141592 -0 3.141592
575 -0 1.570796 0
600 0 -0 0
625 0 -1.570796 0
650 3.141592 -0 3.141592
675 -0 1.570796 0
700 0 -0 0
725 0 -1.570796 0
750 3.141592 -0 3.141592
775 -0 1.570796 0
800 0 -0 0
825 0 -1.570796 0
850 3.141592 -0 3.141592
875 -0 1.570796 0
900 0 -0 0
925 0 -1.570796 0
950 3.141592 -0 3.141592
975 -0 1.570796 0
999.999939 0 -0 0
1025 0 -1.570796 0
1050 3.141592 -0 3.141592
1075 -0 1.570796 0
1100 0 -0 0
1125 0 -1.570796 0
1150 3.141592 -0 3.141592
1175 -0 1.570796 0
1200 0 -0 0
GroupComments: 0
MaterialComments: 0
BoneComments: 0
ModelComment: 0
