// MilkShape 3D ASCII

Frames: 30
Frame: 1

Meshes: 1
"Tex_0010_0_dds" 0 0
32
0 -122.582932 -19.338612 117.289299 0.000000 2.000000 -1
0 -122.582932 23.839317 117.289299 0.000000 1.000000 -1
0 -0.457360 -19.338612 167.875290 1.000000 2.000000 -1
0 -0.457360 23.839317 167.875290 1.000000 1.000000 -1
0 -0.457360 -19.338612 167.875290 0.000000 2.000000 -1
0 -0.457360 23.839317 167.875290 0.000000 1.000000 -1
0 121.668190 -19.338612 117.289299 1.000000 2.000000 -1
0 121.668190 23.839317 117.289299 1.000000 1.000000 -1
0 172.254303 -19.338612 -4.836319 0.000000 2.000000 -1
0 172.254303 23.839317 -4.836319 0.000000 1.000000 -1
0 121.668190 -19.338612 -126.961922 1.000000 2.000000 -1
0 121.668190 23.839317 -126.961922 1.000000 1.000000 -1
0 121.668190 -19.338612 117.289299 0.000000 2.000000 -1
0 121.668190 23.839317 117.289299 0.000000 1.000000 -1
0 172.254303 -19.338612 -4.836319 1.000000 2.000000 -1
0 172.254303 23.839317 -4.836319 1.000000 1.000000 -1
0 -173.169022 -19.338612 -4.836319 0.000000 2.000000 -1
0 -173.169022 23.839317 -4.836319 0.000000 1.000000 -1
0 -122.582932 -19.338612 117.289299 1.000000 2.000000 -1
0 -122.582932 23.839317 117.289299 1.000000 1.000000 -1
0 -122.582932 -19.338612 -126.961922 0.000000 2.000000 -1
0 -122.582932 23.839317 -126.961922 0.000000 1.000000 -1
0 -173.169022 -19.338612 -4.836319 1.000000 2.000000 -1
0 -173.169022 23.839317 -4.836319 1.000000 1.000000 -1
0 121.668190 -19.338612 -126.961922 0.000000 2.000000 -1
0 121.668190 23.839317 -126.961922 0.000000 1.000000 -1
0 -0.457360 -19.338612 -177.547974 1.000000 2.000000 -1
0 -0.457360 23.839317 -177.547974 1.000000 1.000000 -1
0 -0.457360 -19.338612 -177.547974 0.000000 2.000000 -1
0 -0.457360 23.839317 -177.547974 0.000000 1.000000 -1
0 -122.582932 -19.338612 -126.961922 1.000000 2.000000 -1
0 -122.582932 23.839317 -126.961922 1.000000 1.000000 -1
8
0.382683 0.000000 -0.923880
-0.382683 0.000000 -0.923880
-0.923879 0.000000 0.382684
-0.923879 0.000000 -0.382684
0.923880 0.000000 -0.382683
0.923880 0.000000 0.382684
-0.382683 0.000000 0.923880
0.382683 0.000000 0.923880
16
0 0 1 2 0 0 0 1
0 1 3 2 0 0 0 1
0 4 5 6 1 1 1 1
0 5 7 6 1 1 1 1
0 8 9 10 2 2 2 1
0 9 11 10 2 2 2 1
0 12 13 14 3 3 3 1
0 13 15 14 3 3 3 1
0 16 17 18 4 4 4 1
0 17 19 18 4 4 4 1
0 20 21 22 5 5 5 1
0 21 23 22 5 5 5 1
0 24 25 26 6 6 6 1
0 25 27 26 6 6 6 1
0 28 29 30 7 7 7 1
0 29 31 30 7 7 7 1

Materials: 1
"H"
1.000000 1.000000 1.000000 1.000000
0.800000 0.800000 0.800000 1.000000
1.000000 1.000000 1.000000 1.000000
1.000000 1.000000 1.000000 1.000000
0.185600
1.000000
"Tex_0010_0.ini"
""

Bones: 0
GroupComments: 0
MaterialComments: 0
BoneComments: 0
ModelComment: 0
