// MilkShape 3D ASCII

Frames: 30
Frame: 7

Meshes: 1
"3" 0 0
241
0 2.528919 -8.519544 -5.699976 0.699219 0.162109 2
0 -0.512682 -8.209121 -4.884985 0.669922 0.193359 2
0 2.528919 -8.519544 -4.069992 0.640625 0.162109 2
0 2.528919 -8.519544 -4.069992 0.699219 0.162109 2
0 1.713926 -8.519544 -2.658375 0.640625 0.162109 2
0 1.713926 -8.519544 -2.658375 0.699219 0.162109 2
0 0.302312 -8.519544 -1.843379 0.640625 0.162109 2
0 0.302312 -8.519544 -1.843379 0.699219 0.162109 2
0 -1.327676 -8.519544 -1.843379 0.640625 0.162109 2
0 -1.327676 -8.519544 -1.843379 0.699219 0.162109 2
0 -2.739291 -8.519544 -2.658375 0.640625 0.162109 2
0 -2.739291 -8.519544 -2.658375 0.699219 0.162109 2
0 -3.554284 -8.519544 -4.069992 0.640625 0.162109 2
0 -3.554284 -8.519544 -4.069992 0.699219 0.162109 2
0 -3.554284 -8.519544 -5.699976 0.640625 0.162109 2
0 -3.554284 -8.519544 -5.699976 0.699219 0.162109 2
0 -2.739291 -8.519544 -7.111589 0.640625 0.162109 2
0 -2.739291 -8.519544 -7.111589 0.699219 0.162109 2
0 -1.327676 -8.519544 -7.926586 0.640625 0.162109 2
0 -1.327676 -8.519544 -7.926586 0.699219 0.162109 2
0 0.302312 -8.519544 -7.926586 0.640625 0.162109 2
0 0.302312 -8.519544 -7.926586 0.699219 0.162109 2
0 1.713926 -8.519544 -7.111589 0.640625 0.162109 2
0 1.713926 -8.519544 -7.111589 0.699219 0.162109 2
0 2.528919 -8.519544 -5.699976 0.640625 0.162109 2
0 16.502234 -6.967396 -9.444117 0.058594 1.126953 2
0 17.499086 -6.967396 -9.711224 0.050781 1.126953 2
0 11.943103 -6.967396 -17.340775 0.058594 1.003906 2
0 12.672845 -6.967396 -18.070530 0.050781 1.003906 2
0 8.508560 -11.313434 -7.302221 0.699219 1.130859 2
0 16.502234 -6.967396 -9.444117 0.699219 1.179688 2
0 6.091320 -11.313434 -11.488985 0.640625 1.130859 2
0 11.943103 -6.967396 -17.340775 0.640625 1.179688 2
0 4.594124 -9.761271 -9.991791 0.699219 0.145312 2
0 1.713926 -8.519544 -7.111589 0.699219 0.164453 2
0 6.463340 -9.761271 -6.754206 0.640625 0.145312 2
0 2.528919 -8.519544 -5.699976 0.640625 0.164453 2
0 11.943103 -6.967396 -17.340775 0.058594 1.126953 2
0 12.672845 -6.967396 -18.070530 0.050781 1.126953 2
0 4.046451 -6.967396 -21.899906 0.058594 1.003906 2
0 4.313559 -6.967396 -22.896744 0.050781 1.003906 2
0 6.091320 -11.313434 -11.488985 0.699219 1.130859 2
0 11.943103 -6.967396 -17.340775 0.699219 1.179688 2
0 1.904550 -11.313434 -13.906238 0.640625 1.130859 2
0 4.046451 -6.967396 -21.899906 0.640625 1.179688 2
0 1.356540 -9.761271 -11.861006 0.699219 0.145312 2
0 0.302312 -8.519544 -7.926586 0.699219 0.164453 2
0 4.594124 -9.761271 -9.991791 0.640625 0.145312 2
0 1.713926 -8.519544 -7.111589 0.640625 0.164453 2
0 4.046451 -6.967396 -21.899906 0.058594 1.126953 2
0 4.313559 -6.967396 -22.896744 0.050781 1.126953 2
0 -5.071813 -6.967396 -21.899906 0.058594 1.003906 2
0 -5.338922 -6.967396 -22.896744 0.050781 1.003906 2
0 1.904550 -11.313434 -13.906238 0.699219 1.130859 2
0 4.046451 -6.967396 -21.899906 0.699219 1.179688 2
0 -2.929914 -11.313434 -13.906238 0.640625 1.130859 2
0 -5.071813 -6.967396 -21.899906 0.640625 1.179688 2
0 -2.381902 -9.761271 -11.861006 0.699219 0.145312 2
0 -1.327676 -8.519544 -7.926586 0.699219 0.164453 2
0 1.356540 -9.761271 -11.861006 0.640625 0.145312 2
0 0.302312 -8.519544 -7.926586 0.640625 0.164453 2
0 -5.071813 -6.967396 -21.899906 0.058594 1.126953 2
0 -5.338922 -6.967396 -22.896744 0.050781 1.126953 2
0 -12.968467 -6.967396 -17.340775 0.058594 1.003906 2
0 -13.698209 -6.967396 -18.070530 0.050781 1.003906 2
0 -2.929914 -11.313434 -13.906238 0.699219 1.130859 2
0 -5.071813 -6.967396 -21.899906 0.699219 1.179688 2
0 -7.116680 -11.313434 -11.488985 0.640625 1.130859 2
0 -12.968467 -6.967396 -17.340775 0.640625 1.179688 2
0 -5.619489 -9.761271 -9.991791 0.699219 0.145312 2
0 -2.739291 -8.519544 -7.111589 0.699219 0.164453 2
0 -2.381902 -9.761271 -11.861006 0.640625 0.145312 2
0 -1.327676 -8.519544 -7.926586 0.640625 0.164453 2
0 -12.968467 -6.967396 -17.340775 0.058594 1.126953 2
0 -13.698209 -6.967396 -18.070530 0.050781 1.126953 2
0 -17.527594 -6.967396 -9.444117 0.058594 1.003906 2
0 -18.524454 -6.967396 -9.711224 0.050781 1.003906 2
0 -7.116680 -11.313434 -11.488985 0.699219 1.130859 2
0 -12.968467 -6.967396 -17.340775 0.699219 1.179688 2
0 -9.533919 -11.313434 -7.302221 0.640625 1.130859 2
0 -17.527594 -6.967396 -9.444117 0.640625 1.179688 2
0 -7.488701 -9.761271 -6.754206 0.699219 0.145312 2
0 -3.554284 -8.519544 -5.699976 0.699219 0.164453 2
0 -5.619489 -9.761271 -9.991791 0.640625 0.145312 2
0 -2.739291 -8.519544 -7.111589 0.640625 0.164453 2
0 -17.527594 -6.967396 -9.444117 0.058594 1.126953 2
0 -18.524454 -6.967396 -9.711224 0.050781 1.126953 2
0 -17.527594 -6.967396 -0.325849 0.058594 1.003906 2
0 -18.524454 -6.967396 -0.058742 0.050781 1.003906 2
0 -9.533919 -11.313434 -7.302221 0.699219 1.130859 2
0 -17.527594 -6.967396 -9.444117 0.699219 1.179688 2
0 -9.533919 -11.313434 -2.467745 0.640625 1.130859 2
0 -17.527594 -6.967396 -0.325849 0.640625 1.179688 2
0 -7.488701 -9.761271 -3.015760 0.699219 0.145312 2
0 -3.554284 -8.519544 -4.069992 0.699219 0.164453 2
0 -7.488701 -9.761271 -6.754206 0.640625 0.145312 2
0 -3.554284 -8.519544 -5.699976 0.640625 0.164453 2
0 -17.527594 -6.967396 -0.325849 0.058594 1.126953 2
0 -18.524454 -6.967396 -0.058742 0.050781 1.126953 2
0 -12.968467 -6.967396 7.570799 0.058594 1.003906 2
0 -13.698209 -6.967396 8.300546 0.050781 1.003906 2
0 -9.533919 -11.313434 -2.467745 0.699219 1.130859 2
0 -17.527594 -6.967396 -0.325849 0.699219 1.179688 2
0 -7.116680 -11.313434 1.719017 0.640625 1.130859 2
0 -12.968467 -6.967396 7.570799 0.640625 1.179688 2
0 -5.619489 -9.761271 0.221823 0.699219 0.145312 2
0 -2.739291 -8.519544 -2.658375 0.699219 0.164453 2
0 -7.488701 -9.761271 -3.015760 0.640625 0.145312 2
0 -3.554284 -8.519544 -4.069992 0.640625 0.164453 2
0 -12.968467 -6.967396 7.570799 0.058594 1.126953 2
0 -13.698209 -6.967396 8.300546 0.050781 1.126953 2
0 -5.071813 -6.967396 12.129933 0.058594 1.003906 2
0 -5.338922 -6.967396 13.126793 0.050781 1.003906 2
0 -7.116680 -11.313434 1.719017 0.699219 1.130859 2
0 -12.968467 -6.967396 7.570799 0.699219 1.179688 2
0 -2.929914 -11.313434 4.136255 0.640625 1.130859 2
0 -5.071813 -6.967396 12.129933 0.640625 1.179688 2
0 -2.381902 -9.761271 2.091043 0.699219 0.145312 2
0 -1.327676 -8.519544 -1.843379 0.699219 0.164453 2
0 -5.619489 -9.761271 0.221823 0.640625 0.145312 2
0 -2.739291 -8.519544 -2.658375 0.640625 0.164453 2
0 -5.071813 -6.967396 12.129933 0.058594 1.126953 2
0 -5.338922 -6.967396 13.126793 0.050781 1.126953 2
0 4.046451 -6.967396 12.129933 0.058594 1.003906 2
0 4.313559 -6.967396 13.126793 0.050781 1.003906 2
0 -2.929914 -11.313434 4.136255 0.699219 1.130859 2
0 -5.071813 -6.967396 12.129933 0.699219 1.179688 2
0 1.904550 -11.313434 4.136255 0.640625 1.130859 2
0 4.046451 -6.967396 12.129933 0.640625 1.179688 2
0 1.356540 -9.761271 2.091043 0.699219 0.145312 2
0 0.302312 -8.519544 -1.843379 0.699219 0.164453 2
0 -2.381902 -9.761271 2.091043 0.640625 0.145312 2
0 -1.327676 -8.519544 -1.843379 0.640625 0.164453 2
0 4.046451 -6.967396 12.129933 0.058594 1.126953 2
0 4.313559 -6.967396 13.126793 0.050781 1.126953 2
0 11.943103 -6.967396 7.570799 0.058594 1.003906 2
0 12.672845 -6.967396 8.300546 0.050781 1.003906 2
0 1.904550 -11.313434 4.136255 0.699219 1.130859 2
0 4.046451 -6.967396 12.129933 0.699219 1.179688 2
0 6.091320 -11.313434 1.719017 0.640625 1.130859 2
0 11.943103 -6.967396 7.570799 0.640625 1.179688 2
0 4.594124 -9.761271 0.221823 0.699219 0.145312 2
0 1.713926 -8.519544 -2.658375 0.699219 0.164453 2
0 1.356540 -9.761271 2.091043 0.640625 0.145312 2
0 0.302312 -8.519544 -1.843379 0.640625 0.164453 2
0 11.943103 -6.967396 7.570799 0.058594 1.126953 2
0 12.672845 -6.967396 8.300546 0.050781 1.126953 2
0 16.502234 -6.967396 -0.325849 0.058594 1.003906 2
0 17.499086 -6.967396 -0.058742 0.050781 1.003906 2
0 6.091320 -11.313434 1.719017 0.699219 1.130859 2
0 11.943103 -6.967396 7.570799 0.699219 1.179688 2
0 8.508560 -11.313434 -2.467745 0.640625 1.130859 2
0 16.502234 -6.967396 -0.325849 0.640625 1.179688 2
0 6.463340 -9.761271 -3.015760 0.699219 0.145312 2
0 2.528919 -8.519544 -4.069992 0.699219 0.164453 2
0 4.594124 -9.761271 0.221823 0.640625 0.145312 2
0 1.713926 -8.519544 -2.658375 0.640625 0.164453 2
0 16.502234 -6.967396 -0.325849 0.058594 1.126953 2
0 17.499086 -6.967396 -0.058742 0.050781 1.126953 2
0 16.502234 -6.967396 -9.444117 0.058594 1.003906 2
0 17.499086 -6.967396 -9.711224 0.050781 1.003906 2
0 8.508560 -11.313434 -2.467745 0.699219 1.130859 2
0 16.502234 -6.967396 -0.325849 0.699219 1.179688 2
0 8.508560 -11.313434 -7.302221 0.640625 1.130859 2
0 16.502234 -6.967396 -9.444117 0.640625 1.179688 2
0 6.463340 -9.761271 -6.754206 0.699219 0.145312 2
0 2.528919 -8.519544 -5.699976 0.699219 0.164453 2
0 6.463340 -9.761271 -3.015760 0.640625 0.145312 2
0 2.528919 -8.519544 -4.069992 0.640625 0.164453 2
0 6.463340 -9.761271 -6.754206 0.699219 1.146484 2
0 6.463340 -9.761271 -3.015760 0.640625 1.146484 2
0 24.444220 -4.177011 -11.572174 0.699219 1.130859 1
0 17.499086 -6.967396 -9.711224 0.699219 1.179688 2
0 24.444220 -4.177011 1.802203 0.640625 1.130859 1
0 17.499086 -6.967396 -0.058742 0.640625 1.179688 2
0 24.444220 -4.177011 1.802203 0.699219 1.130859 1
0 17.499086 -6.967396 -0.058742 0.699219 1.179688 2
0 17.757042 -4.177011 13.384748 0.640625 1.130859 1
0 12.672845 -6.967396 8.300546 0.640625 1.179688 2
0 6.463340 -9.761271 -3.015760 0.699219 1.146484 2
0 4.594124 -9.761271 0.221823 0.640625 1.146484 2
0 17.757042 -4.177011 13.384748 0.699219 1.130859 1
0 12.672845 -6.967396 8.300546 0.699219 1.179688 2
0 6.174503 -4.177011 20.071918 0.640625 1.130859 1
0 4.313559 -6.967396 13.126793 0.640625 1.179688 2
0 4.594124 -9.761271 0.221823 0.699219 1.146484 2
0 1.356540 -9.761271 2.091043 0.640625 1.146484 2
0 6.174503 -4.177011 20.071918 0.699219 1.130859 1
0 4.313559 -6.967396 13.126793 0.699219 1.179688 2
0 -7.199870 -4.177011 20.071918 0.640625 1.130859 1
0 -5.338922 -6.967396 13.126793 0.640625 1.179688 2
0 1.356540 -9.761271 2.091043 0.699219 1.146484 2
0 -2.381902 -9.761271 2.091043 0.640625 1.146484 2
0 -7.199870 -4.177011 20.071918 0.699219 1.130859 1
0 -5.338922 -6.967396 13.126793 0.699219 1.179688 2
0 -18.782410 -4.177011 13.384748 0.640625 1.130859 1
0 -13.698209 -6.967396 8.300546 0.640625 1.179688 2
0 -2.381902 -9.761271 2.091043 0.699219 1.146484 2
0 -5.619489 -9.761271 0.221823 0.640625 1.146484 2
0 -18.782410 -4.177011 13.384748 0.699219 1.130859 1
0 -13.698209 -6.967396 8.300546 0.699219 1.179688 2
0 -25.469603 -4.177011 1.802203 0.640625 1.130859 1
0 -18.524454 -6.967396 -0.058742 0.640625 1.179688 2
0 -5.619489 -9.761271 0.221823 0.699219 1.146484 2
0 -7.488701 -9.761271 -3.015760 0.640625 1.146484 2
0 -25.469603 -4.177011 1.802203 0.699219 1.130859 1
0 -18.524454 -6.967396 -0.058742 0.699219 1.179688 2
0 -25.469603 -4.177011 -11.572174 0.640625 1.130859 1
0 -18.524454 -6.967396 -9.711224 0.640625 1.179688 2
0 -7.488701 -9.761271 -3.015760 0.699219 1.146484 2
0 -7.488701 -9.761271 -6.754206 0.640625 1.146484 2
0 -25.469603 -4.177011 -11.572174 0.699219 1.130859 1
0 -18.524454 -6.967396 -9.711224 0.699219 1.179688 2
0 -18.782410 -4.177011 -23.154716 0.640625 1.130859 1
0 -13.698209 -6.967396 -18.070530 0.640625 1.179688 2
0 -7.488701 -9.761271 -6.754206 0.699219 1.146484 2
0 -5.619489 -9.761271 -9.991791 0.640625 1.146484 2
0 -18.782410 -4.177011 -23.154716 0.699219 1.130859 1
0 -13.698209 -6.967396 -18.070530 0.699219 1.179688 2
0 -7.199870 -4.177011 -29.841896 0.640625 1.130859 1
0 -5.338922 -6.967396 -22.896744 0.640625 1.179688 2
0 -5.619489 -9.761271 -9.991791 0.699219 1.146484 2
0 -2.381902 -9.761271 -11.861006 0.640625 1.146484 2
0 -7.199870 -4.177011 -29.841896 0.699219 1.130859 1
0 -5.338922 -6.967396 -22.896744 0.699219 1.179688 2
0 6.174503 -4.177011 -29.841896 0.640625 1.130859 1
0 4.313559 -6.967396 -22.896744 0.640625 1.179688 2
0 -2.381902 -9.761271 -11.861006 0.699219 1.146484 2
0 1.356540 -9.761271 -11.861006 0.640625 1.146484 2
0 6.174503 -4.177011 -29.841896 0.699219 1.130859 1
0 4.313559 -6.967396 -22.896744 0.699219 1.179688 2
0 17.757042 -4.177011 -23.154716 0.640625 1.130859 1
0 12.672845 -6.967396 -18.070530 0.640625 1.179688 2
0 1.356540 -9.761271 -11.861006 0.699219 1.146484 2
0 4.594124 -9.761271 -9.991791 0.640625 1.146484 2
0 4.594124 -9.761271 -9.991791 0.699219 1.146484 2
0 6.463340 -9.761271 -6.754206 0.640625 1.146484 2
0 17.757042 -4.177011 -23.154716 0.699219 1.130859 1
0 12.672845 -6.967396 -18.070530 0.699219 1.179688 2
0 24.444220 -4.177011 -11.572174 0.640625 1.130859 1
0 17.499086 -6.967396 -9.711224 0.640625 1.179688 2
136
0.101532 0.994832 0.000000
0.000000 1.000000 -0.000000
0.087929 0.994832 0.050766
0.050766 0.994832 0.087929
0.000000 0.994832 0.101531
-0.050766 0.994832 0.087929
-0.087929 0.994832 0.050766
-0.101532 0.994832 0.000000
-0.087929 0.994832 -0.050766
-0.050766 0.994832 -0.087929
0.000000 0.994832 -0.101532
0.050766 0.994832 -0.087929
0.087929 0.994832 -0.050766
0.000000 1.000000 0.000000
0.112097 0.983749 0.140256
-0.413660 0.878549 0.238827
-0.065416 0.983749 -0.167207
-0.413660 0.878549 0.238826
0.260650 0.953633 -0.150486
0.260650 0.953633 -0.150486
0.260650 0.953633 -0.150486
0.167207 0.983749 0.065414
-0.238827 0.878549 0.413659
-0.140256 0.983749 -0.112096
-0.238827 0.878548 0.413660
0.150486 0.953633 -0.260650
0.150486 0.953633 -0.260650
0.150486 0.953633 -0.260649
0.177514 0.983749 -0.026950
0.000000 0.878548 0.477654
-0.177514 0.983749 -0.026951
0.000000 0.953633 -0.300973
0.140257 0.983749 -0.112096
0.238827 0.878548 0.413659
-0.167208 0.983749 0.065415
0.238826 0.878549 0.413659
-0.150486 0.953633 -0.260650
-0.150486 0.953633 -0.260650
-0.150486 0.953633 -0.260650
0.065414 0.983749 -0.167208
0.413659 0.878549 0.238827
-0.112098 0.983749 0.140256
0.413660 0.878548 0.238826
-0.260650 0.953633 -0.150486
-0.260650 0.953633 -0.150486
-0.260650 0.953633 -0.150486
-0.026951 0.983749 -0.177514
0.477653 0.878548 0.000000
-0.026952 0.983749 0.177514
-0.300973 0.953633 0.000000
-0.112098 0.983749 -0.140256
0.413660 0.878549 -0.238827
0.065415 0.983749 0.167208
0.413660 0.878549 -0.238826
-0.260650 0.953633 0.150486
-0.260650 0.953633 0.150486
-0.260650 0.953633 0.150486
-0.167208 0.983749 -0.065414
0.238827 0.878549 -0.413659
0.140256 0.983749 0.112099
0.238827 0.878549 -0.413660
-0.150486 0.953633 0.260650
-0.150486 0.953633 0.260650
-0.150486 0.953633 0.260650
-0.177515 0.983749 0.026952
0.000000 0.878549 -0.477653
0.177514 0.983749 0.026952
0.000000 0.953633 0.300972
-0.140256 0.983749 0.112098
-0.238827 0.878549 -0.413660
0.167208 0.983749 -0.065415
-0.238826 0.878549 -0.413660
0.150486 0.953633 0.260650
0.150486 0.953633 0.260650
0.150486 0.953633 0.260650
-0.065415 0.983749 0.167208
-0.413659 0.878549 -0.238827
0.112098 0.983749 -0.140256
-0.413660 0.878548 -0.238827
0.260650 0.953633 0.150486
0.260650 0.953633 0.150486
0.260650 0.953633 0.150486
0.026951 0.983749 0.177514
-0.477653 0.878548 0.000000
0.026952 0.983749 -0.177514
0.300972 0.953633 0.000000
0.604539 0.796576 0.000000
-0.372811 0.927907 0.000000
-0.322863 0.927908 -0.186405
-0.322863 0.927908 -0.186405
-0.322863 0.927908 -0.186405
0.523547 0.796575 0.302270
0.523548 0.796574 0.302270
-0.186405 0.927908 -0.322863
-0.186405 0.927908 -0.322863
-0.186406 0.927907 -0.322864
0.302271 0.796574 0.523548
0.302270 0.796574 0.523547
0.000000 0.927907 -0.372811
0.000000 0.927907 -0.372811
0.000000 0.796575 0.604540
0.186405 0.927907 -0.322864
0.186405 0.927908 -0.322863
0.186405 0.927908 -0.322863
-0.302271 0.796574 0.523548
-0.302271 0.796573 0.523549
0.322863 0.927908 -0.186405
0.322863 0.927908 -0.186405
0.322863 0.927908 -0.186405
-0.523547 0.796575 0.302270
-0.523547 0.796576 0.302268
0.372810 0.927908 0.000000
-0.604539 0.796576 0.000000
0.322863 0.927908 0.186405
0.322863 0.927908 0.186405
0.322863 0.927908 0.186405
-0.523548 0.796574 -0.302270
-0.523549 0.796573 -0.302270
0.186405 0.927908 0.322863
0.186405 0.927908 0.322863
0.186404 0.927908 0.322863
-0.302270 0.796575 -0.523546
-0.302268 0.796577 -0.523545
0.000000 0.927908 0.372810
0.000000 0.927908 0.372810
0.000000 0.796577 -0.604537
-0.186405 0.927908 0.322863
-0.186405 0.927908 0.322863
-0.186405 0.927907 0.322864
0.302270 0.796575 -0.523546
0.302270 0.796574 -0.523549
0.523547 0.796575 -0.302270
0.523546 0.796576 -0.302269
-0.322863 0.927908 0.186405
-0.322863 0.927908 0.186405
-0.322863 0.927908 0.186405
132
0 0 1 2 0 1 0 1
0 3 1 4 2 1 2 1
0 5 1 6 3 1 3 1
0 7 1 8 4 1 4 1
0 9 1 10 5 1 5 1
0 11 1 12 6 1 6 1
0 13 1 14 7 1 7 1
0 15 1 16 8 1 8 1
0 17 1 18 9 1 9 1
0 19 1 20 10 1 10 1
0 21 1 22 11 1 11 1
0 23 1 24 12 1 12 1
0 25 26 27 13 13 13 1
0 26 28 27 13 13 13 1
0 29 30 31 14 15 16 1
0 30 32 31 15 17 16 1
0 33 34 35 18 19 19 1
0 34 36 35 19 20 19 1
0 37 38 39 13 13 13 1
0 38 40 39 13 13 13 1
0 41 42 43 21 22 23 1
0 42 44 43 22 24 23 1
0 45 46 47 25 26 26 1
0 46 48 47 26 27 26 1
0 49 50 51 13 13 13 1
0 50 52 51 13 13 13 1
0 53 54 55 28 29 30 1
0 54 56 55 29 29 30 1
0 57 58 59 31 31 31 1
0 58 60 59 31 31 31 1
0 61 62 63 13 13 13 1
0 62 64 63 13 13 13 1
0 65 66 67 32 33 34 1
0 66 68 67 33 35 34 1
0 69 70 71 36 37 37 1
0 70 72 71 37 38 37 1
0 73 74 75 13 13 13 1
0 74 76 75 13 13 13 1
0 77 78 79 39 40 41 1
0 78 80 79 40 42 41 1
0 81 82 83 43 44 44 1
0 82 84 83 44 45 44 1
0 85 86 87 13 13 13 1
0 86 88 87 13 13 13 1
0 89 90 91 46 47 48 1
0 90 92 91 47 47 48 1
0 93 94 95 49 49 49 1
0 94 96 95 49 49 49 1
0 97 98 99 13 13 13 1
0 98 100 99 13 13 13 1
0 101 102 103 50 51 52 1
0 102 104 103 51 53 52 1
0 105 106 107 54 55 55 1
0 106 108 107 55 56 55 1
0 109 110 111 13 13 13 1
0 110 112 111 13 13 13 1
0 113 114 115 57 58 59 1
0 114 116 115 58 60 59 1
0 117 118 119 61 62 62 1
0 118 120 119 62 63 62 1
0 121 122 123 13 13 13 1
0 122 124 123 13 13 13 1
0 125 126 127 64 65 66 1
0 126 128 127 65 65 66 1
0 129 130 131 67 67 67 1
0 130 132 131 67 67 67 1
0 133 134 135 13 13 13 1
0 134 136 135 13 13 13 1
0 137 138 139 68 69 70 1
0 138 140 139 69 71 70 1
0 141 142 143 72 73 73 1
0 142 144 143 73 74 73 1
0 145 146 147 13 13 13 1
0 146 148 147 13 13 13 1
0 149 150 151 75 76 77 1
0 150 152 151 76 78 77 1
0 153 154 155 79 80 80 1
0 154 156 155 80 81 80 1
0 157 158 159 13 13 13 1
0 158 160 159 13 13 13 1
0 161 162 163 82 83 84 1
0 162 164 163 83 83 84 1
0 165 166 167 85 85 85 1
0 166 168 167 85 85 85 1
0 29 169 151 14 86 77 1
0 169 170 151 86 86 77 1
0 171 172 173 87 87 87 1
0 172 174 173 87 87 87 1
0 175 176 177 88 89 89 1
0 176 178 177 89 90 89 1
0 161 179 139 82 91 70 1
0 179 180 139 91 92 70 1
0 181 182 183 93 94 94 1
0 182 184 183 94 95 94 1
0 149 185 127 75 96 66 1
0 185 186 127 96 97 66 1
0 187 188 189 98 98 98 1
0 188 190 189 98 99 98 1
0 137 191 115 68 100 59 1
0 191 192 115 100 100 59 1
0 193 194 195 101 102 102 1
0 194 196 195 102 103 102 1
0 125 197 103 64 104 52 1
0 197 198 103 104 105 52 1
0 199 200 201 106 107 107 1
0 200 202 201 107 108 107 1
0 113 203 91 57 109 48 1
0 203 204 91 109 110 48 1
0 205 206 207 111 111 111 1
0 206 208 207 111 111 111 1
0 101 209 79 50 112 41 1
0 209 210 79 112 112 41 1
0 211 212 213 113 114 114 1
0 212 214 213 114 115 114 1
0 89 215 67 46 116 34 1
0 215 216 67 116 117 34 1
0 217 218 219 118 119 119 1
0 218 220 219 119 120 119 1
0 77 221 55 39 121 30 1
0 221 222 55 121 122 30 1
0 223 224 225 123 123 123 1
0 224 226 225 123 124 123 1
0 65 227 43 32 125 23 1
0 227 228 43 125 125 23 1
0 229 230 231 126 127 127 1
0 230 232 231 127 128 127 1
0 53 233 31 28 129 16 1
0 233 234 31 129 130 16 1
0 41 235 163 21 131 84 1
0 235 236 163 131 132 84 1
0 237 238 239 133 134 134 1
0 238 240 239 134 135 134 1

Materials: 1
"A"
1.000000 1.000000 1.000000 1.000000
0.800000 0.800000 0.800000 1.000000
0.500000 0.500000 0.500000 1.000000
1.000000 1.000000 1.000000 1.000000
0.185600
1.000000
"Tex_0001_01.png"
""

Bones: 3
"CamaraRotacion"
""
8 0.000000 0.000000 0.000000 0.000000 -0.000000 0.000000
0
0
"CamaraTraslado"
"CamaraRotacion"
8 0.000000 0.000000 0.000000 0.000000 -0.000000 0.000000
0
0
"ParlanteAbajo"
"CamaraTraslado"
8 0.000000 0.000000 0.000000 0.000000 -0.000000 0.000000
30
1.000000 0.000000 0.007574 0.000000
1.999980 0.000000 -0.025100 0.000000
2.999970 0.000000 -0.044600 0.000000
3.999960 0.000000 -0.037740 0.000000
4.999950 0.000000 0.008676 0.000000
5.999940 0.000000 0.103562 0.000000
6.999929 0.000000 0.238773 0.000000
7.999920 0.000000 0.401896 0.000000
8.999910 0.000000 0.580520 0.000000
9.999900 0.000000 0.762235 0.000000
10.999890 0.000000 0.934630 0.000000
11.999881 0.000000 1.085294 0.000000
12.999870 0.000000 1.201815 0.000000
13.999861 0.000000 1.271783 0.000000
14.999849 0.000000 1.282786 0.000000
15.999840 0.000000 1.222415 0.000000
16.999830 0.000000 1.078257 0.000000
17.999821 0.000000 0.837903 0.000000
18.999809 0.000000 0.488940 0.000000
19.999800 0.000000 0.018959 0.000000
20.999790 0.000000 -0.553330 0.000000
21.999781 0.000000 -1.084790 0.000000
22.999771 0.000000 -1.401150 0.000000
23.999762 0.000000 -1.378800 0.000000
24.999750 0.000000 -1.096920 0.000000
25.999741 0.000000 -0.685340 0.000000
26.999731 0.000000 -0.273890 0.000000
27.999722 0.000000 -0.145210 0.000000
28.999712 0.000000 -0.032512 0.000000
30.000000 0.000000 0.007574 0.000000
1
0.000000 0.000000 -0.000000 0.000000
GroupComments: 0
MaterialComments: 0
BoneComments: 0
ModelComment: 0
