Meshes: 1
"Duplicate03" 0 0
28
0 -32.515816 -77.137619 126.736526 0.937012 1.000760 -1
0 -97.778519 -1.680630 94.050125 0.071472 1.000760 -1
0 -22.452826 -62.885410 94.587845 0.808594 1.289551 -1
0 -70.312134 -7.550277 70.617752 0.187134 1.289551 -1
0 -97.778519 -1.680630 94.050125 0.937012 1.000760 -1
0 -102.705849 60.882519 9.889969 0.071472 1.000760 -1
0 -70.312134 -7.550277 70.617752 0.808594 1.289551 -1
0 -73.925514 38.329365 8.900223 0.187134 1.289551 -1
0 42.956646 29.754034 -114.379074 0.071472 1.000760 -1
0 108.219353 -45.702953 -81.692673 0.937012 1.000760 -1
0 32.893650 15.501811 -82.230392 0.187134 1.289551 -1
0 80.752968 -39.833305 -58.260300 0.808594 1.289551 -1
0 108.219353 -45.702953 -81.692673 0.071472 1.000760 -1
0 113.146675 -108.266075 2.467606 0.937012 1.000760 -1
0 80.752968 -39.833305 -58.260300 0.187134 1.289551 -1
0 84.366333 -85.712929 3.457230 0.808594 1.289551 -1
0 113.146675 -108.266075 2.467606 0.071472 1.000760 -1
0 54.852257 -121.286758 88.801834 0.937012 1.000760 -1
0 84.366333 -85.712929 3.457230 0.187134 1.289551 -1
0 41.617096 -95.261429 66.768997 0.808594 1.289551 -1
0 -32.515816 -77.137619 126.736526 0.071472 1.000760 -1
0 -22.452826 -62.885410 94.587845 0.187134 1.289551 -1
0 -102.705849 60.882519 9.889969 0.937012 1.000760 -1
0 -44.411438 73.903175 -76.444260 0.071472 1.000760 -1
0 -73.925514 38.329365 8.900223 0.808594 1.289551 -1
0 -31.176273 47.877846 -54.411545 0.187134 1.289551 -1
0 42.956646 29.754034 -114.379074 0.937012 1.000760 -1
0 32.893650 15.501811 -82.230392 0.808594 1.289551 -1
23
-0.552464 -0.684110 -0.476210
-0.552464 -0.684111 -0.476210
-0.552465 -0.684111 -0.476209
-0.552465 -0.684110 -0.476210
-0.552465 -0.684110 -0.476209
-0.552466 -0.684110 -0.476209
-0.552464 -0.684110 -0.476210
-0.552464 -0.684111 -0.476210
-0.552465 -0.684111 -0.476209
-0.552465 -0.684111 -0.476210
-0.552465 -0.684111 -0.476210
-0.552464 -0.684111 -0.476210
-0.552464 -0.684111 -0.476210
-0.552464 -0.684111 -0.476210
-0.552465 -0.684110 -0.476210
-0.552465 -0.684110 -0.476210
-0.552465 -0.684110 -0.476210
-0.552466 -0.684109 -0.476210
-0.552465 -0.684109 -0.476210
-0.552466 -0.684109 -0.476210
-0.552465 -0.684110 -0.476210
-0.552465 -0.684110 -0.476210
-0.552465 -0.684110 -0.476210
16
0 0 1 2 0 1 1 1
0 1 3 2 1 2 1 1
0 4 5 6 3 4 4 1
0 5 7 6 4 5 4 1
0 8 9 10 6 7 7 1
0 9 11 10 7 8 7 1
0 12 13 14 9 10 10 1
0 13 15 14 10 11 10 1
0 16 17 18 12 13 13 1
0 18 17 19 13 13 14 1
0 17 20 19 13 15 14 1
0 19 20 21 14 15 16 1
0 22 23 24 17 18 19 1
0 24 23 25 19 18 20 1
0 23 26 25 18 21 20 1
0 25 26 27 20 21 22 1

Materials: 1
"Tex_0012_0_dds"
1.000000 1.000000 1.000000 1.000000
0.800000 0.800000 0.800000 1.000000
0.494118 0.494118 0.494118 1.000000
1.000000 1.000000 1.000000 1.000000
0.185600
1.000000
"Tex_0012_0.png"
""

Bones: 0
GroupComments: 0
MaterialComments: 0
BoneComments: 0
ModelComment: 0
