// MilkShape 3D ASCII

Frames: 30
Frame: 1

Meshes: 1
"Tex_0006_0_dds" 0 0
275
0 496.462646 167.270660 -0.000003 1.000000 2.000000 -1
0 496.462646 385.268646 -0.000003 1.000000 1.000000 -1
0 458.671692 167.270660 -189.988022 0.000000 2.000000 -1
0 458.671692 385.268646 -189.988022 0.000000 1.000000 -1
0 458.671692 167.270660 -189.988022 1.000000 2.000000 -1
0 458.671692 385.268646 -189.988022 1.000000 1.000000 -1
0 351.052063 167.270660 -351.052063 0.000000 2.000000 -1
0 351.052063 385.268646 -351.052063 0.000000 1.000000 -1
0 351.052063 167.270660 -351.052063 1.000000 2.000000 -1
0 351.052063 385.268646 -351.052063 1.000000 1.000000 -1
0 189.988052 167.270660 -458.671692 0.000000 2.000000 -1
0 189.988052 385.268646 -458.671692 0.000000 1.000000 -1
0 -189.987991 167.270660 -458.671692 0.000000 2.000000 -1
0 -189.987991 385.268646 -458.671692 0.000000 1.000000 -1
0 -351.052063 167.270660 -351.052063 1.000000 2.000000 -1
0 -351.052063 385.268646 -351.052063 1.000000 1.000000 -1
0 -351.052063 167.270660 -351.052063 0.000000 2.000000 -1
0 -351.052063 385.268646 -351.052063 0.000000 1.000000 -1
0 -458.671692 167.270660 -189.988022 1.000000 2.000000 -1
0 -458.671692 385.268646 -189.988022 1.000000 1.000000 -1
0 -458.671692 167.270660 -189.988022 -0.000000 2.000000 -1
0 -458.671692 385.268646 -189.988022 -0.000000 1.000000 -1
0 -496.462646 167.270660 -0.000003 1.000000 2.000000 -1
0 -496.462646 385.268646 -0.000003 1.000000 1.000000 -1
0 -496.462646 167.270660 -0.000003 -0.000000 2.000000 -1
0 -496.462646 385.268646 -0.000003 -0.000000 1.000000 -1
0 -458.671692 167.270660 189.988022 1.000000 2.000000 -1
0 -458.671692 385.268646 189.988022 1.000000 1.000000 -1
0 -458.671692 167.270660 189.988022 0.000000 2.000000 -1
0 -458.671692 385.268646 189.988022 0.000000 1.000000 -1
0 -351.052063 167.270660 351.052063 1.000000 2.000000 -1
0 -351.052063 385.268646 351.052063 1.000000 1.000000 -1
0 -351.052063 167.270660 351.052063 -0.000000 2.000000 -1
0 -351.052063 385.268646 351.052063 -0.000000 1.000000 -1
0 -189.987991 167.270660 458.671692 1.000000 2.000000 -1
0 -189.987991 385.268646 458.671692 1.000000 1.000000 -1
0 -189.987991 167.270660 458.671692 0.000001 2.000000 -1
0 -189.987991 385.268646 458.671692 0.000001 1.000000 -1
0 0.000030 167.270660 496.462646 1.000000 2.000000 -1
0 0.000030 385.268646 496.462646 1.000000 1.000000 -1
0 189.988052 167.270660 458.671692 0.000000 2.000000 -1
0 189.988052 385.268646 458.671692 0.000000 1.000000 -1
0 189.988052 167.270660 458.671692 1.000000 2.000000 -1
0 189.988052 385.268646 458.671692 1.000000 1.000000 -1
0 351.052063 167.270660 351.052063 -0.000000 2.000000 -1
0 351.052063 385.268646 351.052063 -0.000000 1.000000 -1
0 351.052063 167.270660 351.052063 1.000000 2.000000 -1
0 351.052063 385.268646 351.052063 1.000000 1.000000 -1
0 458.671692 167.270660 189.988022 0.000000 2.000000 -1
0 458.671692 385.268646 189.988022 0.000000 1.000000 -1
0 458.671692 167.270660 189.988022 1.000000 2.000000 -1
0 458.671692 385.268646 189.988022 1.000000 1.000000 -1
0 496.462646 167.270660 -0.000003 0.000000 2.000000 -1
0 496.462646 385.268646 -0.000003 0.000000 1.000000 -1
0 458.671692 -268.725342 -189.988022 0.000000 1.000000 -1
0 458.671692 -486.723389 -189.988022 0.000000 2.000000 -1
0 496.462646 -268.725342 -0.000003 1.000000 1.000000 -1
0 496.462646 -486.723389 -0.000003 1.000000 2.000000 -1
0 351.052063 -268.725342 -351.052063 0.000000 1.000000 -1
0 351.052063 -486.723389 -351.052063 0.000000 2.000000 -1
0 458.671692 -268.725342 -189.988022 1.000000 1.000000 -1
0 458.671692 -486.723389 -189.988022 1.000000 2.000000 -1
0 189.988052 -268.725342 -458.671692 0.000000 1.000000 -1
0 189.988052 -486.723389 -458.671692 0.000000 2.000000 -1
0 351.052063 -268.725342 -351.052063 1.000000 1.000000 -1
0 351.052063 -486.723389 -351.052063 1.000000 2.000000 -1
0 -351.052063 -268.725342 -351.052063 1.000000 1.000000 -1
0 -351.052063 -486.723389 -351.052063 1.000000 2.000000 -1
0 -189.987991 -268.725342 -458.671692 0.000000 1.000000 -1
0 -189.987991 -486.723389 -458.671692 0.000000 2.000000 -1
0 -458.671692 -268.725342 -189.988022 1.000000 1.000000 -1
0 -458.671692 -486.723389 -189.988022 1.000000 2.000000 -1
0 -351.052063 -268.725342 -351.052063 0.000000 1.000000 -1
0 -351.052063 -486.723389 -351.052063 0.000000 2.000000 -1
0 -496.462646 -268.725342 -0.000003 1.000000 1.000000 -1
0 -496.462646 -486.723389 -0.000003 1.000000 2.000000 -1
0 -458.671692 -268.725342 -189.988022 -0.000000 1.000000 -1
0 -458.671692 -486.723389 -189.988022 -0.000000 2.000000 -1
0 -458.671692 -268.725342 189.988022 1.000000 1.000000 -1
0 -458.671692 -486.723389 189.988022 1.000000 2.000000 -1
0 -496.462646 -268.725342 -0.000003 -0.000000 1.000000 -1
0 -496.462646 -486.723389 -0.000003 -0.000000 2.000000 -1
0 -351.052063 -268.725342 351.052063 1.000000 1.000000 -1
0 -351.052063 -486.723389 351.052063 1.000000 2.000000 -1
0 -458.671692 -268.725342 189.988022 0.000000 1.000000 -1
0 -458.671692 -486.723389 189.988022 0.000000 2.000000 -1
0 -189.987991 -268.725342 458.671692 1.000000 1.000000 -1
0 -189.987991 -486.723389 458.671692 1.000000 2.000000 -1
0 -351.052063 -268.725342 351.052063 -0.000000 1.000000 -1
0 -351.052063 -486.723389 351.052063 -0.000000 2.000000 -1
0 0.000030 -268.725342 496.462646 1.000000 1.000000 -1
0 0.000030 -486.723389 496.462646 1.000000 2.000000 -1
0 -189.987991 -268.725342 458.671692 0.000001 1.000000 -1
0 -189.987991 -486.723389 458.671692 0.000001 2.000000 -1
0 189.988052 -268.725342 458.671692 0.000000 1.000000 -1
0 189.988052 -486.723389 458.671692 0.000000 2.000000 -1
0 351.052063 -268.725342 351.052063 -0.000000 1.000000 -1
0 351.052063 -486.723389 351.052063 -0.000000 2.000000 -1
0 189.988052 -268.725342 458.671692 1.000000 1.000000 -1
0 189.988052 -486.723389 458.671692 1.000000 2.000000 -1
0 458.671692 -268.725342 189.988022 0.000000 1.000000 -1
0 458.671692 -486.723389 189.988022 0.000000 2.000000 -1
0 351.052063 -268.725342 351.052063 1.000000 1.000000 -1
0 351.052063 -486.723389 351.052063 1.000000 2.000000 -1
0 496.462646 -268.725342 -0.000003 0.000000 1.000000 -1
0 496.462646 -486.723389 -0.000003 0.000000 2.000000 -1
0 458.671692 -268.725342 189.988022 1.000000 1.000000 -1
0 458.671692 -486.723389 189.988022 1.000000 2.000000 -1
0 458.671692 167.270660 -189.988022 0.000000 1.000000 -1
0 458.671692 -50.727341 -189.988022 0.000000 2.000000 -1
0 496.462646 167.270660 -0.000003 1.000000 1.000000 -1
0 496.462646 -50.727341 -0.000003 1.000000 2.000000 -1
0 351.052063 167.270660 -351.052063 0.000000 1.000000 -1
0 351.052063 -50.727341 -351.052063 0.000000 2.000000 -1
0 458.671692 167.270660 -189.988022 1.000000 1.000000 -1
0 458.671692 -50.727341 -189.988022 1.000000 2.000000 -1
0 189.988052 167.270660 -458.671692 0.000000 1.000000 -1
0 189.988052 -50.727341 -458.671692 0.000000 2.000000 -1
0 351.052063 167.270660 -351.052063 1.000000 1.000000 -1
0 351.052063 -50.727341 -351.052063 1.000000 2.000000 -1
0 0.000030 167.270660 -496.462646 0.000000 1.000000 -1
0 0.000030 -50.727341 -496.462646 0.000000 2.000000 -1
0 189.988052 167.270660 -458.671692 1.000000 1.000000 -1
0 189.988052 -50.727341 -458.671692 1.000000 2.000000 -1
0 -189.987991 167.270660 -458.671692 1.000000 1.000000 -1
0 -189.987991 -50.727341 -458.671692 1.000000 2.000000 -1
0 -351.052063 167.270660 -351.052063 1.000977 1.000000 -1
0 -351.052063 -50.727341 -351.052063 1.000977 2.000000 -1
0 -189.987991 167.270660 -458.671692 0.000000 1.000000 -1
0 -189.987991 -50.727341 -458.671692 0.000000 2.000000 -1
0 -458.671692 167.270660 -189.988022 1.000000 1.000000 -1
0 -458.671692 -50.727341 -189.988022 1.000000 2.000000 -1
0 -351.052063 167.270660 -351.052063 0.000000 1.000000 -1
0 -351.052063 -50.727341 -351.052063 0.000000 2.000000 -1
0 -496.462646 167.270660 -0.000003 1.000000 1.000000 -1
0 -496.462646 -50.727341 -0.000003 1.000000 2.000000 -1
0 -458.671692 167.270660 -189.988022 -0.000000 1.000000 -1
0 -458.671692 -50.727341 -189.988022 -0.000000 2.000000 -1
0 -458.671692 167.270660 189.988022 1.000000 1.000000 -1
0 -458.671692 -50.727341 189.988022 1.000000 2.000000 -1
0 -496.462646 167.270660 -0.000003 -0.000000 1.000000 -1
0 -496.462646 -50.727341 -0.000003 -0.000000 2.000000 -1
0 -351.052063 167.270660 351.052063 1.000000 1.000000 -1
0 -351.052063 -50.727341 351.052063 1.000000 2.000000 -1
0 -458.671692 167.270660 189.988022 0.000000 1.000000 -1
0 -458.671692 -50.727341 189.988022 0.000000 2.000000 -1
0 -189.987991 167.270660 458.671692 1.000000 1.000000 -1
0 -189.987991 -50.727341 458.671692 1.000000 2.000000 -1
0 -351.052063 167.270660 351.052063 -0.000000 1.000000 -1
0 -351.052063 -50.727341 351.052063 -0.000000 2.000000 -1
0 0.000030 167.270660 496.462646 1.000000 1.000000 -1
0 0.000030 -50.727341 496.462646 1.000000 2.000000 -1
0 -189.987991 167.270660 458.671692 -0.000260 1.000000 -1
0 -189.987991 -50.727341 458.671692 -0.000260 2.000000 -1
0 189.988052 167.270660 458.671692 0.000000 1.000000 -1
0 189.988052 -50.727341 458.671692 0.000000 2.000000 -1
0 351.052063 167.270660 351.052063 -0.000000 1.000000 -1
0 351.052063 -50.727341 351.052063 -0.000000 2.000000 -1
0 189.988052 167.270660 458.671692 1.000000 1.000000 -1
0 189.988052 -50.727341 458.671692 1.000000 2.000000 -1
0 458.671692 167.270660 189.988022 0.000000 1.000000 -1
0 458.671692 -50.727341 189.988022 0.000000 2.000000 -1
0 351.052063 167.270660 351.052063 1.000000 1.000000 -1
0 351.052063 -50.727341 351.052063 1.000000 2.000000 -1
0 496.462646 167.270660 -0.000003 -0.001276 1.000000 -1
0 496.462646 -50.727341 -0.000003 -0.001276 2.000000 -1
0 458.671692 167.270660 189.988022 1.000000 1.000000 -1
0 458.671692 -50.727341 189.988022 1.000000 2.000000 -1
0 496.462646 -268.725342 -0.000003 1.001953 2.000000 -1
0 496.462646 -50.727341 -0.000003 1.001953 1.000000 -1
0 458.671692 -268.725342 -189.988022 0.000000 2.000000 -1
0 458.671692 -50.727341 -189.988022 0.000000 1.000000 -1
0 458.671692 -268.725342 -189.988022 1.000000 2.000000 -1
0 458.671692 -50.727341 -189.988022 1.000000 1.000000 -1
0 351.052063 -268.725342 -351.052063 0.000000 2.000000 -1
0 351.052063 -50.727341 -351.052063 0.000000 1.000000 -1
0 351.052063 -268.725342 -351.052063 1.000000 2.000000 -1
0 351.052063 -50.727341 -351.052063 1.000000 1.000000 -1
0 189.988052 -268.725342 -458.671692 0.000000 2.000000 -1
0 189.988052 -50.727341 -458.671692 0.000000 1.000000 -1
0 189.988052 -268.725342 -458.671692 1.000000 2.000000 -1
0 189.988052 -50.727341 -458.671692 1.000000 1.000000 -1
0 0.000030 -268.725342 -496.462646 0.000000 2.000000 -1
0 0.000030 -50.727341 -496.462646 0.000000 1.000000 -1
0 0.000030 -268.725342 -496.462646 0.000000 1.999023 -1
0 -189.987991 -268.725342 -458.671692 1.001953 1.999023 -1
0 -189.987991 -50.727341 -458.671692 1.001953 1.000000 -1
0 -189.987991 -268.725342 -458.671692 0.000000 2.000000 -1
0 -189.987991 -50.727341 -458.671692 0.000000 1.000000 -1
0 -351.052063 -268.725342 -351.052063 1.000000 2.000000 -1
0 -351.052063 -50.727341 -351.052063 1.000000 1.000000 -1
0 -351.052063 -268.725342 -351.052063 0.000000 2.000000 -1
0 -351.052063 -50.727341 -351.052063 0.000000 1.000000 -1
0 -458.671692 -268.725342 -189.988022 1.000000 2.000000 -1
0 -458.671692 -50.727341 -189.988022 1.000000 1.000000 -1
0 -458.671692 -268.725342 -189.988022 -0.000000 2.000000 -1
0 -458.671692 -50.727341 -189.988022 -0.000000 1.000000 -1
0 -496.462646 -268.725342 -0.000003 1.000000 2.000000 -1
0 -496.462646 -50.727341 -0.000003 1.000000 1.000000 -1
0 -496.462646 -268.725342 -0.000003 -0.000000 2.000000 -1
0 -496.462646 -50.727341 -0.000003 -0.000000 1.000000 -1
0 -458.671692 -268.725342 189.988022 1.000000 2.000000 -1
0 -458.671692 -50.727341 189.988022 1.000000 1.000000 -1
0 -458.671692 -268.725342 189.988022 0.000000 2.000000 -1
0 -458.671692 -50.727341 189.988022 0.000000 1.000000 -1
0 -351.052063 -268.725342 351.052063 1.000000 2.000000 -1
0 -351.052063 -50.727341 351.052063 1.000000 1.000000 -1
0 -351.052063 -268.725342 351.052063 0.000923 2.000000 -1
0 -351.052063 -50.727341 351.052063 0.000923 1.000000 -1
0 -189.987991 -268.725342 458.671692 1.000000 2.000000 -1
0 -189.987991 -50.727341 458.671692 1.000000 1.000000 -1
0 -189.987991 -268.725342 458.671692 0.000001 2.000000 -1
0 -189.987991 -50.727341 458.671692 0.000001 1.000000 -1
0 0.000030 -268.725342 496.462646 1.000000 2.000000 -1
0 0.000030 -50.727341 496.462646 1.000000 1.000000 -1
0 189.988052 -268.725342 458.671692 0.000000 2.000000 -1
0 189.988052 -50.727341 458.671692 0.000000 1.000000 -1
0 189.988052 -268.725342 458.671692 1.000000 2.000000 -1
0 189.988052 -50.727341 458.671692 1.000000 1.000000 -1
0 351.052063 -268.725342 351.052063 -0.000000 2.000000 -1
0 351.052063 -50.727341 351.052063 -0.000000 1.000000 -1
0 351.052063 -268.725342 351.052063 1.000000 2.000000 -1
0 351.052063 -50.727341 351.052063 1.000000 1.000000 -1
0 458.671692 -268.725342 189.988022 0.000000 2.000000 -1
0 458.671692 -50.727341 189.988022 0.000000 1.000000 -1
0 458.671692 -268.725342 189.988022 1.000000 2.000000 -1
0 458.671692 -50.727341 189.988022 1.000000 1.000000 -1
0 496.462646 -268.725342 -0.000003 0.000000 2.000000 -1
0 496.462646 -50.727341 -0.000003 0.000000 1.000000 -1
0 351.052063 -486.723389 351.052063 0.304688 1.300537 -1
0 458.671692 -486.723389 189.988022 0.241699 1.394531 -1
0 0.000030 -486.723389 -0.000003 0.509766 1.505859 -1
0 496.462646 -486.723389 -0.000003 0.219604 1.505859 -1
0 189.988052 -486.723389 458.671692 0.398682 1.237549 -1
0 0.000030 -486.723389 496.462646 0.502930 1.209839 -1
0 -189.987991 -486.723389 458.671692 0.620605 1.237549 -1
0 -351.052063 -486.723389 351.052063 0.714844 1.300537 -1
0 -458.671692 -486.723389 189.988022 0.777832 1.394531 -1
0 -496.462646 -486.723389 -0.000003 0.799805 1.505859 -1
0 -458.671692 -486.723389 -189.988022 0.777832 1.616699 -1
0 -351.052063 -486.723389 -351.052063 0.714844 1.710938 -1
0 -189.987991 -486.723389 -458.671692 0.620605 1.773926 -1
0 0.000030 -486.723389 -496.462646 0.502930 1.790039 -1
0 189.988052 -486.723389 -458.671692 0.398682 1.773926 -1
0 351.052063 -486.723389 -351.052063 0.304688 1.710938 -1
0 458.671692 -486.723389 -189.988022 0.241699 1.616699 -1
0 189.988052 385.268646 -458.671692 0.398438 1.774414 -1
0 351.052063 385.268646 -351.052063 0.303955 1.711426 -1
0 0.000030 385.268646 -0.000003 0.509766 1.505859 -1
0 458.671692 385.268646 -189.988022 0.240845 1.617188 -1
0 0.000030 385.268646 -496.462646 0.502930 1.791016 -1
0 -189.987991 385.268646 -458.671692 0.621094 1.774414 -1
0 -351.052063 385.268646 -351.052063 0.715820 1.711426 -1
0 -458.671692 385.268646 -189.988022 0.778809 1.617188 -1
0 -496.462646 385.268646 -0.000003 0.800781 1.505859 -1
0 -458.671692 385.268646 189.988022 0.778809 1.394287 -1
0 -351.052063 385.268646 351.052063 0.715820 1.299805 -1
0 -189.987991 385.268646 458.671692 0.621094 1.236694 -1
0 0.000030 385.268646 496.462646 0.502930 1.208862 -1
0 189.988052 385.268646 458.671692 0.398438 1.236694 -1
0 351.052063 385.268646 351.052063 0.303955 1.299805 -1
0 458.671692 385.268646 189.988022 0.240845 1.394287 -1
0 496.462646 385.268646 -0.000003 0.218628 1.505859 -1
0 189.988052 -486.723389 -458.671692 1.000000 2.000000 -1
0 189.988052 -268.725342 -458.671692 1.000000 1.000000 -1
0 0.000030 -486.723389 -496.462646 0.000000 2.000000 -1
0 0.000030 -268.725342 -496.462646 0.000000 1.000000 -1
0 -189.987991 -486.723389 -458.671692 1.000000 2.000000 -1
0 -189.987991 -268.725342 -458.671692 1.000000 1.000000 -1
0 189.988052 167.270660 -458.671692 1.000000 2.000000 -1
0 189.988052 385.268646 -458.671692 1.000000 1.000000 -1
0 0.000030 167.270660 -496.462646 0.000000 2.000000 -1
0 0.000030 385.268646 -496.462646 0.000000 1.000000 -1
0 -189.987991 167.270660 -458.671692 1.000000 2.000000 -1
0 -189.987991 385.268646 -458.671692 1.000000 1.000000 -1
40
-0.980785 0.000000 0.195090
-0.831469 0.000000 0.555571
-0.555571 0.000000 0.831469
0.555570 0.000000 0.831469
0.831469 0.000000 0.555571
0.980785 0.000000 0.195090
0.980785 0.000000 -0.195090
0.831469 0.000000 -0.555571
0.555570 0.000000 -0.831469
0.195090 0.000000 -0.980785
0.066159 0.000000 -0.997809
-0.066159 0.000000 -0.997809
-0.195090 0.000000 -0.980785
-0.555571 0.000000 -0.831469
-0.831469 0.000000 -0.555571
-0.980785 0.000000 -0.195090
-0.980785 0.000000 0.195090
-0.831469 0.000000 0.555570
-0.555571 0.000000 0.831469
0.066159 0.000000 0.997809
-0.066159 0.000000 0.997809
-0.195090 0.000000 0.980785
0.195090 0.000000 0.980785
0.831469 0.000000 0.555570
0.980785 0.000000 0.195090
0.980785 0.000000 -0.195090
0.831469 0.000000 -0.555570
-0.066159 0.000000 -0.997809
0.066159 0.000000 -0.997809
0.195090 0.000000 -0.980785
-0.195090 0.000000 -0.980785
-0.555571 0.000000 -0.831469
-0.831469 0.000000 -0.555570
-0.980785 0.000000 -0.195090
0.000000 1.000000 0.000000
0.000000 -1.000000 0.000000
-0.195090 0.000000 0.980785
-0.066159 0.000000 0.997809
0.066159 0.000000 0.997809
0.195090 0.000000 0.980785
160
0 0 1 2 0 0 0 1
0 1 3 2 0 0 0 1
0 4 5 6 1 1 1 1
0 5 7 6 1 1 1 1
0 8 9 10 2 2 2 1
0 9 11 10 2 2 2 1
0 12 13 14 3 3 3 1
0 13 15 14 3 3 3 1
0 16 17 18 4 4 4 1
0 17 19 18 4 4 4 1
0 20 21 22 5 5 5 1
0 21 23 22 5 5 5 1
0 24 25 26 6 6 6 1
0 25 27 26 6 6 6 1
0 28 29 30 7 7 7 1
0 29 31 30 7 7 7 1
0 32 33 34 8 8 8 1
0 33 35 34 8 8 8 1
0 36 37 38 9 9 10 1
0 37 39 38 9 11 10 1
0 38 39 40 10 11 12 1
0 39 41 40 11 12 12 1
0 42 43 44 13 13 13 1
0 43 45 44 13 13 13 1
0 46 47 48 14 14 14 1
0 47 49 48 14 14 14 1
0 50 51 52 15 15 15 1
0 51 53 52 15 15 15 1
0 54 55 56 0 0 0 1
0 55 57 56 0 0 0 1
0 58 59 60 1 1 1 1
0 59 61 60 1 1 1 1
0 62 63 64 2 2 2 1
0 63 65 64 2 2 2 1
0 66 67 68 3 3 3 1
0 67 69 68 3 3 3 1
0 70 71 72 4 4 4 1
0 71 73 72 4 4 4 1
0 74 75 76 5 5 5 1
0 75 77 76 5 5 5 1
0 78 79 80 6 6 6 1
0 79 81 80 6 6 6 1
0 82 83 84 7 7 7 1
0 83 85 84 7 7 7 1
0 86 87 88 8 8 8 1
0 87 89 88 8 8 8 1
0 90 91 92 11 10 9 1
0 91 93 92 10 9 9 1
0 94 95 90 12 12 11 1
0 95 91 90 12 10 11 1
0 96 97 98 13 13 13 1
0 97 99 98 13 13 13 1
0 100 101 102 14 14 14 1
0 101 103 102 14 14 14 1
0 104 105 106 15 15 15 1
0 105 107 106 15 15 15 1
0 108 109 110 16 16 16 1
0 109 111 110 16 16 16 1
0 112 113 114 17 17 17 1
0 113 115 114 17 17 17 1
0 116 117 118 18 18 18 1
0 117 119 118 18 18 18 1
0 120 121 122 19 20 21 1
0 121 123 122 20 21 21 1
0 124 125 120 22 22 19 1
0 125 121 120 22 20 19 1
0 126 127 128 3 3 3 1
0 127 129 128 3 3 3 1
0 130 131 132 23 23 23 1
0 131 133 132 23 23 23 1
0 134 135 136 24 24 24 1
0 135 137 136 24 24 24 1
0 138 139 140 25 25 25 1
0 139 141 140 25 25 25 1
0 142 143 144 26 26 26 1
0 143 145 144 26 26 26 1
0 146 147 148 8 8 8 1
0 147 149 148 8 8 8 1
0 150 151 152 27 28 29 1
0 151 153 152 28 29 29 1
0 154 155 150 30 30 27 1
0 155 151 150 30 28 27 1
0 156 157 158 31 31 31 1
0 157 159 158 31 31 31 1
0 160 161 162 32 32 32 1
0 161 163 162 32 32 32 1
0 164 165 166 33 33 33 1
0 165 167 166 33 33 33 1
0 168 169 170 16 16 16 1
0 169 171 170 16 16 16 1
0 172 173 174 17 17 17 1
0 173 175 174 17 17 17 1
0 176 177 178 18 18 18 1
0 177 179 178 18 18 18 1
0 180 181 182 21 21 21 1
0 181 183 182 21 19 21 1
0 184 183 185 22 19 22 1
0 183 186 185 19 22 22 1
0 187 188 189 3 3 3 1
0 188 190 189 3 3 3 1
0 191 192 193 23 23 23 1
0 192 194 193 23 23 23 1
0 195 196 197 24 24 24 1
0 196 198 197 24 24 24 1
0 199 200 201 25 25 25 1
0 200 202 201 25 25 25 1
0 203 204 205 26 26 26 1
0 204 206 205 26 26 26 1
0 207 208 209 8 8 8 1
0 208 210 209 8 8 8 1
0 211 212 213 29 29 28 1
0 212 214 213 29 27 28 1
0 213 214 215 28 27 30 1
0 214 216 215 27 30 30 1
0 217 218 219 31 31 31 1
0 218 220 219 31 31 31 1
0 221 222 223 32 32 32 1
0 222 224 223 32 32 32 1
0 225 226 227 33 33 33 1
0 226 228 227 33 33 33 1
0 229 230 231 34 34 34 1
0 230 232 231 34 34 34 1
0 229 231 233 34 34 34 1
0 233 231 234 34 34 34 1
0 234 231 235 34 34 34 1
0 235 231 236 34 34 34 1
0 236 231 237 34 34 34 1
0 237 231 238 34 34 34 1
0 238 231 239 34 34 34 1
0 239 231 240 34 34 34 1
0 240 231 241 34 34 34 1
0 241 231 242 34 34 34 1
0 242 231 243 34 34 34 1
0 243 231 244 34 34 34 1
0 244 231 245 34 34 34 1
0 231 232 245 34 34 34 1
0 246 247 248 35 35 35 1
0 247 249 248 35 35 35 1
0 246 248 250 35 35 35 1
0 250 248 251 35 35 35 1
0 251 248 252 35 35 35 1
0 252 248 253 35 35 35 1
0 253 248 254 35 35 35 1
0 254 248 255 35 35 35 1
0 255 248 256 35 35 35 1
0 256 248 257 35 35 35 1
0 257 248 258 35 35 35 1
0 258 248 259 35 35 35 1
0 259 248 260 35 35 35 1
0 260 248 261 35 35 35 1
0 261 248 262 35 35 35 1
0 248 249 262 35 35 35 1
0 263 264 265 36 36 37 1
0 264 266 265 36 38 37 1
0 265 266 267 37 38 39 1
0 266 268 267 38 39 39 1
0 269 270 271 36 36 37 1
0 270 272 271 36 38 37 1
0 271 272 273 37 38 39 1
0 272 274 273 38 39 39 1

Materials: 1
"Tex_0006_0_dds"
1.000000 1.000000 1.000000 1.000000
0.800000 0.800000 0.800000 1.000000
0.494118 0.494118 0.494118 1.000000
1.000000 1.000000 1.000000 1.000000
0.000000
1.000000
"Tex_0006_0.png"
""

Bones: 0
GroupComments: 0
MaterialComments: 0
BoneComments: 0
ModelComment: 0
