// MilkShape 3D ASCII

Frames: 30
Frame: 1

Meshes: 1
"default" 0 0
53
0 0.000000 15.794020 35.335831 0.248413 1.569824 -1
0 2.544495 11.742359 32.757496 0.022064 1.976074 -1
0 -2.544506 11.742359 32.757500 0.474854 1.976074 -1
0 -2.792561 11.742359 33.005539 0.022064 1.976074 -1
0 -2.792559 11.742359 38.094563 0.474854 1.976074 -1
0 -0.214220 15.794020 35.550068 0.248413 1.569824 -1
0 2.792561 11.742359 33.005543 0.474854 1.976074 -1
0 0.214233 15.794020 35.550064 0.248413 1.569824 -1
0 2.792553 11.742359 38.094559 0.022064 1.976074 -1
0 -2.544502 11.742359 38.342636 0.022064 1.976074 -1
0 2.544492 11.742359 38.342609 0.474854 1.976074 -1
0 -0.000002 15.794020 35.764240 0.248413 1.569824 -1
0 -2.630767 11.501942 32.919300 0.482422 2.000000 -1
0 -2.792561 11.742359 33.005539 0.496826 1.976074 -1
0 2.792561 11.742359 33.005543 0.000000 1.976074 -1
0 2.630759 11.501942 32.919296 0.014389 2.000000 -1
0 -2.630770 11.501942 38.180828 0.482422 2.000000 -1
0 -2.544502 11.742359 38.342636 0.496826 1.976074 -1
0 2.630766 11.501942 38.180817 0.482422 2.000000 -1
0 2.792553 11.742359 38.094559 0.496826 1.976074 -1
0 -0.214220 15.794020 35.550068 0.267578 1.569824 -1
0 0.214233 15.794020 35.550064 0.229370 1.569824 -1
0 -2.792559 11.742359 38.094563 0.496826 1.976074 -1
0 -2.544502 11.742359 38.342636 0.474854 1.976074 -1
0 2.544492 11.742359 38.342609 0.022064 1.976074 -1
0 2.630766 11.501942 38.180817 0.014389 2.000000 -1
0 -2.630767 11.501942 32.919300 0.014389 2.000000 -1
0 2.630759 11.501942 32.919296 0.482422 2.000000 -1
0 2.792553 11.742359 38.094559 0.000000 1.976074 -1
0 -2.925007 25.144100 38.475060 0.503906 1.566406 -1
0 2.925012 25.144100 38.475056 0.503906 1.996094 -1
0 -2.925007 30.994095 38.475060 0.996094 1.566406 -1
0 2.925012 30.994095 38.475056 0.996094 1.996094 -1
0 2.924999 25.144100 32.625057 0.503906 1.566406 -1
0 -2.925016 25.144100 32.625057 0.996094 1.566406 -1
0 -2.925007 25.144100 38.475060 0.996094 1.996094 -1
0 2.925012 30.994095 38.475056 0.503906 1.566406 -1
0 2.924999 30.994095 32.625057 0.996094 1.566406 -1
0 2.924999 25.144100 32.625057 0.996094 1.996094 -1
0 -2.925016 25.144100 32.625057 0.503906 1.566406 -1
0 -2.925007 25.144100 38.475060 0.503906 1.996094 -1
0 -2.925016 30.994095 32.625057 0.996094 1.566406 -1
0 -2.925007 30.994095 38.475060 0.996094 1.996094 -1
0 -2.925007 30.994095 38.475060 0.503906 1.566406 -1
0 2.925012 30.994095 38.475056 0.503906 1.996094 -1
0 2.924999 30.994095 32.625057 0.996094 1.996094 -1
0 2.924999 30.994095 32.625057 0.503906 1.566406 -1
0 2.924999 25.144100 32.625057 0.503906 1.996094 -1
0 -2.925016 25.144100 32.625057 0.996094 1.996094 -1
0 2.630759 11.501942 32.919296 0.000000 1.562500 -1
0 2.630766 11.501942 38.180817 0.000000 2.000000 -1
0 -2.630767 11.501942 32.919300 0.500000 1.562500 -1
0 -2.630770 11.501942 38.180828 0.500000 2.000000 -1
36
-0.101945 0.877300 -0.468990
0.437174 0.274322 -0.856520
-0.310823 -0.033238 -0.949886
-0.999918 -0.012811 0.000000
-0.949603 -0.236895 0.205268
-0.843660 0.536877 0.000000
0.974206 -0.225659 0.000001
0.843662 0.536875 0.000001
0.999918 -0.012803 0.000002
0.000004 0.536883 0.843656
0.403130 0.186909 0.895852
0.101940 0.877290 0.469010
-0.375027 -0.421202 -0.825799
-0.644243 0.412172 -0.644256
0.684137 0.252670 -0.684189
0.247542 -0.478255 -0.842612
-0.449981 -0.560083 0.695575
-0.690302 -0.216864 0.690256
0.690268 -0.216843 0.690296
-0.460835 0.874087 0.153631
0.460822 0.874099 -0.153601
-0.527163 0.666511 0.527127
-0.459639 0.337751 0.821374
0.229826 -0.196259 0.953238
0.663869 -0.670146 0.331936
-0.829632 -0.558310 -0.000000
0.829616 -0.558335 -0.000001
0.527103 0.666511 0.527186
0.000001 0.000000 1.000000
0.577351 -0.577351 0.577349
0.000000 -1.000000 0.000000
1.000000 0.000000 -0.000002
-1.000000 0.000000 0.000002
-0.577351 0.577351 -0.577350
0.000000 1.000000 0.000000
0.000000 0.000000 -1.000000
40
0 0 1 2 0 1 2 1
0 3 4 5 3 4 5 1
0 6 7 8 6 7 8 1
0 9 10 11 9 10 11 1
0 2 12 13 2 12 13 1
0 14 15 1 14 15 1 1
0 4 16 17 4 16 17 1
0 10 18 19 10 18 18 1
0 2 13 0 2 13 0 1
0 13 20 0 13 19 0 1
0 0 21 1 0 20 1 1
0 21 14 1 20 14 1 1
0 22 23 20 21 22 19 1
0 23 11 20 22 11 19 1
0 23 16 24 22 16 23 1
0 16 25 24 16 24 23 1
0 16 4 26 16 4 25 1
0 4 3 26 4 3 25 1
0 12 2 15 12 2 15 1
0 2 1 15 2 1 15 1
0 27 6 25 26 6 24 1
0 6 8 25 6 8 24 1
0 21 11 28 20 11 27 1
0 11 24 28 11 23 27 1
0 29 30 31 28 29 28 1
0 30 32 31 29 28 28 1
0 33 30 34 30 29 30 1
0 30 35 34 29 30 30 1
0 36 30 37 31 29 31 1
0 30 38 37 29 31 31 1
0 39 40 41 32 32 33 1
0 40 42 41 32 32 33 1
0 43 44 41 34 34 33 1
0 44 45 41 34 34 33 1
0 46 47 41 35 35 33 1
0 47 48 41 35 35 33 1
0 49 50 51 30 30 30 1
0 50 52 51 30 30 30 1
0 20 11 0 19 11 0 1
0 11 21 0 11 20 0 1

Materials: 1
"Tex_0000_0_dds"
1.000000 1.000000 1.000000 1.000000
0.800000 0.800000 0.800000 1.000000
0.498039 0.498039 0.498039 1.000000
1.000000 1.000000 1.000000 1.000000
0.185600
1.000000
"Tex_0000_0.png"
""

Bones: 0
GroupComments: 0
MaterialComments: 0
BoneComments: 0
ModelComment: 0
