Meshes: 1
"Tex_0012_0_dds" 0 0
32
0 -269.235382 -134.518723 2.491343 0.937012 1.000760 -1
0 -95.256828 -285.504395 1.625469 0.071472 1.000760 -1
0 -197.439270 -98.647110 1.826990 0.808594 1.289551 -1
0 -69.855003 -209.369873 1.191946 0.188477 1.289551 -1
0 -95.256828 -285.504395 1.625469 0.937012 1.000760 -1
0 134.521896 -269.245361 -0.192619 0.071472 1.000760 -1
0 -69.855003 -209.369873 1.191946 0.808594 1.289551 -1
0 98.649399 -197.446579 -0.141323 0.188477 1.289551 -1
0 134.521896 -269.245361 -0.192619 0.937012 1.000760 -1
0 285.499542 -95.266068 -1.897926 0.071472 1.000760 -1
0 98.649399 -197.446579 -0.141323 0.808594 1.289551 -1
0 209.366318 -69.861816 -1.391790 0.188477 1.289551 -1
0 285.499542 -95.266068 -1.897926 0.937012 1.000760 -1
0 269.235382 134.518768 -2.491341 0.071472 1.000760 -1
0 209.366318 -69.861816 -1.391790 0.808594 1.289551 -1
0 197.439301 98.647095 -1.826981 0.188477 1.289551 -1
0 269.235382 134.518768 -2.491341 0.937012 1.000760 -1
0 95.256836 285.504395 -1.625206 0.071472 1.000760 -1
0 197.439301 98.647095 -1.826981 0.808594 1.289551 -1
0 69.855011 209.369843 -1.191820 0.188477 1.289551 -1
0 95.256836 285.504395 -1.625206 0.937012 1.000760 -1
0 -134.521896 269.245392 0.192846 0.071472 1.000760 -1
0 69.855011 209.369843 -1.191820 0.808594 1.289551 -1
0 -98.649384 197.446579 0.141436 0.188477 1.289551 -1
0 -134.521896 269.245392 0.192846 0.937012 1.000760 -1
0 -285.499542 95.266052 1.898052 0.071472 1.000760 -1
0 -98.649384 197.446579 0.141436 0.808594 1.289551 -1
0 -209.366302 69.861786 1.391914 0.188477 1.289551 -1
0 -285.499542 95.266052 1.898052 0.937012 1.000760 -1
0 -269.235382 -134.518723 2.491343 0.071472 1.000760 -1
0 -209.366302 69.861786 1.391914 0.808594 1.289551 -1
0 -197.439270 -98.647110 1.826990 0.188477 1.289551 -1
24
0.007691 0.003127 0.999966
0.007691 0.003127 0.999966
0.007692 0.003128 0.999966
0.007691 0.003128 0.999966
0.007691 0.003128 0.999966
0.007691 0.003128 0.999966
0.007690 0.003128 0.999966
0.007691 0.003127 0.999966
0.007691 0.003127 0.999966
0.007691 0.003127 0.999966
0.007691 0.003127 0.999966
0.007691 0.003127 0.999966
0.007691 0.003126 0.999966
0.007691 0.003126 0.999966
0.007691 0.003126 0.999966
0.007691 0.003126 0.999966
0.007691 0.003126 0.999966
0.007691 0.003127 0.999966
0.007691 0.003127 0.999966
0.007691 0.003127 0.999966
0.007691 0.003127 0.999966
0.007691 0.003126 0.999966
0.007691 0.003126 0.999966
0.007691 0.003126 0.999966
16
0 0 1 2 0 1 1 1
0 1 3 2 1 2 1 1
0 4 5 6 3 4 4 1
0 5 7 6 4 5 4 1
0 8 9 10 6 7 7 1
0 9 11 10 7 8 7 1
0 12 13 14 9 10 10 1
0 13 15 14 10 11 10 1
0 16 17 18 12 13 13 1
0 17 19 18 13 14 13 1
0 20 21 22 15 16 16 1
0 21 23 22 16 17 16 1
0 24 25 26 18 19 19 1
0 25 27 26 19 20 19 1
0 28 29 30 21 22 22 1
0 29 31 30 22 23 22 1

Materials: 1
"Tex_0012_0_dds"
1.000000 1.000000 1.000000 1.000000
0.800000 0.800000 0.800000 1.000000
0.494118 0.494118 0.494118 1.000000
1.000000 1.000000 1.000000 1.000000
0.185600
1.000000
"Tex_0012_0.png"
""

Bones: 0
GroupComments: 0
MaterialComments: 0
BoneComments: 0
ModelComment: 0
