Meshes: 1
"Duplicate05" 0 0
288
0 -29.201706 88.706764 54.588821 0.003906 1.993652 -1
0 -29.343756 88.289886 54.867630 0.003906 1.004757 -1
0 33.601978 88.706764 51.297440 0.996094 1.993652 -1
0 33.772388 88.289886 51.559830 0.996094 1.004757 -1
0 -28.917616 88.706764 54.031265 0.003906 1.004757 -1
0 33.261162 88.706764 50.772598 0.996094 1.004757 -1
0 -28.775566 88.289886 53.752518 0.003906 1.993652 -1
0 33.090748 88.289886 50.510208 0.996094 1.993652 -1
0 -28.917616 87.873009 54.031265 0.003906 1.004757 -1
0 33.261162 87.873009 50.772598 0.996094 1.004757 -1
0 -29.201706 87.873009 54.588821 0.003906 1.993652 -1
0 33.601978 87.873009 51.297440 0.996094 1.993652 -1
0 33.601978 88.706764 51.297440 0.003906 1.993652 -1
0 33.772388 88.289886 51.559830 0.003906 1.004757 -1
0 62.153366 88.706764 -4.737900 0.996094 1.993652 -1
0 62.465820 88.289886 -4.754257 0.996094 1.004757 -1
0 33.261162 88.706764 50.772598 0.003906 1.004757 -1
0 61.528458 88.706764 -4.705124 0.996094 1.004757 -1
0 33.090748 88.289886 50.510208 0.003906 1.993652 -1
0 61.216000 88.289886 -4.688767 0.996094 1.993652 -1
0 33.261162 87.873009 50.772598 0.003906 1.004757 -1
0 61.528458 87.873009 -4.705124 0.996094 1.004757 -1
0 33.601978 87.873009 51.297440 0.003906 1.993652 -1
0 62.153366 87.873009 -4.737900 0.996094 1.993652 -1
0 62.153366 88.706764 -4.737900 0.003906 1.993652 -1
0 62.465820 88.289886 -4.754257 0.003906 1.004757 -1
0 27.901066 88.706764 -57.481735 0.996094 1.993652 -1
0 28.043114 88.289886 -57.760544 0.996094 1.004757 -1
0 61.528458 88.706764 -4.705124 0.003906 1.004757 -1
0 27.616974 88.706764 -56.924179 0.996094 1.004757 -1
0 61.216000 88.289886 -4.688767 0.003906 1.993652 -1
0 27.474926 88.289886 -56.645432 0.996094 1.993652 -1
0 61.528458 87.873009 -4.705124 0.003906 1.004757 -1
0 27.616974 87.873009 -56.924179 0.996094 1.004757 -1
0 62.153366 87.873009 -4.737900 0.003906 1.993652 -1
0 27.901066 87.873009 -57.481735 0.996094 1.993652 -1
0 27.901066 88.706764 -57.481735 0.003906 1.993652 -1
0 28.043114 88.289886 -57.760544 0.003906 1.004757 -1
0 -34.902622 88.706764 -54.190353 0.996094 1.993652 -1
0 -35.073029 88.289886 -54.452744 0.996094 1.004757 -1
0 27.616974 88.706764 -56.924179 0.003906 1.004757 -1
0 -34.561802 88.706764 -53.665512 0.996094 1.004757 -1
0 27.474926 88.289886 -56.645432 0.003906 1.993652 -1
0 -34.391388 88.289886 -53.403122 0.996094 1.993652 -1
0 27.616974 87.873009 -56.924179 0.003906 1.004757 -1
0 -34.561802 87.873009 -53.665512 0.996094 1.004757 -1
0 27.901066 87.873009 -57.481735 0.003906 1.993652 -1
0 -34.902622 87.873009 -54.190353 0.996094 1.993652 -1
0 -34.902622 88.706764 -54.190353 0.003906 1.993652 -1
0 -35.073029 88.289886 -54.452744 0.003906 1.004757 -1
0 -63.454002 88.706764 1.844925 0.996094 1.993652 -1
0 -63.766457 88.289886 1.861343 0.996094 1.004757 -1
0 -34.561802 88.706764 -53.665512 0.003906 1.004757 -1
0 -62.829094 88.706764 1.812210 0.996094 1.004757 -1
0 -34.391388 88.289886 -53.403122 0.003906 1.993652 -1
0 -62.516636 88.289886 1.795853 0.996094 1.993652 -1
0 -34.561802 87.873009 -53.665512 0.003906 1.004757 -1
0 -62.829094 87.873009 1.812210 0.996094 1.004757 -1
0 -34.902622 87.873009 -54.190353 0.003906 1.993652 -1
0 -63.454002 87.873009 1.844925 0.996094 1.993652 -1
0 -63.454002 88.706764 1.844925 0.003906 1.993652 -1
0 -63.766457 88.289886 1.861343 0.003906 1.004757 -1
0 -29.201706 88.706764 54.588821 0.996094 1.993652 -1
0 -29.343756 88.289886 54.867630 0.996094 1.004757 -1
0 -62.829094 88.706764 1.812210 0.003906 1.004757 -1
0 -28.917616 88.706764 54.031265 0.996094 1.004757 -1
0 -62.516636 88.289886 1.795853 0.003906 1.993652 -1
0 -28.775566 88.289886 53.752518 0.996094 1.993652 -1
0 -62.829094 87.873009 1.812210 0.003906 1.004757 -1
0 -28.917616 87.873009 54.031265 0.996094 1.004757 -1
0 -63.454002 87.873009 1.844925 0.003906 1.993652 -1
0 -29.201706 87.873009 54.588821 0.996094 1.993652 -1
0 -37.271027 114.646965 70.425797 0.003906 1.993652 -1
0 -37.453209 114.112274 70.783340 0.003906 1.004757 -1
0 43.282509 114.646965 66.204117 0.996094 1.993652 -1
0 43.501083 114.112274 66.540726 0.996094 1.004757 -1
0 -36.906639 114.646965 69.710648 0.003906 1.004757 -1
0 42.845371 114.646965 65.530960 0.996094 1.004757 -1
0 -36.724445 114.112274 69.353043 0.003906 1.993652 -1
0 42.626801 114.112274 65.194412 0.996094 1.993652 -1
0 -36.906639 113.577583 69.710648 0.003906 1.004757 -1
0 42.845371 113.577583 65.530960 0.996094 1.004757 -1
0 -37.271027 113.577583 70.425797 0.003906 1.993652 -1
0 43.282509 113.577583 66.204117 0.996094 1.993652 -1
0 43.282509 114.646965 66.204117 0.003906 1.993652 -1
0 43.501083 114.112274 66.540726 0.003906 1.004757 -1
0 79.903214 114.646965 -5.668137 0.996094 1.993652 -1
0 80.303986 114.112274 -5.689133 0.996094 1.004757 -1
0 42.845371 114.646965 65.530960 0.003906 1.004757 -1
0 79.101700 114.646965 -5.626145 0.996094 1.004757 -1
0 42.626801 114.112274 65.194412 0.003906 1.993652 -1
0 78.700928 114.112274 -5.605148 0.996094 1.993652 -1
0 42.845371 113.577583 65.530960 0.003906 1.004757 -1
0 79.101700 113.577583 -5.626145 0.996094 1.004757 -1
0 43.282509 113.577583 66.204117 0.003906 1.993652 -1
0 79.903214 113.577583 -5.668137 0.996094 1.993652 -1
0 79.903214 114.646965 -5.668137 0.003906 1.993652 -1
0 80.303986 114.112274 -5.689133 0.003906 1.004757 -1
0 35.970383 114.646965 -73.318710 0.996094 1.993652 -1
0 36.152569 114.112274 -73.676254 0.996094 1.004757 -1
0 79.101700 114.646965 -5.626145 0.003906 1.004757 -1
0 35.605999 114.646965 -72.603561 0.996094 1.004757 -1
0 78.700928 114.112274 -5.605148 0.003906 1.993652 -1
0 35.423805 114.112274 -72.246017 0.996094 1.993652 -1
0 79.101700 113.577583 -5.626145 0.003906 1.004757 -1
0 35.605999 113.577583 -72.603561 0.996094 1.004757 -1
0 79.903214 113.577583 -5.668137 0.003906 1.993652 -1
0 35.970383 113.577583 -73.318710 0.996094 1.993652 -1
0 35.970383 114.646965 -73.318710 0.003906 1.993652 -1
0 36.152569 114.112274 -73.676254 0.003906 1.004757 -1
0 -44.583145 114.646965 -69.097031 0.996094 1.993652 -1
0 -44.801720 114.112274 -69.433640 0.996094 1.004757 -1
0 35.605999 114.646965 -72.603561 0.003906 1.004757 -1
0 -44.146008 114.646965 -68.423874 0.996094 1.004757 -1
0 35.423805 114.112274 -72.246017 0.003906 1.993652 -1
0 -43.927437 114.112274 -68.087326 0.996094 1.993652 -1
0 35.605999 113.577583 -72.603561 0.003906 1.004757 -1
0 -44.146008 113.577583 -68.423874 0.996094 1.004757 -1
0 35.970383 113.577583 -73.318710 0.003906 1.993652 -1
0 -44.583145 113.577583 -69.097031 0.996094 1.993652 -1
0 -44.583145 114.646965 -69.097031 0.003906 1.993652 -1
0 -44.801720 114.112274 -69.433640 0.003906 1.004757 -1
0 -81.203842 114.646965 2.775223 0.996094 1.993652 -1
0 -81.604614 114.112274 2.796219 0.996094 1.004757 -1
0 -44.146008 114.646965 -68.423874 0.003906 1.004757 -1
0 -80.402313 114.646965 2.733231 0.996094 1.004757 -1
0 -43.927437 114.112274 -68.087326 0.003906 1.993652 -1
0 -80.001556 114.112274 2.712173 0.996094 1.993652 -1
0 -44.146008 113.577583 -68.423874 0.003906 1.004757 -1
0 -80.402313 113.577583 2.733231 0.996094 1.004757 -1
0 -44.583145 113.577583 -69.097031 0.003906 1.993652 -1
0 -81.203842 113.577583 2.775223 0.996094 1.993652 -1
0 -81.203842 114.646965 2.775223 0.003906 1.993652 -1
0 -81.604614 114.112274 2.796219 0.003906 1.004757 -1
0 -37.271027 114.646965 70.425797 0.996094 1.993652 -1
0 -37.453209 114.112274 70.783340 0.996094 1.004757 -1
0 -80.402313 114.646965 2.733231 0.003906 1.004757 -1
0 -36.906639 114.646965 69.710648 0.996094 1.004757 -1
0 -80.001556 114.112274 2.712173 0.003906 1.993652 -1
0 -36.724445 114.112274 69.353043 0.996094 1.993652 -1
0 -80.402313 113.577583 2.733231 0.003906 1.004757 -1
0 -36.906639 113.577583 69.710648 0.996094 1.004757 -1
0 -81.203842 113.577583 2.775223 0.003906 1.993652 -1
0 -37.271027 113.577583 70.425797 0.996094 1.993652 -1
0 -33.462711 -99.175774 62.951553 0.003906 1.993652 -1
0 -33.625957 -99.654839 63.271927 0.003906 1.004757 -1
0 38.713783 -99.175774 59.168900 0.996094 1.993652 -1
0 38.909618 -99.654839 59.470474 0.996094 1.004757 -1
0 -33.136215 -99.175774 62.310745 0.003906 1.004757 -1
0 38.322105 -99.175774 58.565750 0.996094 1.004757 -1
0 -32.972969 -99.654839 61.990372 0.003906 1.993652 -1
0 38.126259 -99.654839 58.264175 0.996094 1.993652 -1
0 -33.136215 -100.133934 62.310745 0.003906 1.004757 -1
0 38.322105 -100.133934 58.565750 0.996094 1.004757 -1
0 -33.462711 -100.133934 62.951553 0.003906 1.993652 -1
0 38.713783 -100.133934 59.168900 0.996094 1.993652 -1
0 38.713783 -99.175774 59.168900 0.003906 1.993652 -1
0 38.909618 -99.654839 59.470474 0.003906 1.004757 -1
0 71.526169 -99.175774 -5.229111 0.996094 1.993652 -1
0 71.885269 -99.654839 -5.247910 0.996094 1.004757 -1
0 38.322105 -99.175774 58.565750 0.003906 1.004757 -1
0 70.808014 -99.175774 -5.191452 0.996094 1.004757 -1
0 38.126259 -99.654839 58.264175 0.003906 1.993652 -1
0 70.448914 -99.654839 -5.172653 0.996094 1.993652 -1
0 38.322105 -100.133934 58.565750 0.003906 1.004757 -1
0 70.808014 -100.133934 -5.191452 0.996094 1.004757 -1
0 38.713783 -100.133934 59.168900 0.003906 1.993652 -1
0 71.526169 -100.133934 -5.229111 0.996094 1.993652 -1
0 71.526169 -99.175774 -5.229111 0.003906 1.993652 -1
0 71.885269 -99.654839 -5.247910 0.003906 1.004757 -1
0 32.162071 -99.175774 -65.844467 0.996094 1.993652 -1
0 32.325314 -99.654839 -66.164841 0.996094 1.004757 -1
0 70.808014 -99.175774 -5.191452 0.003906 1.004757 -1
0 31.835575 -99.175774 -65.203659 0.996094 1.004757 -1
0 70.448914 -99.654839 -5.172653 0.003906 1.993652 -1
0 31.672329 -99.654839 -64.883286 0.996094 1.993652 -1
0 70.808014 -100.133934 -5.191452 0.003906 1.004757 -1
0 31.835575 -100.133934 -65.203659 0.996094 1.004757 -1
0 71.526169 -100.133934 -5.229111 0.003906 1.993652 -1
0 32.162071 -100.133934 -65.844467 0.996094 1.993652 -1
0 32.162071 -99.175774 -65.844467 0.003906 1.993652 -1
0 32.325314 -99.654839 -66.164841 0.003906 1.004757 -1
0 -40.014420 -99.175774 -62.061813 0.996094 1.993652 -1
0 -40.210258 -99.654839 -62.363388 0.996094 1.004757 -1
0 31.835575 -99.175774 -65.203659 0.003906 1.004757 -1
0 -39.622746 -99.175774 -61.458664 0.996094 1.004757 -1
0 31.672329 -99.654839 -64.883286 0.003906 1.993652 -1
0 -39.426899 -99.654839 -61.157150 0.996094 1.993652 -1
0 31.835575 -100.133934 -65.203659 0.003906 1.004757 -1
0 -39.622746 -100.133934 -61.458664 0.996094 1.004757 -1
0 32.162071 -100.133934 -65.844467 0.003906 1.993652 -1
0 -40.014420 -100.133934 -62.061813 0.996094 1.993652 -1
0 -40.014420 -99.175774 -62.061813 0.003906 1.993652 -1
0 -40.210258 -99.654839 -62.363388 0.003906 1.004757 -1
0 -72.826797 -99.175774 2.336136 0.996094 1.993652 -1
0 -73.185898 -99.654839 2.354996 0.996094 1.004757 -1
0 -39.622746 -99.175774 -61.458664 0.003906 1.004757 -1
0 -72.108627 -99.175774 2.298538 0.996094 1.004757 -1
0 -39.426899 -99.654839 -61.157150 0.003906 1.993652 -1
0 -71.749542 -99.654839 2.279739 0.996094 1.993652 -1
0 -39.622746 -100.133934 -61.458664 0.003906 1.004757 -1
0 -72.108627 -100.133934 2.298538 0.996094 1.004757 -1
0 -40.014420 -100.133934 -62.061813 0.003906 1.993652 -1
0 -72.826797 -100.133934 2.336136 0.996094 1.993652 -1
0 -72.826797 -99.175774 2.336136 0.003906 1.993652 -1
0 -73.185898 -99.654839 2.354996 0.003906 1.004757 -1
0 -33.462711 -99.175774 62.951553 0.996094 1.993652 -1
0 -33.625957 -99.654839 63.271927 0.996094 1.004757 -1
0 -72.108627 -99.175774 2.298538 0.003906 1.004757 -1
0 -33.136215 -99.175774 62.310745 0.996094 1.004757 -1
0 -71.749542 -99.654839 2.279739 0.003906 1.993652 -1
0 -32.972969 -99.654839 61.990372 0.996094 1.993652 -1
0 -72.108627 -100.133934 2.298538 0.003906 1.004757 -1
0 -33.136215 -100.133934 62.310745 0.996094 1.004757 -1
0 -72.826797 -100.133934 2.336136 0.003906 1.993652 -1
0 -33.462711 -100.133934 62.951553 0.996094 1.993652 -1
0 -25.061085 -74.069534 46.625992 0.003906 1.989258 -1
0 -25.182205 -74.424995 46.863724 0.003906 1.000667 -1
0 28.490030 -74.069534 43.819473 0.996094 1.989258 -1
0 28.635334 -74.424995 44.043228 0.996094 1.000667 -1
0 -24.818846 -74.069534 46.150589 0.003906 1.000667 -1
0 28.199425 -74.069534 43.371964 0.996094 1.000667 -1
0 -24.697727 -74.424995 45.912857 0.003906 1.989258 -1
0 28.054119 -74.424995 43.148209 0.996094 1.989258 -1
0 -24.818846 -74.780457 46.150589 0.003906 1.000667 -1
0 28.199425 -74.780457 43.371964 0.996094 1.000667 -1
0 -25.061085 -74.780457 46.625992 0.003906 1.989258 -1
0 28.490030 -74.780457 43.819473 0.996094 1.989258 -1
0 28.490030 -74.069534 43.819473 0.003906 1.989258 -1
0 28.635334 -74.424995 44.043228 0.003906 1.000667 -1
0 52.835079 -74.069534 -3.960434 0.996094 1.989258 -1
0 53.101501 -74.424995 -3.974411 0.996094 1.000667 -1
0 28.199425 -74.069534 43.371964 0.003906 1.000667 -1
0 52.302235 -74.069534 -3.932480 0.996094 1.000667 -1
0 28.054119 -74.424995 43.148209 0.003906 1.989258 -1
0 52.035812 -74.424995 -3.918503 0.996094 1.989258 -1
0 28.199425 -74.780457 43.371964 0.003906 1.000667 -1
0 52.302235 -74.780457 -3.932480 0.996094 1.000667 -1
0 28.490030 -74.780457 43.819473 0.003906 1.989258 -1
0 52.835079 -74.780457 -3.960434 0.996094 1.989258 -1
0 52.835079 -74.069534 -3.960434 0.003906 1.989258 -1
0 53.101501 -74.424995 -3.974411 0.003906 1.000667 -1
0 23.629009 -74.069534 -48.933762 0.996094 1.989258 -1
0 23.750124 -74.424995 -49.171494 0.996094 1.000667 -1
0 52.302235 -74.069534 -3.932480 0.003906 1.000667 -1
0 23.386768 -74.069534 -48.458359 0.996094 1.000667 -1
0 52.035812 -74.424995 -3.918503 0.003906 1.989258 -1
0 23.265650 -74.424995 -48.220627 0.996094 1.989258 -1
0 52.302235 -74.780457 -3.932480 0.003906 1.000667 -1
0 23.386768 -74.780457 -48.458359 0.996094 1.000667 -1
0 52.835079 -74.780457 -3.960434 0.003906 1.989258 -1
0 23.629009 -74.780457 -48.933762 0.996094 1.989258 -1
0 23.629009 -74.069534 -48.933762 0.003906 1.989258 -1
0 23.750124 -74.424995 -49.171494 0.003906 1.000667 -1
0 -29.922115 -74.069534 -46.127243 0.996094 1.989258 -1
0 -30.067415 -74.424995 -46.350998 0.996094 1.000667 -1
0 23.386768 -74.069534 -48.458359 0.003906 1.000667 -1
0 -29.631506 -74.069534 -45.679794 0.996094 1.000667 -1
0 23.265650 -74.424995 -48.220627 0.003906 1.989258 -1
0 -29.486202 -74.424995 -45.456039 0.996094 1.989258 -1
0 23.386768 -74.780457 -48.458359 0.003906 1.000667 -1
0 -29.631506 -74.780457 -45.679794 0.996094 1.000667 -1
0 23.629009 -74.780457 -48.933762 0.003906 1.989258 -1
0 -29.922115 -74.780457 -46.127243 0.996094 1.989258 -1
0 -29.922115 -74.069534 -46.127243 0.003906 1.989258 -1
0 -30.067415 -74.424995 -46.350998 0.003906 1.000667 -1
0 -54.267159 -74.069534 1.652603 0.996094 1.989258 -1
0 -54.533581 -74.424995 1.666580 0.996094 1.000667 -1
0 -29.631506 -74.069534 -45.679794 0.003906 1.000667 -1
0 -53.734310 -74.069534 1.624710 0.996094 1.000667 -1
0 -29.486202 -74.424995 -45.456039 0.003906 1.989258 -1
0 -53.467888 -74.424995 1.610733 0.996094 1.989258 -1
0 -29.631506 -74.780457 -45.679794 0.003906 1.000667 -1
0 -53.734310 -74.780457 1.624710 0.996094 1.000667 -1
0 -29.922115 -74.780457 -46.127243 0.003906 1.989258 -1
0 -54.267159 -74.780457 1.652603 0.996094 1.989258 -1
0 -54.267159 -74.069534 1.652603 0.003906 1.989258 -1
0 -54.533581 -74.424995 1.666580 0.003906 1.000667 -1
0 -25.061085 -74.069534 46.625992 0.996094 1.989258 -1
0 -25.182205 -74.424995 46.863724 0.996094 1.000667 -1
0 -53.734310 -74.069534 1.624710 0.003906 1.000667 -1
0 -24.818846 -74.069534 46.150589 0.996094 1.000667 -1
0 -53.467888 -74.424995 1.610733 0.003906 1.989258 -1
0 -24.697727 -74.424995 45.912857 0.996094 1.989258 -1
0 -53.734310 -74.780457 1.624710 0.003906 1.000667 -1
0 -24.818846 -74.780457 46.150589 0.996094 1.000667 -1
0 -54.267159 -74.780457 1.652603 0.003906 1.989258 -1
0 -25.061085 -74.780457 46.625992 0.996094 1.989258 -1
288
0.016376 0.949788 0.312466
0.051149 0.211744 0.975986
0.032752 0.779975 0.624953
0.051149 -0.211763 0.975982
-0.032754 0.779952 -0.624981
-0.016377 0.949781 -0.312486
-0.051150 -0.211735 -0.975988
-0.051150 0.211727 -0.975990
-0.016377 -0.949778 -0.312495
-0.032754 -0.779952 -0.624981
0.032752 -0.779975 0.624953
0.016377 -0.949781 0.312487
0.278806 0.949783 0.142058
0.870802 0.211753 0.443695
0.557605 0.779971 0.284114
0.870803 -0.211747 0.443696
-0.557603 0.779974 -0.284112
-0.278798 0.949785 -0.142055
-0.870801 -0.211756 -0.443695
-0.870802 0.211749 -0.443695
-0.278804 -0.949783 -0.142058
-0.557603 -0.779974 -0.284112
0.557605 -0.779971 0.284114
0.278800 -0.949785 0.142055
0.262431 0.949782 -0.170425
0.819651 0.211758 -0.532288
0.524851 0.779973 -0.340842
0.819653 -0.211746 -0.532290
-0.524863 0.779962 0.340850
-0.262433 0.949781 0.170426
-0.819655 -0.211738 0.532290
-0.819654 0.211743 0.532290
-0.262429 -0.949782 0.170424
-0.524863 -0.779962 0.340850
0.524851 -0.779973 -0.340842
0.262420 -0.949786 -0.170418
-0.016376 0.949788 -0.312466
-0.051149 0.211744 -0.975986
-0.032752 0.779975 -0.624953
-0.051149 -0.211763 -0.975982
0.032754 0.779952 0.624981
0.016377 0.949781 0.312486
0.051150 -0.211735 0.975988
0.051150 0.211727 0.975990
0.016377 -0.949778 0.312495
0.032754 -0.779952 0.624981
-0.032752 -0.779975 -0.624953
-0.016377 -0.949781 -0.312487
-0.278807 0.949782 -0.142059
-0.870805 0.211736 -0.443697
-0.557618 0.779960 -0.284120
-0.870804 -0.211741 -0.443696
0.557603 0.779974 0.284112
0.278798 0.949785 0.142055
0.870801 -0.211756 0.443695
0.870802 0.211749 0.443695
0.278804 -0.949783 0.142058
0.557603 -0.779974 0.284112
-0.557618 -0.779960 -0.284120
-0.278811 -0.949780 -0.142061
-0.262418 0.949787 0.170416
-0.819650 0.211763 0.532287
-0.524837 0.779986 0.340833
-0.819650 -0.211766 0.532287
0.524862 0.779962 -0.340850
0.262433 0.949781 -0.170426
0.819655 -0.211739 -0.532290
0.819654 0.211743 -0.532290
0.262429 -0.949782 -0.170424
0.524862 -0.779962 -0.340850
-0.524837 -0.779986 0.340833
-0.262420 -0.949786 0.170417
0.016377 0.949781 0.312487
0.051149 0.211767 0.975981
0.032752 0.779977 0.624950
0.051149 -0.211744 0.975986
-0.032753 0.779977 -0.624950
-0.016377 0.949782 -0.312485
-0.051150 -0.211746 -0.975985
-0.051149 0.211765 -0.975981
-0.016376 -0.949788 -0.312465
-0.032753 -0.779977 -0.624951
0.032752 -0.779977 0.624950
0.016376 -0.949789 0.312463
0.278794 0.949787 0.142053
0.870800 0.211760 0.443694
0.557592 0.779983 0.284107
0.870800 -0.211763 0.443694
-0.557602 0.779974 -0.284112
-0.278798 0.949785 -0.142054
-0.870801 -0.211756 -0.443695
-0.870802 0.211749 -0.443695
-0.278805 -0.949783 -0.142058
-0.557602 -0.779974 -0.284112
0.557592 -0.779983 0.284107
0.278798 -0.949785 0.142054
0.262424 0.949785 -0.170420
0.819654 0.211743 -0.532290
0.524855 0.779969 -0.340845
0.819652 -0.211752 -0.532289
-0.524853 0.779971 0.340844
-0.262429 0.949782 0.170424
-0.819653 -0.211746 0.532290
-0.819652 0.211753 0.532289
-0.262424 -0.949785 0.170420
-0.524853 -0.779971 0.340844
0.524855 -0.779969 -0.340845
0.262431 -0.949782 -0.170425
-0.016377 0.949781 -0.312487
-0.051149 0.211767 -0.975981
-0.032752 0.779977 -0.624950
-0.051149 -0.211744 -0.975986
0.032754 0.779959 0.624973
0.016377 0.949782 0.312485
0.051150 -0.211739 0.975987
0.051150 0.211736 0.975987
0.016377 -0.949781 0.312488
0.032754 -0.779959 0.624973
-0.032752 -0.779977 -0.624950
-0.016376 -0.949789 -0.312463
-0.278795 0.949787 -0.142053
-0.870800 0.211760 -0.443694
-0.557592 0.779983 -0.284107
-0.870800 -0.211763 -0.443694
0.557616 0.779962 0.284119
0.278811 0.949780 0.142061
0.870805 -0.211737 0.443697
0.870803 0.211744 0.443696
0.278805 -0.949783 0.142058
0.557616 -0.779962 0.284119
-0.557592 -0.779983 -0.284107
-0.278798 -0.949785 -0.142054
-0.262424 0.949785 0.170420
-0.819654 0.211742 0.532290
-0.524856 0.779968 0.340846
-0.819652 -0.211751 0.532289
0.524837 0.779987 -0.340833
0.262419 0.949786 -0.170417
0.819650 -0.211764 -0.532287
0.819650 0.211766 -0.532287
0.262417 -0.949787 -0.170416
0.524837 -0.779987 -0.340833
-0.524856 -0.779968 0.340846
-0.262432 -0.949781 0.170426
0.016376 0.949784 0.312477
0.051149 0.211771 0.975980
0.032752 0.779980 0.624946
0.051150 -0.211734 0.975988
-0.032752 0.779981 -0.624946
-0.016376 0.949787 -0.312469
-0.051150 -0.211743 -0.975986
-0.051150 0.211763 -0.975982
-0.016377 -0.949781 -0.312485
-0.032753 -0.779968 -0.624962
0.032753 -0.779968 0.624962
0.016376 -0.949784 0.312477
0.278797 0.949786 0.142054
0.870796 0.211780 0.443693
0.557586 0.779989 0.284104
0.870804 -0.211742 0.443696
-0.557582 0.779993 -0.284102
-0.278788 0.949789 -0.142050
-0.870801 -0.211753 -0.443695
-0.870797 0.211776 -0.443693
-0.278801 -0.949784 -0.142056
-0.557596 -0.779980 -0.284109
0.557600 -0.779976 0.284111
0.278796 -0.949786 0.142053
0.262420 0.949786 -0.170418
0.819650 0.211764 -0.532287
0.524844 0.779980 -0.340838
0.819654 -0.211740 -0.532290
-0.524843 0.779981 0.340837
-0.262423 0.949785 0.170419
-0.819655 -0.211737 0.532291
-0.819649 0.211769 0.532287
-0.262427 -0.949783 0.170422
-0.524856 -0.779968 0.340846
0.524857 -0.779967 -0.340847
0.262430 -0.949782 -0.170424
-0.016376 0.949784 -0.312477
-0.051149 0.211771 -0.975980
-0.032752 0.779981 -0.624946
-0.051150 -0.211734 -0.975988
0.032753 0.779961 0.624971
0.016377 0.949779 0.312494
0.051150 -0.211711 0.975993
0.051149 0.211755 0.975983
0.016377 -0.949781 0.312485
0.032754 -0.779948 0.624987
-0.032753 -0.779968 -0.624962
-0.016376 -0.949784 -0.312477
-0.278796 0.949786 -0.142054
-0.870799 0.211766 -0.443694
-0.557594 0.779981 -0.284108
-0.870804 -0.211741 -0.443696
0.557597 0.779979 0.284109
0.278793 0.949787 0.142052
0.870804 -0.211742 0.443696
0.870800 0.211760 0.443694
0.278811 -0.949781 0.142061
0.557611 -0.779966 0.284117
-0.557609 -0.779969 -0.284116
-0.278806 -0.949782 -0.142058
-0.262409 0.949791 0.170410
-0.819649 0.211770 0.532286
-0.524831 0.779992 0.340829
-0.819651 -0.211758 0.532288
0.524847 0.779977 -0.340840
0.262423 0.949785 -0.170419
0.819655 -0.211736 -0.532291
0.819650 0.211762 -0.532288
0.262431 -0.949782 -0.170425
0.524860 -0.779964 -0.340849
-0.524845 -0.779979 0.340838
-0.262430 -0.949782 0.170424
0.016376 0.949787 0.312467
0.051150 0.211759 0.975983
0.032752 0.779984 0.624942
0.051150 -0.211766 0.975981
-0.032752 0.779984 -0.624942
-0.016376 0.949785 -0.312475
-0.051150 -0.211759 -0.975983
-0.051150 0.211766 -0.975981
-0.016376 -0.949787 -0.312467
-0.032752 -0.779984 -0.624942
0.032752 -0.779984 0.624942
0.016376 -0.949785 0.312475
0.278801 0.949784 0.142056
0.870803 0.211745 0.443696
0.557607 0.779970 0.284115
0.870802 -0.211751 0.443695
-0.557606 0.779971 -0.284115
-0.278806 0.949782 -0.142059
-0.870803 -0.211746 -0.443696
-0.870802 0.211752 -0.443696
-0.278800 -0.949785 -0.142056
-0.557606 -0.779970 -0.284115
0.557607 -0.779970 0.284115
0.278806 -0.949782 0.142059
0.262423 0.949785 -0.170420
0.819651 0.211757 -0.532289
0.524846 0.779978 -0.340839
0.819651 -0.211756 -0.532289
-0.524844 0.779979 0.340838
-0.262421 0.949786 0.170419
-0.819651 -0.211759 0.532288
-0.819651 0.211757 0.532288
-0.262423 -0.949785 0.170420
-0.524844 -0.779979 0.340838
0.524846 -0.779978 -0.340839
0.262423 -0.949785 -0.170420
-0.016376 0.949787 -0.312467
-0.051150 0.211759 -0.975983
-0.032752 0.779984 -0.624942
-0.051150 -0.211766 -0.975981
0.032752 0.779984 0.624942
0.016376 0.949785 0.312475
0.051149 -0.211758 0.975983
0.051149 0.211766 0.975981
0.016376 -0.949787 0.312467
0.032752 -0.779984 0.624942
-0.032752 -0.779984 -0.624942
-0.016376 -0.949785 -0.312475
-0.278803 0.949784 -0.142057
-0.870803 0.211745 -0.443696
-0.557609 0.779968 -0.284116
-0.870802 -0.211749 -0.443696
0.557607 0.779970 0.284115
0.278806 0.949782 0.142059
0.870803 -0.211745 0.443696
0.870802 0.211751 0.443695
0.278801 -0.949784 0.142056
0.557607 -0.779970 0.284115
-0.557609 -0.779968 -0.284116
-0.278806 -0.949782 -0.142059
-0.262423 0.949785 0.170420
-0.819651 0.211760 0.532288
-0.524844 0.779980 0.340838
-0.819651 -0.211757 0.532288
0.524844 0.779979 -0.340838
0.262421 0.949786 -0.170419
0.819651 -0.211759 -0.532288
0.819651 0.211757 -0.532288
0.262423 -0.949785 -0.170420
0.524844 -0.779979 -0.340838
-0.524844 -0.779980 0.340838
-0.262421 -0.949786 0.170418
288
0 0 1 2 0 1 2 1
0 1 3 2 1 3 2 1
0 4 0 5 4 0 5 1
0 0 2 5 0 2 5 1
0 6 4 7 6 4 7 1
0 4 5 7 4 5 7 1
0 8 6 9 8 6 9 1
0 6 7 9 6 7 9 1
0 10 8 11 10 8 11 1
0 8 9 11 8 9 11 1
0 1 10 3 1 10 3 1
0 10 11 3 10 11 3 1
0 12 13 14 12 13 14 1
0 13 15 14 13 15 14 1
0 16 12 17 16 12 17 1
0 12 14 17 12 14 17 1
0 18 16 19 18 16 19 1
0 16 17 19 16 17 19 1
0 20 18 21 20 18 21 1
0 18 19 21 18 19 21 1
0 22 20 23 22 20 23 1
0 20 21 23 20 21 23 1
0 13 22 15 13 22 15 1
0 22 23 15 22 23 15 1
0 24 25 26 24 25 26 1
0 25 27 26 25 27 26 1
0 28 24 29 28 24 29 1
0 24 26 29 24 26 29 1
0 30 28 31 30 28 31 1
0 28 29 31 28 29 31 1
0 32 30 33 32 30 33 1
0 30 31 33 30 31 33 1
0 34 32 35 34 32 35 1
0 32 33 35 32 33 35 1
0 25 34 27 25 34 27 1
0 34 35 27 34 35 27 1
0 36 37 38 36 37 38 1
0 37 39 38 37 39 38 1
0 40 36 41 40 36 41 1
0 36 38 41 36 38 41 1
0 42 40 43 42 40 43 1
0 40 41 43 40 41 43 1
0 44 42 45 44 42 45 1
0 42 43 45 42 43 45 1
0 46 44 47 46 44 47 1
0 44 45 47 44 45 47 1
0 37 46 39 37 46 39 1
0 46 47 39 46 47 39 1
0 48 49 50 48 49 50 1
0 49 51 50 49 51 50 1
0 52 48 53 52 48 53 1
0 48 50 53 48 50 53 1
0 54 52 55 54 52 55 1
0 52 53 55 52 53 55 1
0 56 54 57 56 54 57 1
0 54 55 57 54 55 57 1
0 58 56 59 58 56 59 1
0 56 57 59 56 57 59 1
0 49 58 51 49 58 51 1
0 58 59 51 58 59 51 1
0 60 61 62 60 61 62 1
0 61 63 62 61 63 62 1
0 64 60 65 64 60 65 1
0 60 62 65 60 62 65 1
0 66 64 67 66 64 67 1
0 64 65 67 64 65 67 1
0 68 66 69 68 66 69 1
0 66 67 69 66 67 69 1
0 70 68 71 70 68 71 1
0 68 69 71 68 69 71 1
0 61 70 63 61 70 63 1
0 70 71 63 70 71 63 1
0 72 73 74 72 73 74 1
0 73 75 74 73 75 74 1
0 76 72 77 76 72 77 1
0 72 74 77 72 74 77 1
0 78 76 79 78 76 79 1
0 76 77 79 76 77 79 1
0 80 78 81 80 78 81 1
0 78 79 81 78 79 81 1
0 82 80 83 82 80 83 1
0 80 81 83 80 81 83 1
0 73 82 75 73 82 75 1
0 82 83 75 82 83 75 1
0 84 85 86 84 85 86 1
0 85 87 86 85 87 86 1
0 88 84 89 88 84 89 1
0 84 86 89 84 86 89 1
0 90 88 91 90 88 91 1
0 88 89 91 88 89 91 1
0 92 90 93 92 90 93 1
0 90 91 93 90 91 93 1
0 94 92 95 94 92 95 1
0 92 93 95 92 93 95 1
0 85 94 87 85 94 87 1
0 94 95 87 94 95 87 1
0 96 97 98 96 97 98 1
0 97 99 98 97 99 98 1
0 100 96 101 100 96 101 1
0 96 98 101 96 98 101 1
0 102 100 103 102 100 103 1
0 100 101 103 100 101 103 1
0 104 102 105 104 102 105 1
0 102 103 105 102 103 105 1
0 106 104 107 106 104 107 1
0 104 105 107 104 105 107 1
0 97 106 99 97 106 99 1
0 106 107 99 106 107 99 1
0 108 109 110 108 109 110 1
0 109 111 110 109 111 110 1
0 112 108 113 112 108 113 1
0 108 110 113 108 110 113 1
0 114 112 115 114 112 115 1
0 112 113 115 112 113 115 1
0 116 114 117 116 114 117 1
0 114 115 117 114 115 117 1
0 118 116 119 118 116 119 1
0 116 117 119 116 117 119 1
0 109 118 111 109 118 111 1
0 118 119 111 118 119 111 1
0 120 121 122 120 121 122 1
0 121 123 122 121 123 122 1
0 124 120 125 124 120 125 1
0 120 122 125 120 122 125 1
0 126 124 127 126 124 127 1
0 124 125 127 124 125 127 1
0 128 126 129 128 126 129 1
0 126 127 129 126 127 129 1
0 130 128 131 130 128 131 1
0 128 129 131 128 129 131 1
0 121 130 123 121 130 123 1
0 130 131 123 130 131 123 1
0 132 133 134 132 133 134 1
0 133 135 134 133 135 134 1
0 136 132 137 136 132 137 1
0 132 134 137 132 134 137 1
0 138 136 139 138 136 139 1
0 136 137 139 136 137 139 1
0 140 138 141 140 138 141 1
0 138 139 141 138 139 141 1
0 142 140 143 142 140 143 1
0 140 141 143 140 141 143 1
0 133 142 135 133 142 135 1
0 142 143 135 142 143 135 1
0 144 145 146 144 145 146 1
0 145 147 146 145 147 146 1
0 148 144 149 148 144 149 1
0 144 146 149 144 146 149 1
0 150 148 151 150 148 151 1
0 148 149 151 148 149 151 1
0 152 150 153 152 150 153 1
0 150 151 153 150 151 153 1
0 154 152 155 154 152 155 1
0 152 153 155 152 153 155 1
0 145 154 147 145 154 147 1
0 154 155 147 154 155 147 1
0 156 157 158 156 157 158 1
0 157 159 158 157 159 158 1
0 160 156 161 160 156 161 1
0 156 158 161 156 158 161 1
0 162 160 163 162 160 163 1
0 160 161 163 160 161 163 1
0 164 162 165 164 162 165 1
0 162 163 165 162 163 165 1
0 166 164 167 166 164 167 1
0 164 165 167 164 165 167 1
0 157 166 159 157 166 159 1
0 166 167 159 166 167 159 1
0 168 169 170 168 169 170 1
0 169 171 170 169 171 170 1
0 172 168 173 172 168 173 1
0 168 170 173 168 170 173 1
0 174 172 175 174 172 175 1
0 172 173 175 172 173 175 1
0 176 174 177 176 174 177 1
0 174 175 177 174 175 177 1
0 178 176 179 178 176 179 1
0 176 177 179 176 177 179 1
0 169 178 171 169 178 171 1
0 178 179 171 178 179 171 1
0 180 181 182 180 181 182 1
0 181 183 182 181 183 182 1
0 184 180 185 184 180 185 1
0 180 182 185 180 182 185 1
0 186 184 187 186 184 187 1
0 184 185 187 184 185 187 1
0 188 186 189 188 186 189 1
0 186 187 189 186 187 189 1
0 190 188 191 190 188 191 1
0 188 189 191 188 189 191 1
0 181 190 183 181 190 183 1
0 190 191 183 190 191 183 1
0 192 193 194 192 193 194 1
0 193 195 194 193 195 194 1
0 196 192 197 196 192 197 1
0 192 194 197 192 194 197 1
0 198 196 199 198 196 199 1
0 196 197 199 196 197 199 1
0 200 198 201 200 198 201 1
0 198 199 201 198 199 201 1
0 202 200 203 202 200 203 1
0 200 201 203 200 201 203 1
0 193 202 195 193 202 195 1
0 202 203 195 202 203 195 1
0 204 205 206 204 205 206 1
0 205 207 206 205 207 206 1
0 208 204 209 208 204 209 1
0 204 206 209 204 206 209 1
0 210 208 211 210 208 211 1
0 208 209 211 208 209 211 1
0 212 210 213 212 210 213 1
0 210 211 213 210 211 213 1
0 214 212 215 214 212 215 1
0 212 213 215 212 213 215 1
0 205 214 207 205 214 207 1
0 214 215 207 214 215 207 1
0 216 217 218 216 217 218 1
0 217 219 218 217 219 218 1
0 220 216 221 220 216 221 1
0 216 218 221 216 218 221 1
0 222 220 223 222 220 223 1
0 220 221 223 220 221 223 1
0 224 222 225 224 222 225 1
0 222 223 225 222 223 225 1
0 226 224 227 226 224 227 1
0 224 225 227 224 225 227 1
0 217 226 219 217 226 219 1
0 226 227 219 226 227 219 1
0 228 229 230 228 229 230 1
0 229 231 230 229 231 230 1
0 232 228 233 232 228 233 1
0 228 230 233 228 230 233 1
0 234 232 235 234 232 235 1
0 232 233 235 232 233 235 1
0 236 234 237 236 234 237 1
0 234 235 237 234 235 237 1
0 238 236 239 238 236 239 1
0 236 237 239 236 237 239 1
0 229 238 231 229 238 231 1
0 238 239 231 238 239 231 1
0 240 241 242 240 241 242 1
0 241 243 242 241 243 242 1
0 244 240 245 244 240 245 1
0 240 242 245 240 242 245 1
0 246 244 247 246 244 247 1
0 244 245 247 244 245 247 1
0 248 246 249 248 246 249 1
0 246 247 249 246 247 249 1
0 250 248 251 250 248 251 1
0 248 249 251 248 249 251 1
0 241 250 243 241 250 243 1
0 250 251 243 250 251 243 1
0 252 253 254 252 253 254 1
0 253 255 254 253 255 254 1
0 256 252 257 256 252 257 1
0 252 254 257 252 254 257 1
0 258 256 259 258 256 259 1
0 256 257 259 256 257 259 1
0 260 258 261 260 258 261 1
0 258 259 261 258 259 261 1
0 262 260 263 262 260 263 1
0 260 261 263 260 261 263 1
0 253 262 255 253 262 255 1
0 262 263 255 262 263 255 1
0 264 265 266 264 265 266 1
0 265 267 266 265 267 266 1
0 268 264 269 268 264 269 1
0 264 266 269 264 266 269 1
0 270 268 271 270 268 271 1
0 268 269 271 268 269 271 1
0 272 270 273 272 270 273 1
0 270 271 273 270 271 273 1
0 274 272 275 274 272 275 1
0 272 273 275 272 273 275 1
0 265 274 267 265 274 267 1
0 274 275 267 274 275 267 1
0 276 277 278 276 277 278 1
0 277 279 278 277 279 278 1
0 280 276 281 280 276 281 1
0 276 278 281 276 278 281 1
0 282 280 283 282 280 283 1
0 280 281 283 280 281 283 1
0 284 282 285 284 282 285 1
0 282 283 285 282 283 285 1
0 286 284 287 286 284 287 1
0 284 285 287 284 285 287 1
0 277 286 279 277 286 279 1
0 286 287 279 286 287 279 1

Materials: 1
"Tex_0005_0_dds"
1.000000 1.000000 1.000000 1.000000
0.800000 0.800000 0.800000 1.000000
0.494118 0.494118 0.494118 1.000000
1.000000 1.000000 1.000000 1.000000
0.185600
1.000000
"Tex_0005_0.png"
""

Bones: 0
GroupComments: 0
MaterialComments: 0
BoneComments: 0
ModelComment: 0
