Meshes: 1
"Duplicate04" 0 0
32
0 -16.117666 -40.592377 -69.508469 0.146729 1.600098 -1
0 -29.350697 -57.234222 -89.207077 0.001133 1.299072 -1
0 -29.478252 -57.027149 -12.297897 0.860840 1.600098 -1
0 -47.569687 -79.645271 -11.192795 1.000977 1.299072 -1
0 18.560181 2.650950 -94.986252 0.146729 1.600098 -1
0 17.937283 1.733940 -123.949509 0.001133 1.299072 -1
0 -16.117666 -40.592377 -69.508469 0.860840 1.600098 -1
0 -29.350697 -57.234222 -89.207077 1.000977 1.299072 -1
0 54.241470 47.371483 -73.806686 0.146729 1.600098 -1
0 66.593582 62.716515 -95.068283 0.001133 1.299072 -1
0 18.560181 2.650950 -94.986252 0.860840 1.600098 -1
0 17.937283 1.733940 -123.949509 1.000977 1.299072 -1
0 70.024590 67.372543 -18.376511 0.146729 1.600098 -1
0 88.116020 89.990677 -19.481613 0.001133 1.299072 -1
0 54.241470 47.371483 -73.806686 0.860840 1.600098 -1
0 66.593582 62.716515 -95.068283 1.000977 1.299072 -1
0 56.664001 50.937763 38.834061 0.146729 1.600098 -1
0 69.897034 67.579620 58.532791 0.001133 1.299072 -1
0 70.024590 67.372543 -18.376511 0.860840 1.600098 -1
0 88.116020 89.990677 -19.481613 1.000977 1.299072 -1
0 21.986149 7.694437 64.311844 0.146729 1.600098 -1
0 22.609055 8.611431 93.275101 0.001133 1.299072 -1
0 56.664001 50.937763 38.834061 0.860840 1.600098 -1
0 69.897034 67.579620 58.532791 1.000977 1.299072 -1
0 -13.695142 -37.026104 43.132278 0.146729 1.600098 -1
0 -26.047251 -52.371113 64.393875 0.001133 1.299072 -1
0 21.986149 7.694437 64.311844 0.860840 1.600098 -1
0 22.609055 8.611431 93.275101 1.000977 1.299072 -1
0 -29.478252 -57.027149 -12.297897 0.146729 1.600098 -1
0 -47.569687 -79.645271 -11.192795 0.001133 1.299072 -1
0 -13.695142 -37.026104 43.132278 0.860840 1.600098 -1
0 -26.047251 -52.371113 64.393875 1.000977 1.299072 -1
24
-0.780988 0.624539 -0.002977
-0.780988 0.624539 -0.002977
-0.780988 0.624539 -0.002977
-0.780988 0.624539 -0.002977
-0.780988 0.624539 -0.002977
-0.780988 0.624539 -0.002977
-0.780988 0.624539 -0.002977
-0.780988 0.624539 -0.002977
-0.780988 0.624539 -0.002977
-0.780988 0.624539 -0.002977
-0.780988 0.624539 -0.002977
-0.780988 0.624539 -0.002977
-0.780988 0.624539 -0.002977
-0.780988 0.624539 -0.002977
-0.780988 0.624539 -0.002977
-0.780988 0.624539 -0.002977
-0.780988 0.624539 -0.002977
-0.780988 0.624539 -0.002977
-0.780988 0.624539 -0.002977
-0.780988 0.624539 -0.002977
-0.780988 0.624539 -0.002977
-0.780988 0.624539 -0.002977
-0.780988 0.624539 -0.002977
-0.780988 0.624539 -0.002977
16
0 0 1 2 0 1 1 1
0 1 3 2 1 2 1 1
0 4 5 6 3 4 4 1
0 5 7 6 4 5 4 1
0 8 9 10 6 7 7 1
0 9 11 10 7 8 7 1
0 12 13 14 9 10 10 1
0 13 15 14 10 11 10 1
0 16 17 18 12 13 13 1
0 17 19 18 13 14 13 1
0 20 21 22 15 16 16 1
0 21 23 22 16 17 16 1
0 24 25 26 18 19 19 1
0 25 27 26 19 20 19 1
0 28 29 30 21 22 22 1
0 29 31 30 22 23 22 1

Materials: 1
"Tex_0012_0_dds"
1.000000 1.000000 1.000000 1.000000
0.800000 0.800000 0.800000 1.000000
0.494118 0.494118 0.494118 1.000000
1.000000 1.000000 1.000000 1.000000
0.185600
1.000000
"Tex_0012_0.png"
""

Bones: 0
GroupComments: 0
MaterialComments: 0
BoneComments: 0
ModelComment: 0
