Meshes: 2
"default" 0 0
159
0 0.000030 4.869415 39.261971 0.248413 1.569824 1
0 2.827250 0.367561 36.397156 0.022064 1.976074 1
0 -2.827190 0.367561 36.397156 0.474854 1.976074 1
0 -3.102810 0.367561 36.672779 0.022064 1.976074 1
0 -3.102810 0.367561 42.327213 0.474854 1.976074 1
0 -0.237995 4.869415 39.499996 0.248413 1.569824 1
0 3.102870 0.367561 36.672779 0.474854 1.976074 1
0 0.238055 4.869415 39.499996 0.248413 1.569824 1
0 3.102870 0.367561 42.327213 0.022064 1.976074 1
0 -2.827190 0.367561 42.602833 0.022064 1.976074 1
0 2.827250 0.367561 42.602833 0.474854 1.976074 1
0 0.000030 4.869415 39.738022 0.248413 1.569824 1
0 -2.923045 0.100426 36.576923 0.482422 2 1
0 -3.102810 0.367561 36.672779 0.496826 1.976074 1
0 3.102870 0.367561 36.672779 0 1.976074 1
0 2.923105 0.100426 36.576923 0.014389 2 1
0 -2.923045 0.100426 42.423069 0.482422 2 1
0 -2.827190 0.367561 42.602833 0.496826 1.976074 1
0 2.923105 0.100426 42.423069 0.482422 2 1
0 3.102870 0.367561 42.327213 0.496826 1.976074 1
0 34.001900 4.837196 -19.630989 0.248413 1.569824 2
0 30.107283 0.335346 -20.647028 0.022064 1.976074 2
0 32.934502 0.335346 -15.750138 0.474854 1.976074 2
0 33.311008 0.335346 -15.649252 0.022064 1.976074 2
0 38.207897 0.335346 -18.476473 0.474854 1.976074 2
0 34.327049 4.837196 -19.543869 0.248413 1.569824 2
0 30.208168 0.335346 -21.023529 0.474854 1.976074 2
0 34.089020 4.837196 -19.956139 0.248413 1.569824 2
0 35.105061 0.335346 -23.850748 0.022064 1.976074 2
0 38.308777 0.335346 -18.852980 0.022064 1.976074 2
0 35.481556 0.335346 -23.749866 0.474854 1.976074 2
0 34.414169 4.837196 -19.869015 0.248413 1.569824 2
0 33.138111 0.068207 -15.757008 0.482422 2 2
0 33.311008 0.335346 -15.649252 0.496826 1.976074 2
0 30.208168 0.335346 -21.023529 0 1.976074 2
0 30.215044 0.068207 -20.819918 0.014389 2 2
0 38.201023 0.068207 -18.680084 0.482422 2 2
0 38.308777 0.335346 -18.852980 0.496826 1.976074 2
0 35.277946 0.068207 -23.742992 0.482422 2 2
0 35.105061 0.335346 -23.850748 0.496826 1.976074 2
0 -34.623638 -9.203705 -18.156599 0.248413 1.569824 3
0 -38.518253 -13.705551 -19.172634 0.022064 1.976074 3
0 -35.691032 -13.705551 -14.275748 0.474854 1.976074 3
0 -35.314526 -13.705551 -14.174862 0.022064 1.976074 3
0 -30.417641 -13.705551 -17.002083 0.474854 1.976074 3
0 -34.298489 -9.203705 -18.069473 0.248413 1.569824 3
0 -38.417366 -13.705551 -19.549139 0.474854 1.976074 3
0 -34.536518 -9.203705 -18.481743 0.248413 1.569824 3
0 -33.520481 -13.705551 -22.376358 0.022064 1.976074 3
0 -30.316751 -13.705551 -17.378588 0.022064 1.976074 3
0 -33.143970 -13.705551 -22.275471 0.474854 1.976074 3
0 -34.211369 -9.203705 -18.394625 0.248413 1.569824 3
0 -35.487423 -13.972694 -14.282618 0.482422 2 3
0 -35.314526 -13.705551 -14.174862 0.496826 1.976074 3
0 -38.417366 -13.705551 -19.549139 0 1.976074 3
0 -38.410492 -13.972694 -19.345530 0.014389 2 3
0 -30.424511 -13.972694 -17.205692 0.482422 2 3
0 -30.316751 -13.705551 -17.378588 0.496826 1.976074 3
0 -33.347580 -13.972694 -22.268602 0.482422 2 3
0 -33.520481 -13.705551 -22.376358 0.496826 1.976074 3
0 34.327049 4.837196 -19.543869 0.267578 1.569824 2
0 34.089020 4.837196 -19.956139 0.229370 1.569824 2
0 38.207897 0.335346 -18.476473 0.496826 1.976074 2
0 38.308777 0.335346 -18.852980 0.474854 1.976074 2
0 35.481556 0.335346 -23.749866 0.022064 1.976074 2
0 35.277946 0.068207 -23.742992 0.014389 2 2
0 33.138111 0.068207 -15.757008 0.014389 2 2
0 30.215044 0.068207 -20.819918 0.482422 2 2
0 35.105061 0.335346 -23.850748 0 1.976074 2
0 -29.977917 1.185287 -17.086029 0.503906 1.566406 3
0 -33.227917 1.185287 -22.715187 0.503906 1.996094 3
0 -29.977917 7.685280 -17.086029 0.996094 1.566406 3
0 -33.227917 7.685280 -22.715187 0.996094 1.996094 3
0 -38.857082 1.185287 -19.465195 0.503906 1.566406 3
0 -35.607086 1.185287 -13.836028 0.996094 1.566406 3
0 -29.977917 1.185287 -17.086029 0.996094 1.996094 3
0 -33.227917 7.685280 -22.715187 0.503906 1.566406 3
0 -38.857082 7.685280 -19.465195 0.996094 1.566406 3
0 -38.857082 1.185287 -19.465195 0.996094 1.996094 3
0 -35.607086 1.185287 -13.836028 0.503906 1.566406 3
0 -29.977917 1.185287 -17.086029 0.503906 1.996094 3
0 -35.607086 7.685280 -13.836028 0.996094 1.566406 3
0 -29.977917 7.685280 -17.086029 0.996094 1.996094 3
0 -29.977917 7.685280 -17.086029 0.503906 1.566406 3
0 -33.227917 7.685280 -22.715187 0.503906 1.996094 3
0 -38.857082 7.685280 -19.465195 0.996094 1.996094 3
0 -38.857082 7.685280 -19.465195 0.503906 1.566406 3
0 -38.857082 1.185287 -19.465195 0.503906 1.996094 3
0 -35.607086 1.185287 -13.836028 0.996094 1.996094 3
0 -38.410492 -13.972694 -19.345530 0.003260 1.125610 3
0 -33.347580 -13.972694 -22.268602 0.003260 1.562988 3
0 -35.487423 -13.972694 -14.282618 0.503418 1.125610 3
0 -30.424511 -13.972694 -17.205692 0.503418 1.562988 3
0 -34.298489 -9.203705 -18.069473 0.267578 1.569824 3
0 -34.536518 -9.203705 -18.481743 0.229370 1.569824 3
0 -30.417641 -13.705551 -17.002083 0.496826 1.976074 3
0 -30.316751 -13.705551 -17.378588 0.474854 1.976074 3
0 -33.143970 -13.705551 -22.275471 0.022064 1.976074 3
0 -33.347580 -13.972694 -22.268602 0.014389 2 3
0 -35.487423 -13.972694 -14.282618 0.014389 2 3
0 -38.410492 -13.972694 -19.345530 0.482422 2 3
0 -33.520481 -13.705551 -22.376358 0 1.976074 3
0 -3.249970 15.258400 42.749992 0.503906 1.566406 1
0 3.250030 15.258400 42.749992 0.503906 1.996094 1
0 -3.249970 21.758404 42.749992 0.996094 1.566406 1
0 3.250030 21.758404 42.749992 0.996094 1.996094 1
0 3.250030 15.258400 36.249996 0.503906 1.566406 1
0 -3.249970 15.258400 36.249996 0.996094 1.566406 1
0 -3.249970 15.258400 42.749992 0.996094 1.996094 1
0 3.250030 21.758404 42.749992 0.503906 1.566406 1
0 3.250030 21.758404 36.249996 0.996094 1.566406 1
0 3.250030 15.258400 36.249996 0.996094 1.996094 1
0 -3.249970 15.258400 36.249996 0.503906 1.566406 1
0 -3.249970 15.258400 42.749992 0.503906 1.996094 1
0 -3.249970 21.758404 36.249996 0.996094 1.566406 1
0 -3.249970 21.758404 42.749992 0.996094 1.996094 1
0 -3.249970 21.758404 42.749992 0.503906 1.566406 1
0 3.250030 21.758404 42.749992 0.503906 1.996094 1
0 3.250030 21.758404 36.249996 0.996094 1.996094 1
0 3.250030 21.758404 36.249996 0.503906 1.566406 1
0 3.250030 15.258400 36.249996 0.503906 1.996094 1
0 -3.249970 15.258400 36.249996 0.996094 1.996094 1
0 2.923105 0.100426 36.576923 0.001630 1.120728 1
0 2.923105 0.100426 42.423069 0.001630 1.558105 1
0 -2.923045 0.100426 36.576923 0.501465 1.120728 1
0 -2.923045 0.100426 42.423069 0.501465 1.558105 1
0 -0.237995 4.869415 39.499996 0.267578 1.569824 1
0 0.238055 4.869415 39.499996 0.229370 1.569824 1
0 -3.102810 0.367561 42.327213 0.496826 1.976074 1
0 -2.827190 0.367561 42.602833 0.474854 1.976074 1
0 2.827250 0.367561 42.602833 0.022064 1.976074 1
0 2.923105 0.100426 42.423069 0.014389 2 1
0 -2.923045 0.100426 36.576923 0.014389 2 1
0 2.923105 0.100426 36.576923 0.482422 2 1
0 3.102870 0.367561 42.327213 0 1.976074 1
0 38.647614 15.226185 -18.560425 0.503906 1.566406 2
0 35.397614 15.226185 -24.189583 0.503906 1.996094 2
0 38.647614 21.726185 -18.560425 0.996094 1.566406 2
0 35.397614 21.726185 -24.189583 0.996094 1.996094 2
0 29.768448 15.226185 -20.939583 0.503906 1.566406 2
0 33.018448 15.226185 -15.310418 0.996094 1.566406 2
0 38.647614 15.226185 -18.560425 0.996094 1.996094 2
0 35.397614 21.726185 -24.189583 0.503906 1.566406 2
0 29.768448 21.726185 -20.939583 0.996094 1.566406 2
0 29.768448 15.226185 -20.939583 0.996094 1.996094 2
0 33.018448 15.226185 -15.310418 0.503906 1.566406 2
0 38.647614 15.226185 -18.560425 0.503906 1.996094 2
0 33.018448 21.726185 -15.310418 0.996094 1.566406 2
0 38.647614 21.726185 -18.560425 0.996094 1.996094 2
0 38.647614 21.726185 -18.560425 0.503906 1.566406 2
0 35.397614 21.726185 -24.189583 0.503906 1.996094 2
0 29.768448 21.726185 -20.939583 0.996094 1.996094 2
0 29.768448 21.726185 -20.939583 0.503906 1.566406 2
0 29.768448 15.226185 -20.939583 0.503906 1.996094 2
0 33.018448 15.226185 -15.310418 0.996094 1.996094 2
0 30.215044 0.068207 -20.819918 0.003260 1.125610 2
0 35.277946 0.068207 -23.742992 0.003260 1.562988 2
0 33.138111 0.068207 -15.757008 0.503418 1.125610 2
0 38.201023 0.068207 -18.680084 0.503418 1.562988 2
104
-0.101946 0.877300 -0.468991
0.437187 0.274344 -0.856506
-0.310836 -0.033204 -0.949883
-0.999918 -0.012801 0
-0.949606 -0.236876 0.205278
-0.843662 0.536875 0
0.974211 -0.225641 0
0.843662 0.536875 0
0.999918 -0.012801 0
0 0.536875 0.843662
0.403136 0.186915 0.895848
0.101945 0.877299 0.468992
-0.375053 -0.421150 -0.825814
-0.644246 0.412191 -0.644240
0.684160 0.252706 -0.684152
0.247561 -0.478214 -0.842630
-0.449981 -0.560049 0.695602
-0.690285 -0.216824 0.690286
0.690285 -0.216824 0.690286
-0.355185 0.877299 0.322784
-0.960350 0.274341 0.049641
-0.667209 -0.033199 0.744131
0.499959 -0.012800 0.865954
0.652580 -0.236880 0.719741
0.421831 0.536876 0.730632
-0.487106 -0.225638 -0.843692
-0.421830 0.536875 -0.730633
-0.499959 -0.012793 -0.865955
0.730632 0.536875 -0.421831
0.574260 0.186907 -0.797052
0.355186 0.877299 -0.322784
-0.527657 -0.421142 0.737711
-0.235809 0.412193 0.880052
-0.934576 0.252696 -0.250424
-0.853518 -0.478216 0.206922
0.827398 -0.560052 0.041890
0.942949 -0.216832 0.252650
0.252661 -0.216839 -0.942944
-0.355187 0.877299 0.322783
-0.960350 0.274343 0.049639
-0.667209 -0.033197 0.744131
0.499959 -0.012797 0.865954
0.652576 -0.236873 0.719747
0.421831 0.536876 0.730632
-0.487106 -0.225638 -0.843692
-0.421831 0.536876 -0.730632
-0.499959 -0.012799 -0.865954
0.730632 0.536876 -0.421831
0.574259 0.186918 -0.797049
0.355184 0.877299 -0.322785
-0.527659 -0.421137 0.737713
-0.235813 0.412193 0.880050
-0.934574 0.252701 -0.250426
-0.853521 -0.478211 0.206923
0.827401 -0.560047 0.041899
0.942943 -0.216831 0.252673
0.252666 -0.216819 -0.942947
0.363458 0.874086 0.322291
-0.363455 0.874087 -0.322293
0.720096 0.666510 0.192940
0.941145 0.337767 -0.012617
0.710621 -0.196226 -0.675658
-0.044473 -0.670126 -0.740914
0.414820 -0.558299 0.718489
-0.414819 -0.558302 -0.718487
0.192949 0.666510 -0.720094
0.866025 0 -0.500000
0.211325 -0.577350 -0.788675
0 -1 0
-0.499999 0 -0.866026
0.500000 0 0.866026
-0.211325 0.577350 0.788675
0 1 0
-0.866026 0 0.499999
0.363454 0.874087 0.322294
-0.363457 0.874085 -0.322295
0.720091 0.666510 0.192958
0.941145 0.337767 -0.012610
0.710623 -0.196222 -0.675657
-0.044470 -0.670123 -0.740917
0.414824 -0.558289 0.718495
-0.414823 -0.558291 -0.718494
0.192944 0.666510 -0.720095
0 0 1
0.577350 -0.577350 0.577350
1 0 0
-1 0 0
-0.577350 0.577350 -0.577350
0 0 -1
-0.460843 0.874086 0.153614
0.460844 0.874086 -0.153613
-0.527145 0.666510 0.527146
-0.459652 0.337766 0.821361
0.229826 -0.196226 0.953245
0.663885 -0.670128 0.331943
-0.829642 -0.558296 0
0.829642 -0.558296 0
0.527146 0.666510 0.527145
0.866025 0 -0.500000
0.211325 -0.577350 -0.788675
-0.500000 0 -0.866025
0.500001 0 0.866025
-0.211324 0.577350 0.788675
-0.866025 0 0.500000
120
0 0 1 2 0 1 2 1
0 3 4 5 3 4 5 1
0 6 7 8 6 7 8 1
0 9 10 11 9 10 11 1
0 2 12 13 2 12 13 1
0 14 15 1 14 15 1 1
0 4 16 17 4 16 17 1
0 10 18 19 10 18 18 1
0 20 21 22 19 20 21 1
0 23 24 25 22 23 24 1
0 26 27 28 25 26 27 1
0 29 30 31 28 29 30 1
0 22 32 33 21 31 32 1
0 34 35 21 33 34 20 1
0 24 36 37 23 35 36 1
0 30 38 39 29 37 37 1
0 40 41 42 38 39 40 1
0 43 44 45 41 42 43 1
0 46 47 48 44 45 46 1
0 49 50 51 47 48 49 1
0 42 52 53 40 50 51 1
0 54 55 41 52 53 39 1
0 44 56 57 42 54 55 1
0 50 58 59 48 56 56 1
0 22 33 20 21 32 19 1
0 33 60 20 32 57 19 1
0 20 61 21 19 58 20 1
0 61 34 21 58 33 20 1
0 62 63 60 59 60 57 1
0 63 31 60 60 30 57 1
0 63 36 64 60 35 61 1
0 36 65 64 35 62 61 1
0 36 24 66 35 23 63 1
0 24 23 66 23 22 63 1
0 32 22 35 31 21 34 1
0 22 21 35 21 20 34 1
0 67 26 65 64 25 62 1
0 26 28 65 25 27 62 1
0 61 31 68 58 30 65 1
0 31 64 68 30 61 65 1
0 69 70 71 66 67 66 1
0 70 72 71 67 66 66 1
0 73 70 74 68 67 68 1
0 70 75 74 67 68 68 1
0 76 70 77 69 67 69 1
0 70 78 77 67 69 69 1
0 79 80 81 70 70 71 1
0 80 82 81 70 70 71 1
0 83 84 81 72 72 71 1
0 84 85 81 72 72 71 1
0 86 87 81 73 73 71 1
0 87 88 81 73 73 71 1
0 89 90 91 68 68 68 1
0 90 92 91 68 68 68 1
0 93 51 40 74 49 38 1
0 51 94 40 49 75 38 1
0 42 53 40 40 51 38 1
0 53 93 40 51 74 38 1
0 40 94 41 38 75 39 1
0 94 54 41 75 52 39 1
0 95 96 93 76 77 74 1
0 96 51 93 77 49 74 1
0 96 56 97 77 54 78 1
0 56 98 97 54 79 78 1
0 56 44 99 54 42 80 1
0 44 43 99 42 41 80 1
0 52 42 55 50 40 53 1
0 42 41 55 40 39 53 1
0 100 46 98 81 44 79 1
0 46 48 98 44 46 79 1
0 94 51 101 75 49 82 1
0 51 97 101 49 78 82 1
0 102 103 104 83 84 83 1
0 103 105 104 84 83 83 1
0 106 103 107 68 84 68 1
0 103 108 107 84 68 68 1
0 109 103 110 85 84 85 1
0 103 111 110 84 85 85 1
0 112 113 114 86 86 87 1
0 113 115 114 86 86 87 1
0 116 117 114 72 72 87 1
0 117 118 114 72 72 87 1
0 119 120 114 88 88 87 1
0 120 121 114 88 88 87 1
0 122 123 124 68 68 68 1
0 123 125 124 68 68 68 1
0 126 11 0 89 11 0 1
0 11 127 0 11 90 0 1
0 2 13 0 2 13 0 1
0 13 126 0 13 89 0 1
0 0 127 1 0 90 1 1
0 127 14 1 90 14 1 1
0 128 129 126 91 92 89 1
0 129 11 126 92 11 89 1
0 129 16 130 92 16 93 1
0 16 131 130 16 94 93 1
0 16 4 132 16 4 95 1
0 4 3 132 4 3 95 1
0 12 2 15 12 2 15 1
0 2 1 15 2 1 15 1
0 133 6 131 96 6 94 1
0 6 8 131 6 8 94 1
0 127 11 134 90 11 97 1
0 11 130 134 11 93 97 1
0 135 136 137 98 99 98 1
0 136 138 137 99 98 98 1
0 139 136 140 68 99 68 1
0 136 141 140 99 68 68 1
0 142 136 143 100 99 100 1
0 136 144 143 99 100 100 1
0 145 146 147 101 101 102 1
0 146 148 147 101 101 102 1
0 149 150 147 72 72 102 1
0 150 151 147 72 72 102 1
0 152 153 147 103 103 102 1
0 153 154 147 103 103 102 1
0 155 156 157 68 68 68 1
0 156 158 157 68 68 68 1
0 60 31 20 57 30 19 1
0 31 61 20 30 58 19 1
"Tex_0013_0_dds" 0 1
291
0 0.000030 1.338356 39.499996 0.746094 1.246094 1
0 -2.999971 1.338356 42.499996 0.996094 1.003906 1
0 3.000030 1.338356 42.499996 0.503906 1.003906 1
0 3.000030 1.338356 36.500000 0.996094 1.003906 1
0 -2.999971 1.338356 36.500000 0.503906 1.003906 1
0 -2.999971 1.338356 36.500000 0.996094 1.003906 1
0 -2.999971 1.338356 42.499996 0.503906 1.003906 1
0 3.000030 1.338356 42.499996 0.996094 1.003906 1
0 3.000030 1.338356 36.500000 0.503906 1.003906 1
0 0.000030 5.108398 39.245449 0.249390 1.501465 1
0 3.023485 0.294083 36.181793 0.022156 1.972168 1
0 -3.023425 0.294083 36.181793 0.476562 1.972168 1
0 -3.318175 0.294083 36.476543 0.022156 1.972168 1
0 -3.318175 0.294083 42.523445 0.476562 1.972168 1
0 -0.254515 5.108398 39.499996 0.249390 1.501465 1
0 3.318235 0.294083 36.476543 0.476562 1.972168 1
0 0.254575 5.108398 39.499996 0.249390 1.501465 1
0 3.318235 0.294083 42.523445 0.022156 1.972168 1
0 -3.023425 0.294083 42.818199 0.476562 1.972168 1
0 3.023485 0.294083 42.818199 0.022156 1.972168 1
0 0.000030 5.108398 39.754543 0.249390 1.501465 1
0 -3.125930 0.008400 36.374031 0.484375 2 1
0 -3.318175 0.294083 36.476543 0.498779 1.972168 1
0 3.318235 0.294083 36.476543 0 1.972168 1
0 3.125990 0.008400 36.374031 0.014450 2 1
0 -3.318175 0.294083 42.523445 0.498779 1.972168 1
0 -3.125930 0.008400 42.625950 0.484375 2 1
0 3.125990 0.008400 42.625950 0.014450 2 1
0 3.318235 0.294083 42.523445 0 1.972168 1
0 34.208035 1.208618 -19.750004 0.746094 1.246094 2
0 38.306107 1.208618 -18.651928 0.996094 1.003906 2
0 35.306107 1.208618 -23.848078 0.503906 1.003906 2
0 30.109959 1.208618 -20.848078 0.996094 1.003906 2
0 33.109951 1.208618 -15.651922 0.503906 1.003906 2
0 33.109951 1.208618 -15.651922 0.996094 1.003906 2
0 38.306107 1.208618 -18.651928 0.503906 1.003906 2
0 35.306107 1.208618 -23.848078 0.996094 1.003906 2
0 30.109959 1.208618 -20.848078 0.503906 1.003906 2
0 33.987587 5.076187 -19.622728 0.249390 1.501465 2
0 29.822659 0.261868 -20.709290 0.022156 1.972168 2
0 32.846115 0.261868 -15.472512 0.476562 1.972168 2
0 33.248749 0.261868 -15.364628 0.022156 1.972168 2
0 38.485523 0.261868 -18.388083 0.476562 1.972168 2
0 34.335304 5.076187 -19.529558 0.249390 1.501465 2
0 29.930544 0.261868 -21.111923 0.476562 1.972168 2
0 34.080757 5.076187 -19.970448 0.249390 1.501465 2
0 35.167320 0.261868 -24.135378 0.022156 1.972168 2
0 38.593410 0.261868 -18.790718 0.476562 1.972168 2
0 35.569954 0.261868 -24.027493 0.022156 1.972168 2
0 34.428478 5.076187 -19.877279 0.249390 1.501465 2
0 33.063854 -0.023815 -15.479863 0.484375 2 2
0 33.248749 0.261868 -15.364628 0.498779 1.972168 2
0 29.930544 0.261868 -21.111923 0 1.972168 2
0 29.937893 -0.023815 -20.894182 0.014450 2 2
0 38.485523 0.261868 -18.388083 0.498779 1.972168 2
0 38.478172 -0.023815 -18.605824 0.484375 2 2
0 35.352215 -0.023815 -24.020142 0.014450 2 2
0 35.167320 0.261868 -24.135378 0 1.972168 2
0 3.500030 15.241570 42.752506 0.017578 1.479492 1
0 3.252540 15.241570 42.999992 0 1.479492 1
0 3.252540 14.994080 42.752506 0.017578 1.497070 1
0 3.500030 21.746590 42.752506 0.017578 1.017578 1
0 3.252540 21.994080 42.752506 0.017578 1 1
0 3.252540 21.746590 42.999992 0 1.017578 1
0 -3.252480 21.994080 42.752506 0.479492 1 1
0 -3.499970 21.746590 42.752506 0.479492 1.017578 1
0 -3.252480 21.746590 42.999992 0.497070 1.017578 1
0 -3.499970 15.241570 42.752506 0.479492 1.479492 1
0 -3.252480 14.994080 42.752506 0.479492 1.497070 1
0 -3.252480 15.241570 42.999992 0.497070 1.479492 1
0 -3.499970 15.241570 36.247482 0.017578 1.479492 1
0 -3.252480 15.241570 35.999996 0 1.479492 1
0 -3.252480 14.994080 36.247482 0.017578 1.497070 1
0 3.252540 15.241570 35.999996 0.497070 1.479492 1
0 3.500030 15.241570 36.247482 0.479492 1.479492 1
0 3.252540 14.994080 36.247482 0.479492 1.497070 1
0 3.252540 21.746590 35.999996 0.497070 1.017578 1
0 3.252540 21.994080 36.247482 0.479492 1 1
0 3.500030 21.746590 36.247482 0.479492 1.017578 1
0 -3.252480 21.994080 36.247482 0.017578 1 1
0 -3.252480 21.746590 35.999996 0 1.017578 1
0 -3.499970 21.746590 36.247482 0.017578 1.017578 1
0 35.274788 15.223679 -24.407347 0.017578 1.479492 2
0 35.612865 15.223679 -24.316757 0 1.479492 2
0 35.398533 14.976185 -24.193018 0.017578 1.497070 2
0 35.274788 21.728695 -24.407347 0.017578 1.017578 2
0 35.398533 21.976189 -24.193018 0.017578 1 2
0 35.612865 21.728695 -24.316757 0 1.017578 2
0 38.651051 21.976189 -18.559504 0.479492 1 2
0 38.774788 21.728695 -18.345173 0.479492 1.017578 2
0 38.865376 21.728695 -18.683245 0.497070 1.017578 2
0 38.774788 15.223679 -18.345173 0.479492 1.479492 2
0 38.651051 14.976185 -18.559504 0.479492 1.497070 2
0 38.865376 15.223679 -18.683245 0.497070 1.479492 2
0 33.141277 15.223679 -15.092658 0.017578 1.479492 2
0 32.803204 15.223679 -15.183243 0 1.479492 2
0 33.017532 14.976185 -15.306988 0.017578 1.497070 2
0 29.550688 15.223679 -20.816759 0.497070 1.479492 2
0 29.641273 15.223679 -21.154835 0.479492 1.479492 2
0 29.765018 14.976185 -20.940502 0.479492 1.497070 2
0 29.550688 21.728695 -20.816759 0.497070 1.017578 2
0 29.765018 21.976189 -20.940502 0.479492 1 2
0 29.641273 21.728695 -21.154835 0.479492 1.017578 2
0 33.017532 21.976189 -15.306988 0.017578 1 2
0 32.803204 21.728695 -15.183243 0 1.017578 2
0 33.141277 21.728695 -15.092658 0.017578 1.017578 2
0 -33.350746 1.182774 -22.932951 0.017578 1.479492 3
0 -33.012672 1.182774 -22.842367 0 1.479492 3
0 -33.227001 0.935287 -22.718622 0.017578 1.497070 3
0 -33.350746 7.687798 -22.932951 0.017578 1.017578 3
0 -33.227001 7.935287 -22.718622 0.017578 1 3
0 -33.012672 7.687798 -22.842367 0 1.017578 3
0 -29.974487 7.935287 -17.085108 0.479492 1 3
0 -29.850740 7.687798 -16.870777 0.479492 1.017578 3
0 -29.760151 7.687798 -17.208853 0.497070 1.017578 3
0 -29.850740 1.182774 -16.870777 0.479492 1.479492 3
0 -29.974487 0.935287 -17.085108 0.479492 1.497070 3
0 -29.760151 1.182774 -17.208853 0.497070 1.479492 3
0 -35.484261 1.182774 -13.618262 0.017578 1.479492 3
0 -35.822338 1.182774 -13.708853 0 1.479492 3
0 -35.608002 0.935287 -13.832598 0.017578 1.497070 3
0 -39.074844 1.182774 -19.342369 0.497070 1.479492 3
0 -38.984261 1.182774 -19.680445 0.479492 1.479492 3
0 -38.860516 0.935287 -19.466108 0.479492 1.497070 3
0 -39.074844 7.687798 -19.342369 0.497070 1.017578 3
0 -38.860516 7.935287 -19.466108 0.479492 1 3
0 -38.984261 7.687798 -19.680445 0.479492 1.017578 3
0 -35.608002 7.935287 -13.832598 0.017578 1 3
0 -35.822338 7.687798 -13.708853 0 1.017578 3
0 -35.484261 7.687798 -13.618262 0.017578 1.017578 3
0 -34.637947 -8.964718 -18.148338 0.249390 1.501465 3
0 -38.802876 -13.779034 -19.234894 0.022156 1.972168 3
0 -35.779423 -13.779034 -13.998117 0.476562 1.972168 3
0 -35.376789 -13.779034 -13.890232 0.022156 1.972168 3
0 -30.140011 -13.779034 -16.913689 0.476562 1.972168 3
0 -34.290230 -8.964718 -18.055168 0.249390 1.501465 3
0 -38.694992 -13.779034 -19.637529 0.476562 1.972168 3
0 -34.544773 -8.964718 -18.496054 0.249390 1.501465 3
0 -33.458218 -13.779034 -22.660988 0.022156 1.972168 3
0 -30.032127 -13.779034 -17.316322 0.476562 1.972168 3
0 -33.055584 -13.779034 -22.553102 0.022156 1.972168 3
0 -34.197056 -8.964718 -18.402884 0.249390 1.501465 3
0 -35.561680 -14.064713 -14.005468 0.484375 2 3
0 -35.376789 -13.779034 -13.890232 0.498779 1.972168 3
0 -38.694992 -13.779034 -19.637529 0 1.972168 3
0 -38.687641 -14.064713 -19.419788 0.014450 2 3
0 -30.140011 -13.779034 -16.913689 0.498779 1.972168 3
0 -30.147362 -14.064713 -17.131428 0.484375 2 3
0 -33.273319 -14.064713 -22.545753 0.014450 2 3
0 -33.458218 -13.779034 -22.660988 0 1.972168 3
0 -34.417500 -12.863728 -18.275608 0.746094 1.246094 3
0 -30.319422 -12.863728 -17.177532 0.996094 1.003906 3
0 -33.319420 -12.863728 -22.373688 0.503906 1.003906 3
0 -38.515579 -12.863728 -19.373688 0.996094 1.003906 3
0 -35.515575 -12.863728 -14.177532 0.503906 1.003906 3
0 -35.515575 -12.863728 -14.177532 0.996094 1.003906 3
0 -30.319422 -12.863728 -17.177532 0.503906 1.003906 3
0 -33.319420 -12.863728 -22.373688 0.996094 1.003906 3
0 -38.515579 -12.863728 -19.373688 0.503906 1.003906 3
0 38.865376 15.223679 -18.683245 0.017578 1.479492 2
0 38.651051 14.976185 -18.559504 0.017578 1.497070 2
0 35.612865 15.223679 -24.316757 0.479492 1.479492 2
0 35.398533 14.976185 -24.193018 0.479492 1.497070 2
0 33.017532 14.976185 -15.306988 0.479492 1.497070 2
0 32.803204 15.223679 -15.183243 0.479492 1.479492 2
0 29.765018 14.976185 -20.940502 0.017578 1.497070 2
0 29.550688 15.223679 -20.816759 0.017578 1.479492 2
0 29.765018 21.976189 -20.940502 0.017578 1 2
0 29.550688 21.728695 -20.816759 0.017578 1.017578 2
0 33.017532 21.976189 -15.306988 0.479492 1 2
0 32.803204 21.728695 -15.183243 0.479492 1.017578 2
0 -29.760151 1.182774 -17.208853 0.017578 1.479492 3
0 -33.012672 1.182774 -22.842367 0.479492 1.479492 3
0 -29.760151 7.687798 -17.208853 0.017578 1.017578 3
0 -33.012672 7.687798 -22.842367 0.479492 1.017578 3
0 -38.860516 0.935287 -19.466108 0.017578 1.017578 3
0 -33.227001 0.935287 -22.718622 0.017578 1.479492 3
0 -35.608002 0.935287 -13.832598 0.479492 1.017578 3
0 -29.974487 0.935287 -17.085108 0.479492 1.479492 3
0 -29.974487 7.935287 -17.085108 0.479492 1.017578 3
0 -33.227001 7.935287 -22.718622 0.017578 1.017578 3
0 -35.608002 7.935287 -13.832598 0.479492 1.479492 3
0 -38.860516 7.935287 -19.466108 0.017578 1.479492 3
0 -39.074844 7.687798 -19.342369 0.017578 1.017578 3
0 -39.074844 1.182774 -19.342369 0.017578 1.479492 3
0 -35.822338 7.687798 -13.708853 0.479492 1.017578 3
0 -35.822338 1.182774 -13.708853 0.479492 1.479492 3
0 -33.227001 7.935287 -22.718622 0.479492 1 3
0 -29.974487 7.935287 -17.085108 0.017578 1 3
0 -29.974487 0.935287 -17.085108 0.017578 1.497070 3
0 -33.227001 0.935287 -22.718622 0.479492 1.497070 3
0 -35.608002 0.935287 -13.832598 0.479492 1.497070 3
0 -38.860516 0.935287 -19.466108 0.017578 1.497070 3
0 -38.860516 7.935287 -19.466108 0.017578 1 3
0 -35.608002 7.935287 -13.832598 0.479492 1 3
0 -34.544773 -8.964718 -18.496054 0.230225 1.501465 3
0 -34.290230 -8.964718 -18.055168 0.268555 1.501465 3
0 -29.636412 -13.078548 -16.994522 0.503906 1.003906 3
0 -34.417500 -13.078548 -18.275608 0.503906 1.246094 3
0 -29.636412 0.347824 -16.994522 0.981445 1.003906 3
0 -34.417500 0.347824 -18.275608 0.981445 1.246094 3
0 -34.417500 0.347824 -18.275608 0.518555 1.246094 3
0 -34.417500 -13.078548 -18.275608 0.996094 1.246094 3
0 -39.540096 0.347824 -19.648209 0.518555 1.003906 3
0 -39.540096 -13.078548 -19.648209 0.996094 1.003906 3
0 -33.136410 -13.078548 -23.056698 0.503906 1.003906 3
0 -33.136410 0.347824 -23.056698 0.981445 1.003906 3
0 -35.790096 0.347824 -13.153012 0.518555 1.003906 3
0 -35.790096 -13.078548 -13.153012 0.996094 1.003906 3
0 -35.790096 0.777466 -13.153012 0.503906 1.003906 3
0 -34.417500 0.777466 -18.275608 0.503906 1.246094 3
0 -34.417500 0.777466 -18.275608 0.996094 1.246094 3
0 -33.136410 0.777466 -23.056698 0.996094 1.003906 3
0 -39.540096 0.777466 -19.648209 0.503906 1.003906 3
0 -29.636412 0.777466 -16.994522 0.996094 1.003906 3
0 -3.499970 1.115852 42.999992 0.503906 1.003906 1
0 0.000030 1.115852 39.499996 0.503906 1.246094 1
0 -3.499970 15.022390 42.999992 0.981445 1.003906 1
0 0.000030 15.022390 39.499996 0.981445 1.246094 1
0 0.000030 15.022390 39.499996 0.518555 1.246094 1
0 0.000030 1.115852 39.499996 0.996094 1.246094 1
0 3.750030 15.022390 35.749996 0.518555 1.003906 1
0 3.750030 1.115852 35.749996 0.996094 1.003906 1
0 3.500030 1.115852 42.999992 0.503906 1.003906 1
0 3.500030 15.022390 42.999992 0.981445 1.003906 1
0 -3.749970 15.022390 35.749996 0.518555 1.003906 1
0 -3.749970 1.115852 35.749996 0.996094 1.003906 1
0 -3.749970 15.467400 35.749996 0.503906 1.003906 1
0 0.000030 15.467400 39.499996 0.503906 1.246094 1
0 0.000030 15.467400 39.499996 0.996094 1.246094 1
0 3.500030 15.467400 42.999992 0.996094 1.003906 1
0 3.750030 15.467400 35.749996 0.503906 1.003906 1
0 -3.499970 15.467400 42.999992 0.996094 1.003906 1
0 0.254575 5.108398 39.499996 0.230225 1.501465 1
0 -0.254515 5.108398 39.499996 0.268555 1.501465 1
0 38.989124 0.993797 -18.468914 0.503906 1.003906 2
0 34.208035 0.993797 -19.750004 0.503906 1.246094 2
0 38.989124 14.420172 -18.468914 0.981445 1.003906 2
0 34.208035 14.420172 -19.750004 0.981445 1.246094 2
0 34.208035 14.420172 -19.750004 0.518555 1.246094 2
0 34.208035 0.993797 -19.750004 0.996094 1.246094 2
0 29.085438 14.420172 -21.122597 0.518555 1.003906 2
0 29.085438 0.993797 -21.122597 0.996094 1.003906 2
0 35.489117 0.993797 -24.531094 0.503906 1.003906 2
0 35.489117 14.420172 -24.531094 0.981445 1.003906 2
0 32.835438 14.420172 -14.627408 0.518555 1.003906 2
0 32.835438 0.993797 -14.627408 0.996094 1.003906 2
0 32.835438 14.849815 -14.627408 0.503906 1.003906 2
0 34.208035 14.849815 -19.750004 0.503906 1.246094 2
0 34.208035 14.849815 -19.750004 0.996094 1.246094 2
0 35.489117 14.849815 -24.531094 0.996094 1.003906 2
0 29.085438 14.849815 -21.122597 0.503906 1.003906 2
0 38.989124 14.849815 -18.468914 0.996094 1.003906 2
0 34.080757 5.076187 -19.970448 0.230225 1.501465 2
0 34.335304 5.076187 -19.529558 0.268555 1.501465 2
0 -3.252480 15.241570 42.999992 0.017578 1.479492 1
0 3.252540 15.241570 42.999992 0.479492 1.479492 1
0 -3.252480 21.746590 42.999992 0.017578 1.017578 1
0 3.252540 21.746590 42.999992 0.479492 1.017578 1
0 3.252540 14.994080 36.247482 0.017578 1.017578 1
0 3.252540 14.994080 42.752506 0.017578 1.479492 1
0 -3.252480 14.994080 36.247482 0.479492 1.017578 1
0 -3.252480 14.994080 42.752506 0.479492 1.479492 1
0 -3.252480 21.994080 42.752506 0.479492 1.017578 1
0 3.252540 21.994080 42.752506 0.017578 1.017578 1
0 -3.252480 21.994080 36.247482 0.479492 1.479492 1
0 3.252540 21.994080 36.247482 0.017578 1.479492 1
0 3.252540 21.746590 35.999996 0.017578 1.017578 1
0 3.252540 15.241570 35.999996 0.017578 1.479492 1
0 -3.252480 21.746590 35.999996 0.479492 1.017578 1
0 -3.252480 15.241570 35.999996 0.479492 1.479492 1
0 3.252540 21.994080 42.752506 0.479492 1 1
0 -3.252480 21.994080 42.752506 0.017578 1 1
0 -3.252480 14.994080 42.752506 0.017578 1.497070 1
0 3.252540 14.994080 42.752506 0.479492 1.497070 1
0 -3.252480 14.994080 36.247482 0.479492 1.497070 1
0 3.252540 14.994080 36.247482 0.017578 1.497070 1
0 3.252540 21.994080 36.247482 0.017578 1 1
0 -3.252480 21.994080 36.247482 0.479492 1 1
0 38.865376 21.728695 -18.683245 0.017578 1.017578 2
0 35.612865 21.728695 -24.316757 0.479492 1.017578 2
0 29.765018 14.976185 -20.940502 0.017578 1.017578 2
0 35.398533 14.976185 -24.193018 0.017578 1.479492 2
0 33.017532 14.976185 -15.306988 0.479492 1.017578 2
0 38.651051 14.976185 -18.559504 0.479492 1.479492 2
0 38.651051 21.976189 -18.559504 0.479492 1.017578 2
0 35.398533 21.976189 -24.193018 0.017578 1.017578 2
0 33.017532 21.976189 -15.306988 0.479492 1.479492 2
0 29.765018 21.976189 -20.940502 0.017578 1.479492 2
0 35.398533 21.976189 -24.193018 0.479492 1 2
0 38.651051 21.976189 -18.559504 0.017578 1 2
192
0 1 0
-0.101945 0.877300 -0.468991
0.437183 0.274351 -0.856506
-0.310832 -0.033189 -0.949885
-0.843661 0.536876 0
0.843661 0.536876 0
-0.437188 0.274342 0.856506
0.310836 -0.033206 0.949883
0.101946 0.877300 0.468990
-0.695604 -0.560043 -0.449986
-0.814798 0.176591 -0.552196
0.900630 -0.208788 -0.381148
0.449983 -0.560038 -0.695609
-0.900630 -0.208795 0.381143
-0.449982 -0.560057 0.695595
0.695601 -0.560054 0.449977
0.814801 0.176584 0.552193
-0.355186 0.877299 0.322783
-0.960349 0.274347 0.049642
-0.667207 -0.033198 0.744132
0.421831 0.536875 0.730632
-0.421831 0.536875 -0.730633
0.960350 0.274344 -0.049639
0.667207 -0.033200 -0.744132
0.355185 0.877300 -0.322783
-0.041894 -0.560048 0.827400
-0.070816 0.176586 0.981734
-0.780398 -0.208791 -0.589394
-0.827402 -0.560046 -0.041894
0.780396 -0.208793 0.589395
0.827398 -0.560051 0.041895
0.041895 -0.560048 -0.827400
0.070816 0.176586 -0.981735
0.892862 -0.244078 0.378450
0.673883 -0.302903 0.673893
0.692704 -0.692701 0.200816
0.841992 0.453374 0.292406
0.673887 0.673887 0.302909
0.692698 0.200812 0.692708
-0.692702 0.692702 0.200815
-0.841991 0.292403 0.453379
-0.673883 0.302904 0.673893
-0.892863 -0.378445 0.244081
-0.673888 -0.673885 0.302909
-0.692698 -0.200811 0.692708
-0.841991 -0.292402 -0.453379
-0.673883 -0.302903 -0.673893
-0.692704 -0.692701 -0.200816
0.692698 -0.200811 -0.692708
0.841992 -0.453373 -0.292406
0.673888 -0.673885 -0.302909
0.673883 0.302904 -0.673893
0.692702 0.692702 -0.200815
0.892861 0.244078 -0.378450
-0.673887 0.673887 -0.302909
-0.692698 0.200812 -0.692708
-0.892862 0.378446 -0.244081
-0.118685 -0.244073 -0.962467
0.246666 -0.302896 -0.920549
-0.172443 -0.692693 -0.700314
-0.167767 0.453367 -0.875393
-0.074619 0.673875 -0.735068
0.253552 0.200807 -0.946249
0.520270 0.692688 0.499501
0.813631 0.292394 0.502504
0.920550 0.302893 0.246665
0.657812 -0.378436 0.651206
0.599279 -0.673870 0.432161
0.946250 -0.200805 0.253551
0.028367 -0.292398 0.955876
-0.246656 -0.302900 0.920550
0.172447 -0.692692 0.700314
-0.946251 -0.200810 -0.253543
-0.674228 -0.453369 -0.582987
-0.599273 -0.673881 -0.432153
-0.920550 0.302901 -0.246657
-0.520266 0.692695 -0.499496
-0.774177 0.244076 -0.584018
0.074623 0.673878 0.735065
-0.253542 0.200809 0.946252
0.235056 0.378439 0.895284
-0.118691 -0.244078 -0.962465
0.246653 -0.302905 -0.920549
-0.172443 -0.692705 -0.700302
-0.167770 0.453374 -0.875389
-0.074624 0.673883 -0.735059
0.253540 0.200812 -0.946252
0.520257 0.692705 0.499492
0.813627 0.292405 0.502504
0.920544 0.302910 0.246666
0.657807 -0.378450 0.651203
0.599261 -0.673893 0.432150
0.946247 -0.200817 0.253553
0.028358 -0.292408 0.955873
-0.246667 -0.302911 0.920543
0.172439 -0.692709 0.700299
-0.946252 -0.200814 -0.253538
-0.674226 -0.453378 -0.582982
-0.599265 -0.673894 -0.432143
-0.920549 0.302906 -0.246652
-0.520261 0.692704 -0.499489
-0.774178 0.244080 -0.584015
0.074617 0.673892 0.735052
-0.253554 0.200816 0.946247
0.235051 0.378449 0.895281
-0.355186 0.877300 0.322781
-0.960349 0.274344 0.049642
-0.667207 -0.033204 0.744132
0.421831 0.536876 0.730632
-0.421831 0.536876 -0.730632
0.960349 0.274345 -0.049642
0.667208 -0.033198 -0.744132
0.355186 0.877300 -0.322782
-0.041893 -0.560055 0.827396
-0.070817 0.176584 0.981735
-0.780399 -0.208797 -0.589390
-0.827396 -0.560054 -0.041893
0.780399 -0.208794 0.589392
0.827400 -0.560049 0.041893
0.041897 -0.560050 -0.827399
0.070818 0.176586 -0.981734
0.800107 -0.382672 -0.461942
0.612384 -0.707093 -0.353560
0.800106 -0.382675 -0.461942
0.612380 -0.707097 -0.353559
-0.612381 -0.707097 0.353559
-0.747259 -0.505441 0.431431
-0.612381 -0.707097 0.353558
-0.837913 -0.252721 0.483770
-0.612380 0.707098 0.353558
-0.747259 0.505441 0.431431
-0.612381 0.707097 0.353558
-0.837913 0.252720 0.483770
0.800100 -0.382689 -0.461940
0.800102 -0.382686 -0.461940
0.800102 0.382684 -0.461940
0.800103 0.382681 -0.461941
0 -1 0
-0.747256 0.505449 0.431428
-0.837914 -0.252723 0.483769
-0.837912 0.252727 0.483768
-0.747255 -0.505451 0.431427
0.612371 0.707108 -0.353553
0.612367 0.707113 -0.353551
0.612368 -0.707111 -0.353552
0.612373 -0.707106 -0.353554
-0.612364 -0.707116 0.353549
-0.612370 -0.707109 0.353552
-0.612379 0.707099 0.353557
-0.612373 0.707106 0.353554
-0.363455 0.874086 -0.322295
0.363455 0.874086 0.322295
0.258819 0 -0.965926
-0.500000 0 -0.866025
0.258819 0 -0.965926
-0.499999 0 -0.866026
0.258820 0 -0.965926
-0.965926 0 -0.258819
-0.965926 0 -0.258819
-0.965926 0 -0.258819
-0.500000 0 -0.866026
0.258819 0 -0.965926
0.707106 0 0.707107
1 0 0
0.707107 0 0.707107
0.707106 0 -0.707107
0.707107 0 -0.707107
0.460843 0.874086 -0.153614
-0.460844 0.874086 0.153613
0.258819 0 -0.965926
-0.500001 0 -0.866025
-0.500000 0 -0.866025
-0.500000 0 -0.866025
-0.965926 0 -0.258818
-0.965926 0 -0.258818
-0.965926 0 -0.258819
-0.363457 0.874086 -0.322294
0.363455 0.874086 0.322296
0 -0.382679 0.923881
0 0.382680 0.923881
0 0.505445 -0.862859
0 -0.252722 -0.967539
0 0.252722 -0.967539
0 -0.505444 -0.862860
0 0.707101 0.707112
0 -0.707100 0.707114
0 -0.707100 -0.707114
0 0.707101 -0.707112
0.800106 0.382675 -0.461942
0.800105 0.382677 -0.461941
0.612384 0.707093 -0.353560
0.612387 0.707089 -0.353563
270
0 0 1 2 0 0 0 1
0 0 3 4 0 0 0 1
0 0 5 6 0 0 0 1
0 0 7 8 0 0 0 1
0 9 10 11 1 2 3 1
0 12 13 14 4 4 4 1
0 15 16 17 5 5 5 1
0 18 19 20 6 7 8 1
0 11 21 22 3 9 10 1
0 23 24 10 11 12 2 1
0 25 26 18 13 14 6 1
0 19 27 28 7 15 16 1
0 29 30 31 0 0 0 1
0 29 32 33 0 0 0 1
0 29 34 35 0 0 0 1
0 29 36 37 0 0 0 1
0 38 39 40 17 18 19 1
0 41 42 43 20 20 20 1
0 44 45 46 21 21 21 1
0 47 48 49 22 23 24 1
0 40 50 51 19 25 26 1
0 52 53 39 27 28 18 1
0 54 55 47 29 30 22 1
0 48 56 57 23 31 32 1
0 58 59 60 33 34 35 1
0 61 62 63 36 37 38 1
0 64 65 66 39 40 41 1
0 67 68 69 42 43 44 1
0 70 71 72 45 46 47 1
0 73 74 75 48 49 50 1
0 76 77 78 51 52 53 1
0 79 80 81 54 55 56 1
0 82 83 84 57 58 59 1
0 85 86 87 60 61 62 1
0 88 89 90 63 64 65 1
0 91 92 93 66 67 68 1
0 94 95 96 69 70 71 1
0 97 98 99 72 73 74 1
0 100 101 102 75 76 77 1
0 103 104 105 78 79 80 1
0 106 107 108 81 82 83 1
0 109 110 111 84 85 86 1
0 112 113 114 87 88 89 1
0 115 116 117 90 91 92 1
0 118 119 120 93 94 95 1
0 121 122 123 96 97 98 1
0 124 125 126 99 100 101 1
0 127 128 129 102 103 104 1
0 130 131 132 105 106 107 1
0 133 134 135 108 108 108 1
0 136 137 138 109 109 109 1
0 139 140 141 110 111 112 1
0 132 142 143 107 113 114 1
0 144 145 131 115 116 106 1
0 146 147 139 117 118 110 1
0 140 148 149 111 119 120 1
0 150 151 152 0 0 0 1
0 150 153 154 0 0 0 1
0 150 155 156 0 0 0 1
0 150 157 158 0 0 0 1
0 90 89 93 65 64 68 1
0 89 91 93 64 66 68 1
0 159 160 161 121 122 123 1
0 160 162 161 122 124 123 1
0 92 91 96 67 66 71 1
0 91 94 96 66 69 71 1
0 163 164 165 125 126 127 1
0 164 166 165 126 128 127 1
0 99 98 84 74 73 59 1
0 98 82 84 73 57 59 1
0 98 97 102 73 72 77 1
0 97 100 102 72 75 77 1
0 102 101 85 77 76 60 1
0 101 86 85 76 61 60 1
0 89 88 105 64 63 80 1
0 88 103 105 63 78 80 1
0 105 104 94 80 79 69 1
0 104 95 94 79 70 69 1
0 167 168 169 129 130 131 1
0 168 170 169 130 132 131 1
0 171 172 173 133 134 135 1
0 172 174 173 134 136 135 1
0 175 176 177 137 137 137 1
0 176 178 177 137 137 137 1
0 109 106 126 84 81 101 1
0 106 122 126 81 97 101 1
0 118 115 129 93 90 104 1
0 115 113 129 90 88 104 1
0 179 180 181 0 0 0 1
0 180 182 181 0 0 0 1
0 183 184 185 138 139 140 1
0 184 186 185 139 141 140 1
0 107 106 111 82 81 86 1
0 106 109 111 81 84 86 1
0 174 187 173 136 142 135 1
0 187 188 173 142 143 135 1
0 114 113 117 89 88 92 1
0 113 115 117 88 90 92 1
0 171 189 172 133 144 134 1
0 189 190 172 144 145 134 1
0 116 115 120 91 90 95 1
0 115 118 120 90 93 95 1
0 191 186 192 146 141 147 1
0 186 184 192 141 139 147 1
0 123 122 108 98 97 83 1
0 122 106 108 97 81 83 1
0 122 121 126 97 96 101 1
0 121 124 126 96 99 101 1
0 126 125 109 101 100 84 1
0 125 110 109 100 85 84 1
0 113 112 129 88 87 104 1
0 112 127 129 87 102 104 1
0 129 128 118 104 103 93 1
0 128 119 118 103 94 93 1
0 193 183 194 148 138 149 1
0 183 185 194 138 140 149 1
0 195 141 149 150 112 120 1
0 141 140 149 112 111 120 1
0 196 141 130 151 112 105 1
0 141 195 130 112 150 105 1
0 132 143 130 107 114 105 1
0 143 196 130 114 151 105 1
0 130 195 131 105 150 106 1
0 195 144 131 150 115 106 1
0 146 139 196 117 110 151 1
0 139 141 196 110 112 151 1
0 139 147 140 110 118 111 1
0 147 148 140 118 119 111 1
0 147 146 142 118 117 113 1
0 146 143 142 117 114 113 1
0 142 132 145 113 107 116 1
0 132 131 145 107 106 116 1
0 145 144 148 116 115 119 1
0 144 149 148 115 120 119 1
0 197 198 199 152 153 154 1
0 198 200 199 153 153 154 1
0 201 202 203 155 155 156 1
0 202 204 203 155 156 156 1
0 205 198 206 157 153 158 1
0 198 200 206 153 153 158 1
0 201 202 207 155 155 159 1
0 202 208 207 155 159 159 1
0 207 209 201 159 159 155 1
0 209 210 201 159 160 155 1
0 200 211 206 153 153 158 1
0 211 212 206 153 158 158 1
0 203 213 201 156 156 155 1
0 213 210 201 156 160 155 1
0 200 211 199 153 153 154 1
0 211 214 199 153 161 154 1
0 215 216 217 162 163 162 1
0 216 218 217 163 163 162 1
0 219 220 221 163 163 164 1
0 220 222 221 163 164 164 1
0 223 216 224 165 163 165 1
0 216 218 224 163 163 165 1
0 219 220 225 163 163 166 1
0 220 226 225 163 166 166 1
0 225 227 219 166 166 163 1
0 227 228 219 166 163 163 1
0 218 229 224 163 163 165 1
0 229 230 224 163 165 165 1
0 221 231 219 164 164 163 1
0 231 228 219 164 163 163 1
0 218 229 217 163 163 162 1
0 229 232 217 163 162 162 1
0 233 20 28 167 8 16 1
0 20 19 28 8 7 16 1
0 234 20 9 168 8 1 1
0 20 233 9 8 167 1 1
0 11 22 9 3 10 1 1
0 22 234 9 10 168 1 1
0 9 233 10 1 167 2 1
0 233 23 10 167 11 2 1
0 25 18 234 13 6 168 1
0 18 20 234 6 8 168 1
0 18 26 19 6 14 7 1
0 26 27 19 14 15 7 1
0 26 25 21 14 13 9 1
0 25 22 21 13 10 9 1
0 21 11 24 9 3 12 1
0 11 10 24 3 2 12 1
0 24 23 27 12 11 15 1
0 23 28 27 11 16 15 1
0 235 236 237 169 170 169 1
0 236 238 237 170 170 169 1
0 239 240 241 171 172 152 1
0 240 242 241 172 152 152 1
0 243 236 244 173 170 174 1
0 236 238 244 170 170 174 1
0 239 240 245 171 172 175 1
0 240 246 245 172 159 175 1
0 245 247 239 175 175 171 1
0 247 248 239 175 172 171 1
0 238 249 244 170 170 174 1
0 249 250 244 170 174 174 1
0 241 251 239 152 152 171 1
0 251 248 239 152 172 171 1
0 238 249 237 170 170 169 1
0 249 252 237 170 169 169 1
0 253 49 57 176 24 32 1
0 49 48 57 24 23 32 1
0 254 49 38 177 24 17 1
0 49 253 38 24 176 17 1
0 40 51 38 19 26 17 1
0 51 254 38 26 177 17 1
0 38 253 39 17 176 18 1
0 253 52 39 176 27 18 1
0 54 47 254 29 22 177 1
0 47 49 254 22 24 177 1
0 47 55 48 22 30 23 1
0 55 56 48 30 31 23 1
0 55 54 50 30 29 25 1
0 54 51 50 29 26 25 1
0 50 40 53 25 19 28 1
0 40 39 53 19 18 28 1
0 53 52 56 28 27 31 1
0 52 57 56 27 32 31 1
0 255 256 257 178 178 179 1
0 256 258 257 178 179 179 1
0 259 260 261 137 137 137 1
0 260 262 261 137 137 137 1
0 61 58 78 36 33 53 1
0 58 74 78 33 49 53 1
0 70 67 81 45 42 56 1
0 67 65 81 42 40 56 1
0 263 264 265 0 0 0 1
0 264 266 265 0 0 0 1
0 267 268 269 180 181 182 1
0 268 270 269 181 183 182 1
0 59 58 63 34 33 38 1
0 58 61 63 33 36 38 1
0 258 271 257 179 184 179 1
0 271 272 257 184 184 179 1
0 66 65 69 41 40 44 1
0 65 67 69 40 42 44 1
0 255 273 256 178 185 178 1
0 273 274 256 185 185 178 1
0 68 67 72 43 42 47 1
0 67 70 72 42 45 47 1
0 275 270 276 186 183 186 1
0 270 268 276 183 181 186 1
0 75 74 60 50 49 35 1
0 74 58 60 49 33 35 1
0 74 73 78 49 48 53 1
0 73 76 78 48 51 53 1
0 78 77 61 53 52 36 1
0 77 62 61 52 37 36 1
0 65 64 81 40 39 56 1
0 64 79 81 39 54 56 1
0 81 80 70 56 55 45 1
0 80 71 70 55 46 45 1
0 277 267 278 187 180 187 1
0 267 269 278 180 182 187 1
0 159 161 279 121 123 188 1
0 161 280 279 123 189 188 1
0 281 282 283 137 137 137 1
0 282 284 283 137 137 137 1
0 85 82 102 60 57 77 1
0 82 98 102 57 73 77 1
0 94 91 105 69 66 80 1
0 91 89 105 66 64 80 1
0 285 286 287 0 0 0 1
0 286 288 287 0 0 0 1
0 168 166 170 130 128 132 1
0 166 164 170 128 126 132 1
0 83 82 87 58 57 62 1
0 82 85 87 57 60 62 1
0 280 289 279 189 190 188 1
0 289 290 279 190 191 188 1

Materials: 2
"Tex_0000_0_dds"
1 1 1 1
0.800000 0.800000 0.800000 1
0.494118 0.494118 0.494118 1
1 1 1 1
0.185600
1
"Tex_0000_0.png"
""
"Tex_0013_0_dds"
1 1 1 1
0.800000 0.800000 0.800000 1
0.494118 0.494118 0.494118 1
1 1 1 1
0
1
"Tex_0010_0.ini"
""

Bones: 4
"Camera"
""
8 0 0 0 0 -0 0
0
0
"Cubo1"
"Camera"
8 0 0 0 0 -0 0
200
0.000001 0 0 0
2 0 0 0
3 0 0 0
4 0 0 0
5 0 0 0
6 0 -0.007554 0
7 0 -0.019149 0
8 0 -0.034696 0
9 0 -0.054107 0
10 0 -0.077295 0
11 0 -0.104171 0
12 0 -0.134647 0
13 0 -0.168635 0
14 0 -0.206047 0
15 0 -0.246796 0
16 0 -0.290792 0
17 0 -0.337947 0
18 0 -0.388175 0
19 0 -0.441386 0
20 0 -0.497493 0
21 0 -0.556408 0
22 0 -0.618042 0
23 0 -0.682307 0
24 0 -0.749116 0
25 0 -0.818380 0
26 0 -0.890012 0
27 0 -0.963922 0
28 0 -1.040024 0
29 0 -1.118229 0
30 0 -1.198449 0
31 0 -1.280595 0
32 0 -1.364581 0
33 0 -1.450317 0
34 0 -1.537717 0
35 0 -1.626690 0
36 0 -1.717151 0
37 0 -1.809010 0
38 0 -1.902179 0
39 0 -1.996571 0
40 0 -2.092097 0
41 0 -2.188670 0
42 0 -2.286201 0
43 0 -2.384602 0
44 0 -2.483785 0
45 0 -2.583662 0
46 0 -2.684145 0
47 0 -2.785146 0
48 0 -2.886576 0
49 0 -2.988349 0
50 0 -3.090375 0
51 0 -3.192567 0
52 0 -3.294837 0
53 0 -3.397096 0
54 0 -3.499256 0
55 0 -3.601230 0
56 0 -3.702930 0
57 0 -3.804266 0
58 0 -3.905152 0
59 0 -4.005499 0
60 0 -4.105219 0
61 0 -4.204224 0
62 0 -4.302426 0
62.999996 0 -4.399737 0
64 0 -4.496068 0
65 0 -4.591333 0
66 0 -4.685442 0
67 0 -4.778308 0
68 0 -4.869842 0
69 0 -4.959957 0
70 0 -5.048564 0
71 0 -5.135576 0
72 0 -5.220904 0
73 0 -5.304460 0
74 0 -5.386156 0
75 0 -5.465905 0
76 0 -5.543617 0
77 0 -5.619206 0
78 0 -5.692583 0
79 0 -5.763659 0
80 0 -5.832347 0
81 0 -5.898559 0
82 0 -5.962207 0
83 0 -6.023202 0
84 0 -6.081457 0
85 0 -6.136883 0
86 0 -6.189393 0
87 0 -6.238898 0
88 0 -6.285310 0
89 0 -6.328542 0
90 0 -6.368505 0
91 0 -6.405111 0
92 0 -6.438271 0
93 0 -6.467899 0
94 0 -6.493906 0
95 0 -6.516204 0
96 0 -6.534704 0
97 0 -6.549319 0
98 0 -6.559961 0
99 0 -6.566542 0
100 0 -6.568973 0
101 0 -6.567195 0
102 0 -6.561268 0
103 0 -6.551278 0
104 0 -6.537314 0
105 0 -6.519463 0
106 0 -6.497813 0
107 0 -6.472450 0
108 0 -6.443464 0
109 0 -6.410941 0
110 0 -6.374969 0
111 0 -6.335636 0
112 0 -6.293029 0
113 0 -6.247237 0
114 0 -6.198346 0
115 0 -6.146444 0
116 0 -6.091619 0
117 0 -6.033959 0
118 0 -5.973551 0
119 0 -5.910482 0
120 0 -5.844841 0
121 0 -5.776716 0
122 0 -5.706192 0
123 0 -5.633360 0
124 0 -5.558305 0
124.999992 0 -5.481115 0
125.999992 0 -5.401879 0
126.999992 0 -5.320684 0
128 0 -5.237617 0
129 0 -5.152766 0
130 0 -5.066219 0
131 0 -4.978063 0
132 0 -4.888386 0
133 0 -4.797276 0
134 0 -4.704820 0
135 0 -4.611106 0
136 0 -4.516221 0
137 0 -4.420254 0
138 0 -4.323291 0
139 0 -4.225421 0
140 0 -4.126731 0
141 0 -4.027308 0
142 0 -3.927240 0
143 0 -3.826616 0
144 0 -3.725522 0
145 0 -3.624046 0
146 0 -3.522276 0
147 0 -3.420299 0
148 0 -3.318203 0
149 0 -3.216076 0
150 0 -3.114006 0
151 0 -3.012079 0
152 0 -2.910384 0
153 0 -2.809008 0
154 0 -2.708038 0
155 0 -2.607564 0
156 0 -2.507671 0
157 0 -2.408448 0
158 0 -2.309982 0
159 0 -2.212362 0
160 0 -2.115673 0
161 0 -2.020005 0
162 0 -1.925445 0
163 0 -1.832081 0
164 0 -1.739999 0
165 0 -1.649289 0
166 0 -1.560036 0
167 0 -1.472330 0
168 0 -1.386257 0
169 0 -1.301906 0
170 0 -1.219363 0
171 0 -1.138717 0
172 0 -1.060055 0
173 0 -0.983465 0
174 0 -0.909034 0
175 0 -0.836850 0
176 0 -0.767001 0
177 0 -0.699574 0
178 0 -0.634657 0
179 0 -0.572338 0
180 0 -0.512704 0
181 0 -0.455842 0
182 0 -0.401841 0
183 0 -0.350788 0
184 0 -0.302771 0
185 0 -0.257877 0
186 0 -0.216194 0
187 0 -0.177810 0
188 0 -0.142812 0
189 0 -0.111288 0
190 0 -0.083325 0
191 0 -0.059011 0
192 0 -0.038434 0
193 0 -0.021681 0
194 0 -0.008841 0
195 0 -0 0
196 0 -0 0
197 0 -0 0
198 0 -0 0
199 0 -0 0
200 0 -0 0
0
"Cubo2"
"Camera"
8 0 0 0 0 -0 0
200
0.000001 0 -6.568972 0
2 0 -6.571553 0
3 0 -6.573101 0
4 0 -6.572585 0
5 0 -6.568972 0
6 0 -6.561418 0
7 0 -6.549823 0
8 0 -6.534276 0
9 0 -6.514865 0
10 0 -6.491677 0
11 0 -6.464801 0
12 0 -6.434325 0
13 0 -6.400337 0
14 0 -6.362925 0
15 0 -6.322176 0
16 0 -6.278180 0
17 0 -6.231025 0
18 0 -6.180797 0
19 0 -6.127586 0
20 0 -6.071479 0
21 0 -6.012564 0
22 0 -5.950930 0
23 0 -5.886665 0
24 0 -5.819856 0
25 0 -5.750592 0
26 0 -5.678960 0
27 0 -5.605050 0
28 0 -5.528948 0
29 0 -5.450743 0
30 0 -5.370523 0
31 0 -5.288377 0
32 0 -5.204391 0
33 0 -5.118655 0
34 0 -5.031255 0
35 0 -4.942282 0
36 0 -4.851821 0
37 0 -4.759962 0
38 0 -4.666793 0
39 0 -4.572401 0
40 0 -4.476875 0
41 0 -4.380302 0
42 0 -4.282771 0
43 0 -4.184370 0
44 0 -4.085187 0
45 0 -3.985310 0
46 0 -3.884827 0
47 0 -3.783826 0
48 0 -3.682396 0
49 0 -3.580623 0
50 0 -3.478597 0
51 0 -3.376405 0
52 0 -3.274135 0
53 0 -3.171876 0
54 0 -3.069716 0
55 0 -2.967742 0
56 0 -2.866042 0
57 0 -2.764706 0
58 0 -2.663820 0
59 0 -2.563473 0
60 0 -2.463753 0
61 0 -2.364748 0
62 0 -2.266546 0
62.999996 0 -2.169235 0
64 0 -2.072904 0
65 0 -1.977639 0
66 0 -1.883530 0
67 0 -1.790664 0
68 0 -1.699130 0
69 0 -1.609015 0
70 0 -1.520408 0
71 0 -1.433396 0
72 0 -1.348068 0
73 0 -1.264512 0
74 0 -1.182816 0
75 0 -1.103067 0
76 0 -1.025355 0
77 0 -0.949766 0
78 0 -0.876389 0
79 0 -0.805313 0
80 0 -0.736625 0
81 0 -0.670413 0
82 0 -0.606765 0
83 0 -0.545770 0
84 0 -0.487515 0
85 0 -0.432089 0
86 0 -0.379579 0
87 0 -0.330074 0
88 0 -0.283662 0
89 0 -0.240430 0
90 0 -0.200467 0
91 0 -0.163861 0
92 0 -0.130701 0
93 0 -0.101073 0
94 0 -0.075066 0
95 0 -0.052768 0
96 0 -0.034268 0
97 0 -0.019653 0
98 0 -0.009011 0
99 0 -0.002430 0
100 0 0 0
101 0 -0.001777 0
102 0 -0.007704 0
103 0 -0.017694 0
104 0 -0.031658 0
105 0 -0.049509 0
106 0 -0.071159 0
107 0 -0.096522 0
108 0 -0.125508 0
109 0 -0.158031 0
110 0 -0.194003 0
111 0 -0.233336 0
112 0 -0.275943 0
113 0 -0.321735 0
114 0 -0.370626 0
115 0 -0.422528 0
116 0 -0.477353 0
117 0 -0.535013 0
118 0 -0.595421 0
119 0 -0.658490 0
120 0 -0.724131 0
121 0 -0.792256 0
122 0 -0.862780 0
123 0 -0.935612 0
124 0 -1.010667 0
124.999992 0 -1.087857 0
125.999992 0 -1.167093 0
126.999992 0 -1.248288 0
128 0 -1.331355 0
129 0 -1.416206 0
130 0 -1.502753 0
131 0 -1.590909 0
132 0 -1.680586 0
133 0 -1.771696 0
134 0 -1.864152 0
135 0 -1.957866 0
136 0 -2.052751 0
137 0 -2.148718 0
138 0 -2.245681 0
139 0 -2.343551 0
140 0 -2.442241 0
141 0 -2.541664 0
142 0 -2.641732 0
143 0 -2.742356 0
144 0 -2.843450 0
145 0 -2.944926 0
146 0 -3.046696 0
147 0 -3.148673 0
148 0 -3.250769 0
149 0 -3.352896 0
150 0 -3.454966 0
151 0 -3.556893 0
152 0 -3.658588 0
153 0 -3.759964 0
154 0 -3.860934 0
155 0 -3.961408 0
156 0 -4.061301 0
157 0 -4.160524 0
158 0 -4.258990 0
159 0 -4.356610 0
160 0 -4.453299 0
161 0 -4.548967 0
162 0 -4.643527 0
163 0 -4.736891 0
164 0 -4.828973 0
165 0 -4.919683 0
166 0 -5.008936 0
167 0 -5.096642 0
168 0 -5.182715 0
169 0 -5.267066 0
170 0 -5.349609 0
171 0 -5.430255 0
172 0 -5.508917 0
173 0 -5.585507 0
174 0 -5.659938 0
175 0 -5.732122 0
176 0 -5.801971 0
177 0 -5.869398 0
178 0 -5.934315 0
179 0 -5.996634 0
180 0 -6.056268 0
181 0 -6.113130 0
182 0 -6.167131 0
183 0 -6.218184 0
184 0 -6.266201 0
185 0 -6.311095 0
186 0 -6.352778 0
187 0 -6.391162 0
188 0 -6.426160 0
189 0 -6.457684 0
190 0 -6.485647 0
191 0 -6.509961 0
192 0 -6.530538 0
193 0 -6.547291 0
194 0 -6.560131 0
195 0 -6.568972 0
196 0 -6.573877 0
197 0 -6.575512 0
198 0 -6.574695 0
199 0 -6.572242 0
200 0 -6.568972 0
0
"Cubo3"
"Camera"
8 0 0 0 0 -0 0
200
0.000001 0 -2.965519 0
2 0 -2.964103 0
3 0 -2.963254 0
4 0 -2.963537 0
5 0 -2.965519 0
6 0 -2.969662 0
7 0 -2.976023 0
8 0 -2.984551 0
9 0 -2.995200 0
10 0 -3.007919 0
11 0 -3.022662 0
12 0 -3.039380 0
13 0 -3.058025 0
14 0 -3.078547 0
15 0 -3.100900 0
16 0 -3.125034 0
17 0 -3.150902 0
18 0 -3.178455 0
19 0 -3.207644 0
20 0 -3.238422 0
21 0 -3.270740 0
22 0 -3.304550 0
23 0 -3.339803 0
24 0 -3.376452 0
25 0 -3.414447 0
26 0 -3.453741 0
27 0 -3.494285 0
28 0 -3.536031 0
29 0 -3.578931 0
30 0 -3.622936 0
31 0 -3.667998 0
32 0 -3.714069 0
33 0 -3.761100 0
34 0 -3.809043 0
35 0 -3.857851 0
36 0 -3.907473 0
37 0 -3.957863 0
38 0 -4.008972 0
39 0 -4.060751 0
40 0 -4.113153 0
41 0 -4.166128 0
42 0 -4.219629 0
43 0 -4.273608 0
44 0 -4.328015 0
45 0 -4.382804 0
46 0 -4.437924 0
47 0 -4.493329 0
48 0 -4.548970 0
49 0 -4.604798 0
50 0 -4.660765 0
51 0 -4.716823 0
52 0 -4.772923 0
53 0 -4.829018 0
54 0 -4.885059 0
55 0 -4.940998 0
56 0 -4.996786 0
57 0 -5.052374 0
58 0 -5.107716 0
59 0 -5.162762 0
60 0 -5.217464 0
61 0 -5.271774 0
62 0 -5.325643 0
62.999996 0 -5.379024 0
64 0 -5.431867 0
65 0 -5.484125 0
66 0 -5.535749 0
67 0 -5.586691 0
68 0 -5.636903 0
69 0 -5.686336 0
70 0 -5.734942 0
71 0 -5.782673 0
72 0 -5.829480 0
73 0 -5.875316 0
74 0 -5.920131 0
75 0 -5.963877 0
76 0 -6.006507 0
77 0 -6.047972 0
78 0 -6.088223 0
79 0 -6.127212 0
80 0 -6.164892 0
81 0 -6.201213 0
82 0 -6.236127 0
83 0 -6.269586 0
84 0 -6.301543 0
85 0 -6.331947 0
86 0 -6.360752 0
87 0 -6.387908 0
88 0 -6.413368 0
89 0 -6.437083 0
90 0 -6.459005 0
91 0 -6.479085 0
92 0 -6.497276 0
93 0 -6.513528 0
94 0 -6.527794 0
95 0 -6.540026 0
96 0 -6.550174 0
97 0 -6.558192 0
98 0 -6.564029 0
99 0 -6.567639 0
100 0 -6.568973 0
101 0 -6.567998 0
102 0 -6.564746 0
103 0 -6.559266 0
104 0 -6.551606 0
105 0 -6.541814 0
106 0 -6.529937 0
107 0 -6.516025 0
108 0 -6.500124 0
109 0 -6.482283 0
110 0 -6.462551 0
111 0 -6.440974 0
112 0 -6.417602 0
113 0 -6.392482 0
114 0 -6.365663 0
115 0 -6.337192 0
116 0 -6.307117 0
117 0 -6.275487 0
118 0 -6.242350 0
119 0 -6.207753 0
120 0 -6.171746 0
121 0 -6.134375 0
122 0 -6.095689 0
123 0 -6.055736 0
124 0 -6.014564 0
124.999992 0 -5.972221 0
125.999992 0 -5.928756 0
126.999992 0 -5.884215 0
128 0 -5.838648 0
129 0 -5.792103 0
130 0 -5.744627 0
131 0 -5.696269 0
132 0 -5.647076 0
133 0 -5.597097 0
134 0 -5.546379 0
135 0 -5.494972 0
136 0 -5.442922 0
137 0 -5.390279 0
138 0 -5.337089 0
139 0 -5.283402 0
140 0 -5.229264 0
141 0 -5.174725 0
142 0 -5.119833 0
143 0 -5.064634 0
144 0 -5.009179 0
145 0 -4.953513 0
146 0 -4.897687 0
147 0 -4.841747 0
148 0 -4.785741 0
149 0 -4.729719 0
150 0 -4.673727 0
151 0 -4.617815 0
152 0 -4.562029 0
153 0 -4.506419 0
154 0 -4.451031 0
155 0 -4.395915 0
156 0 -4.341118 0
157 0 -4.286689 0
158 0 -4.232675 0
159 0 -4.179124 0
160 0 -4.126086 0
161 0 -4.073606 0
162 0 -4.021735 0
163 0 -3.970519 0
164 0 -3.920007 0
165 0 -3.870247 0
166 0 -3.821287 0
167 0 -3.773175 0
168 0 -3.725959 0
169 0 -3.679688 0
170 0 -3.634408 0
171 0 -3.590170 0
172 0 -3.547019 0
173 0 -3.505005 0
174 0 -3.464175 0
175 0 -3.424579 0
176 0 -3.386262 0
177 0 -3.349275 0
178 0 -3.313664 0
179 0 -3.279479 0
180 0 -3.246766 0
181 0 -3.215574 0
182 0 -3.185952 0
183 0 -3.157946 0
184 0 -3.131606 0
185 0 -3.106979 0
186 0 -3.084114 0
187 0 -3.063058 0
188 0 -3.043859 0
189 0 -3.026566 0
190 0 -3.011227 0
191 0 -2.997890 0
192 0 -2.986602 0
193 0 -2.977412 0
194 0 -2.970368 0
195 0 -2.965518 0
196 0 -2.962828 0
197 0 -2.961931 0
198 0 -2.962380 0
199 0 -2.963725 0
200 0 -2.965518 0
0
GroupComments: 0
MaterialComments: 0
BoneComments: 0
ModelComment: 0
