Meshes: 9
"default" 0 0
100
0 -0.070830 -0.436033 0.610311 0.000000 0.000000 17
0 0.879364 -0.454222 0.606791 0.000000 0.000000 17
0 0.575554 -0.865275 0.606791 0.000000 0.000000 17
0 1.003449 -0.286326 0.163959 0.000000 0.000000 17
0 0.221151 0.216398 0.427184 0.000000 0.000000 18
0 0.479278 -0.995542 0.163959 0.000000 0.000000 17
0 -0.078258 -0.188706 -0.202989 0.000000 0.000000 18
0 0.575554 -0.865276 -0.278873 0.000000 0.000000 17
0 -0.070830 -0.436033 -0.114323 0.000000 0.000000 17
0 0.288987 0.050806 -0.114324 0.000000 0.000000 17
0 0.879364 -0.454222 -0.278873 0.000000 0.000000 17
0 0.221151 0.216398 -0.202989 0.000000 0.000000 18
0 -0.078256 -0.188703 0.427184 0.000000 0.000000 18
0 0.288987 0.050806 0.610311 0.000000 0.000000 17
0 -0.052926 -0.174667 -0.123646 0.000000 0.000000 18
0 0.251426 -0.624620 0.806145 0.000000 0.000000 18
0 0.251426 -0.624620 0.543368 0.000000 0.000000 18
0 -0.052924 -0.174669 0.521168 0.000000 0.000000 18
0 0.229553 0.207530 0.521169 0.000000 0.000000 18
0 0.508328 -0.420645 0.806145 0.000000 0.000000 18
0 1.113001 -0.464245 -0.244960 0.000000 0.000000 18
0 0.936303 -0.918748 -0.192405 0.000000 0.000000 18
0 1.130757 -0.799267 -0.192404 0.000000 0.000000 18
0 0.918548 -0.583722 -0.244960 0.000000 0.000000 18
0 0.928456 -0.139443 -0.297514 0.000000 0.000000 18
0 0.276630 0.271233 0.175356 0.000000 0.000000 18
0 0.229552 0.207531 -0.123646 0.000000 0.000000 18
0 0.936303 -0.918748 0.543368 0.000000 0.000000 18
0 1.130757 -0.799267 0.543368 0.000000 0.000000 18
0 0.734014 -0.258927 -0.297515 0.000000 0.000000 18
0 1.618729 -1.215821 0.206310 0.000000 0.000000 17
0 0.668750 -0.921712 0.806145 0.000000 0.000000 18
0 0.762416 -0.794960 0.543368 0.000000 0.000000 18
0 0.668750 -0.921712 0.543368 0.000000 0.000000 18
0 0.762416 -0.794960 0.806144 0.000000 0.000000 18
0 0.928456 -0.139443 0.648479 0.000000 0.000000 18
0 0.734008 -0.258925 0.648479 0.000000 0.000000 18
0 0.508327 -0.420648 0.543368 0.000000 0.000000 18
0 1.112998 -0.464242 0.595924 0.000000 0.000000 18
0 0.918546 -0.583722 0.595924 0.000000 0.000000 18
0 1.533212 -0.734371 0.230817 0.000000 0.000000 16
0 1.468203 -0.822329 0.663563 0.000000 0.000000 16
0 0.955276 -0.452451 0.591170 0.000000 0.000000 16
0 0.955276 -0.452451 -0.116653 0.000000 0.000000 16
0 1.468203 -0.822329 -0.201929 0.000000 0.000000 16
0 0.517790 -1.044379 -0.116652 0.000000 0.000000 16
0 0.967254 -1.500126 0.230817 0.000000 0.000000 16
0 1.060070 -1.374543 -0.201928 0.000000 0.000000 16
0 1.060070 -1.374543 0.663563 0.000000 0.000000 16
0 0.517791 -1.044378 0.591170 0.000000 0.000000 16
0 -0.963270 -0.443838 0.606791 0.000000 0.000000 13
0 0.066458 -0.351628 0.610311 0.000000 0.000000 13
0 -0.648458 -0.846777 0.606790 0.000000 0.000000 13
0 -0.171992 0.160568 0.427185 0.000000 0.000000 14
0 -1.091854 -0.279257 0.163959 0.000000 0.000000 13
0 0.138270 -0.236541 -0.202989 0.000000 0.000000 14
0 -0.548692 -0.974471 0.163959 0.000000 0.000000 13
0 -0.648457 -0.846778 -0.278874 0.000000 0.000000 13
0 0.066458 -0.351628 -0.114323 0.000000 0.000000 13
0 -0.306395 0.125604 -0.114324 0.000000 0.000000 13
0 -0.963268 -0.443838 -0.278873 0.000000 0.000000 13
0 -0.171992 0.160568 -0.202989 0.000000 0.000000 14
0 0.138270 -0.236539 0.427185 0.000000 0.000000 14
0 -0.306395 0.125604 0.610311 0.000000 0.000000 13
0 -0.150824 -0.695603 0.728348 0.000000 0.000000 14
0 0.148349 -0.220552 -0.201445 0.000000 0.000000 14
0 -0.150824 -0.695603 0.465570 0.000000 0.000000 14
0 0.148349 -0.220552 0.443369 0.000000 0.000000 14
0 -0.414335 -0.501319 0.728347 0.000000 0.000000 14
0 -0.144361 0.154104 0.443370 0.000000 0.000000 14
0 -0.825925 -0.689499 -0.322758 0.000000 0.000000 14
0 -1.036373 -0.920615 -0.270203 0.000000 0.000000 14
0 -0.837576 -1.032071 -0.270203 0.000000 0.000000 14
0 -1.024723 -0.578042 -0.322758 0.000000 0.000000 14
0 -0.193151 0.216548 0.097557 0.000000 0.000000 14
0 -0.844289 -0.236994 -0.375312 0.000000 0.000000 14
0 -0.144361 0.154104 -0.201445 0.000000 0.000000 14
0 -1.036373 -0.920615 0.465571 0.000000 0.000000 14
0 -0.837576 -1.032071 0.465571 0.000000 0.000000 14
0 -0.645493 -0.348451 -0.375313 0.000000 0.000000 14
0 -1.660343 -1.256854 0.128510 0.000000 0.000000 13
0 -0.664142 -0.896567 0.728346 0.000000 0.000000 14
0 -0.567070 -1.020810 0.465570 0.000000 0.000000 14
0 -0.664142 -0.896567 0.465570 0.000000 0.000000 14
0 -0.567070 -1.020810 0.728348 0.000000 0.000000 14
0 -0.645493 -0.348451 0.570682 0.000000 0.000000 14
0 -0.844289 -0.236994 0.570682 0.000000 0.000000 14
0 -0.414333 -0.501318 0.465570 0.000000 0.000000 14
0 -1.024718 -0.578041 0.518126 0.000000 0.000000 14
0 -0.825925 -0.689499 0.518126 0.000000 0.000000 14
0 -1.555169 -0.629335 0.230818 0.000000 0.000000 12
0 -1.487810 -0.715552 0.663564 0.000000 0.000000 12
0 -0.976300 -0.311024 0.591171 0.000000 0.000000 12
0 -1.487810 -0.715554 -0.201928 0.000000 0.000000 12
0 -0.976300 -0.311024 -0.116652 0.000000 0.000000 12
0 -0.968705 -1.379974 0.230818 0.000000 0.000000 12
0 -0.522964 -0.891271 -0.116651 0.000000 0.000000 12
0 -1.064886 -1.256870 -0.201927 0.000000 0.000000 12
0 -1.064886 -1.256870 0.663564 0.000000 0.000000 12
0 -0.522963 -0.891270 0.591171 0.000000 0.000000 12
100
-0.803832 0.594170 -0.028581
-0.800395 0.592402 -0.091803
-0.774355 0.630236 -0.056370
0.831051 -0.556113 0.009680
0.064102 0.844777 0.531266
-0.718922 0.695081 -0.003753
-0.855212 -0.200516 -0.477918
0.845555 -0.436550 -0.307343
0.802548 -0.576265 -0.154389
0.857354 -0.412814 0.307456
0.791012 -0.608702 -0.061508
-0.154552 0.746169 -0.647569
-0.831335 0.057469 0.552793
0.271480 0.318813 -0.908106
0.530860 0.750112 0.394359
0.699577 0.436182 -0.565983
0.270500 0.579521 0.768755
0.768439 -0.630973 0.106654
0.294696 -0.490750 -0.819950
-0.466100 0.063086 -0.882480
-0.703600 -0.146404 0.695351
0.125217 0.517602 0.846409
-0.842417 0.469471 0.264444
0.643752 0.241682 0.726067
-0.419380 -0.516153 0.746797
0.096493 -0.995333 -0.000632
0.563034 -0.493762 0.662715
0.364471 0.832096 -0.418065
-0.603397 0.388446 -0.696435
0.210061 0.710114 0.672021
0.976002 0.216263 -0.025508
-0.341500 0.665139 -0.664054
-0.758011 0.195109 0.622377
0.144347 0.902466 0.405855
-0.908472 -0.195425 -0.369443
-0.600229 -0.626964 -0.496630
0.000462 0.229442 -0.973322
-0.752973 0.369461 0.544546
-0.722288 -0.049502 -0.689819
0.600983 0.353408 -0.716884
0.854855 -0.518866 -0.000210
0.058307 -0.042204 0.997406
-0.266636 -0.612385 -0.744238
-0.372503 -0.762798 0.528565
0.189850 -0.139254 0.971887
0.478191 0.434686 0.763139
-0.794480 0.607289 0.001239
-0.076405 0.058693 -0.995348
0.065931 -0.047451 -0.996695
0.563016 0.602106 -0.566110
0.789194 0.610598 -0.065908
0.802993 0.595072 -0.033044
0.786503 0.615233 -0.053855
0.003585 0.861465 0.507805
0.817979 0.575220 -0.005735
0.817381 -0.279731 -0.503626
0.769494 0.638654 0.000041
-0.780999 -0.609031 -0.138282
-0.771992 -0.627884 -0.098943
-0.820065 -0.363114 0.442314
-0.778677 -0.611657 -0.139777
0.190173 0.760549 -0.620805
0.811504 0.016651 0.584109
0.056318 0.497488 -0.865641
-0.587714 0.253193 -0.768430
-0.584502 0.707319 0.397564
-0.454326 0.762934 0.459913
-0.756446 -0.646757 0.097439
0.611379 -0.272874 -0.742803
-0.252500 -0.479317 -0.840535
-0.612785 0.334503 0.715963
0.588349 0.403529 0.700720
-0.392883 0.821665 0.412928
0.721745 -0.035358 0.691256
0.053788 -0.998552 -0.000881
0.611191 -0.614487 0.498850
-0.518609 -0.483247 0.705349
0.827795 0.493654 -0.266573
-0.147372 0.515298 -0.844245
-0.151174 0.450738 0.879762
-0.963067 0.267918 -0.026850
0.752680 0.216686 -0.621707
0.320114 0.673116 0.666665
0.914339 -0.167053 0.368887
-0.180981 0.894751 -0.408248
-0.081844 0.499766 -0.862285
0.517290 -0.605811 -0.604487
0.487120 0.598476 0.636035
0.610548 -0.087044 -0.787182
-0.788429 0.231239 -0.570008
0.684914 0.728621 0.002274
-0.004223 -0.004681 0.999980
0.296342 -0.597215 -0.745330
-0.131191 -0.104135 0.985873
0.409112 -0.743207 0.529406
0.858120 0.513444 0.002359
-0.494446 0.416599 0.762868
0.034139 0.026988 -0.999053
-0.104675 -0.081922 -0.991127
-0.586874 0.579022 -0.565961
180
0 0 1 2 0 1 2 1
0 3 4 1 3 4 1 1
0 5 6 7 5 6 7 1
0 8 5 7 8 5 7 1
0 9 7 10 9 7 10 1
0 5 8 0 5 8 0 1
0 7 11 10 7 11 10 1
0 7 6 11 7 6 11 1
0 1 12 2 1 12 2 1
0 1 4 12 1 4 12 1
0 3 13 9 3 13 9 1
0 13 3 1 13 3 1 1
0 7 9 8 7 9 8 1
0 1 0 13 1 0 13 1
0 3 9 10 3 9 10 1
0 5 0 2 5 0 2 1
0 11 3 10 11 3 10 1
0 3 11 4 3 11 4 1
0 12 5 2 12 5 2 1
0 5 12 6 5 12 6 1
0 11 12 4 11 12 4 1
0 12 11 6 12 11 6 1
0 14 15 16 14 15 16 1
0 14 17 15 14 17 15 1
0 18 19 15 18 19 15 1
0 20 21 22 20 21 22 1
0 20 23 21 20 23 21 1
0 24 25 26 24 25 26 1
0 27 22 21 27 22 21 1
0 27 28 22 27 28 22 1
0 23 24 29 23 24 29 1
0 23 20 24 23 20 24 1
0 30 25 18 30 25 18 1
0 31 32 33 31 32 33 1
0 31 34 32 31 34 32 1
0 35 36 18 35 36 18 1
0 30 17 14 30 17 14 1
0 30 14 26 30 14 26 1
0 30 18 17 30 18 17 1
0 37 14 16 37 14 16 1
0 16 32 37 16 32 37 1
0 16 33 32 16 33 32 1
0 20 35 24 20 35 24 1
0 20 38 35 20 38 35 1
0 37 34 19 37 34 19 1
0 37 32 34 37 32 34 1
0 39 28 27 39 28 27 1
0 39 38 28 39 38 28 1
0 19 31 15 19 31 15 1
0 19 34 31 19 34 31 1
0 38 39 36 38 39 36 1
0 25 30 26 25 30 26 1
0 18 36 19 18 36 19 1
0 38 22 28 38 22 28 1
0 38 20 22 38 20 22 1
0 38 36 35 38 36 35 1
0 33 15 31 33 15 31 1
0 33 16 15 33 16 15 1
0 29 24 26 29 24 26 1
0 25 24 35 25 24 35 1
0 18 15 17 18 15 17 1
0 37 29 14 37 29 14 1
0 23 27 21 23 27 21 1
0 23 39 27 23 39 27 1
0 29 26 14 29 26 14 1
0 29 19 36 29 19 36 1
0 29 37 19 29 37 19 1
0 25 35 18 25 35 18 1
0 29 39 23 29 39 23 1
0 29 36 39 29 36 39 1
0 40 13 41 40 13 41 1
0 40 9 13 40 9 13 1
0 42 40 41 42 40 41 1
0 43 44 40 43 44 40 1
0 45 46 47 45 46 47 1
0 46 8 47 46 8 47 1
0 46 0 8 46 0 8 1
0 42 48 49 42 48 49 1
0 42 41 48 42 41 48 1
0 47 9 44 47 9 44 1
0 47 8 9 47 8 9 1
0 45 44 43 45 44 43 1
0 45 47 44 45 47 44 1
0 41 0 48 41 0 48 1
0 41 13 0 41 13 0 1
0 49 48 46 49 48 46 1
0 43 40 42 43 40 42 1
0 9 40 44 9 40 44 1
0 0 46 48 0 46 48 1
0 49 46 45 49 46 45 1
0 50 51 52 50 51 52 1
0 53 54 50 53 54 50 1
0 55 56 57 55 56 57 1
0 56 58 57 56 58 57 1
0 57 59 60 57 59 60 1
0 58 56 51 58 56 51 1
0 61 57 60 61 57 60 1
0 55 57 61 55 57 61 1
0 62 50 52 62 50 52 1
0 53 50 62 53 50 62 1
0 63 54 59 63 54 59 1
0 54 63 50 54 63 50 1
0 59 57 58 59 57 58 1
0 51 50 63 51 50 63 1
0 59 54 60 59 54 60 1
0 51 56 52 51 56 52 1
0 54 61 60 54 61 60 1
0 61 54 53 61 54 53 1
0 56 62 52 56 62 52 1
0 62 56 55 62 56 55 1
0 62 61 53 62 61 53 1
0 61 62 55 61 62 55 1
0 64 65 66 64 65 66 1
0 67 65 64 67 65 64 1
0 68 69 64 68 69 64 1
0 70 71 72 70 71 72 1
0 70 73 71 70 73 71 1
0 74 75 76 74 75 76 1
0 77 72 71 77 72 71 1
0 77 78 72 77 78 72 1
0 73 79 75 73 79 75 1
0 73 70 79 73 70 79 1
0 74 80 69 74 80 69 1
0 81 82 83 81 82 83 1
0 81 84 82 81 84 82 1
0 85 86 69 85 86 69 1
0 67 80 65 67 80 65 1
0 65 80 76 65 80 76 1
0 69 80 67 69 80 67 1
0 65 87 66 65 87 66 1
0 82 87 83 82 87 83 1
0 82 66 87 82 66 87 1
0 88 75 86 88 75 86 1
0 88 73 75 88 73 75 1
0 83 68 81 83 68 81 1
0 83 87 68 83 87 68 1
0 88 78 77 88 78 77 1
0 88 89 78 88 89 78 1
0 81 64 84 81 64 84 1
0 81 68 64 81 68 64 1
0 89 88 85 89 88 85 1
0 80 74 76 80 74 76 1
0 85 69 68 85 69 68 1
0 73 77 71 73 77 71 1
0 73 88 77 73 88 77 1
0 85 88 86 85 88 86 1
0 66 84 64 66 84 64 1
0 66 82 84 66 82 84 1
0 75 79 76 75 79 76 1
0 75 74 86 75 74 86 1
0 64 69 67 64 69 67 1
0 79 87 65 79 87 65 1
0 89 72 78 89 72 78 1
0 89 70 72 89 70 72 1
0 76 79 65 76 79 65 1
0 87 85 68 87 85 68 1
0 87 79 85 87 79 85 1
0 86 74 69 86 74 69 1
0 85 70 89 85 70 89 1
0 85 79 70 85 79 70 1
0 63 90 91 63 90 91 1
0 59 90 63 59 90 63 1
0 90 92 91 90 92 91 1
0 93 94 90 93 94 90 1
0 95 96 97 95 96 97 1
0 58 95 97 58 95 97 1
0 51 95 58 51 95 58 1
0 98 92 99 98 92 99 1
0 91 92 98 91 92 98 1
0 59 97 93 59 97 93 1
0 58 97 59 58 97 59 1
0 93 96 94 93 96 94 1
0 97 96 93 97 96 93 1
0 51 91 98 51 91 98 1
0 63 91 51 63 91 51 1
0 98 99 95 98 99 95 1
0 90 94 92 90 94 92 1
0 90 59 93 90 59 93 1
0 95 51 98 95 51 98 1
0 95 99 96 95 99 96 1
"Material1" 0 0
28
0 0.817209 -0.690845 1.847294 0.773438 0.156250 6
0 0.057936 -0.690845 2.643089 0.773438 0.156250 6
0 0.497047 -0.690845 2.643090 0.773438 0.156250 6
0 -0.246416 -0.690845 1.847294 0.773438 0.156250 6
0 0.516476 -0.269542 2.655151 0.773438 0.156250 6
0 0.888091 -0.035486 1.765733 0.773438 0.156250 6
0 1.062602 -0.363162 0.899002 0.773438 0.156250 6
0 -0.383134 -0.363162 0.899002 0.773438 0.156250 6
0 0.549198 -0.690845 0.044333 0.773438 0.156250 6
0 0.889695 -0.690845 0.899002 0.773438 0.156250 6
0 0.017442 -0.269542 2.655151 0.773438 0.156250 6
0 -0.280425 -0.035486 1.765733 0.773438 0.156250 6
0 -0.314178 -0.690845 0.899002 0.773438 0.156250 6
0 -0.005264 -0.690845 0.044333 0.773438 0.156250 6
0 0.109989 -0.735423 2.643081 0.773438 0.156250 3
0 -0.649283 -0.735423 1.847286 0.773438 0.156250 3
0 -0.329123 -0.735423 2.643082 0.773438 0.156250 3
0 0.414341 -0.735423 1.847286 0.773438 0.156250 3
0 -0.348551 -0.314122 2.655143 0.773438 0.156250 3
0 -0.720167 -0.080065 1.765725 0.773438 0.156250 3
0 -0.894677 -0.407740 0.898994 0.773438 0.156250 3
0 0.551059 -0.407740 0.898994 0.773438 0.156250 3
0 -0.381273 -0.735423 0.044325 0.773438 0.156250 3
0 -0.721770 -0.735423 0.898993 0.773438 0.156250 3
0 0.150482 -0.314122 2.655143 0.773438 0.156250 3
0 0.448350 -0.080065 1.765725 0.773438 0.156250 3
0 0.482103 -0.735423 0.898994 0.773438 0.156250 3
0 0.173189 -0.735423 0.044325 0.773438 0.156250 3
28
-0.662284 0.733888 -0.150958
0.279465 0.648529 -0.708032
-0.468374 0.547043 -0.693808
0.686543 0.726225 -0.035442
-0.512429 -0.222001 -0.829538
-0.667705 -0.634486 -0.389355
-0.598081 0.797509 -0.079233
0.712915 0.437598 -0.547960
-0.320816 0.938478 0.127812
-0.354049 0.611257 -0.707824
0.553833 -0.529548 -0.642532
0.858682 -0.408100 -0.310032
0.373239 0.887679 -0.269664
0.596970 0.772703 0.215770
-0.279466 0.648529 -0.708032
0.662284 0.733888 -0.150958
0.468374 0.547043 -0.693808
-0.686543 0.726225 -0.035442
0.512428 -0.222000 -0.829538
0.667706 -0.634485 -0.389356
0.598081 0.797510 -0.079233
-0.712914 0.437600 -0.547960
0.320816 0.938478 0.127812
0.354049 0.611257 -0.707823
-0.553833 -0.529548 -0.642532
-0.858682 -0.408099 -0.310033
-0.373239 0.887679 -0.269664
-0.596970 0.772703 0.215771
40
0 0 1 2 0 1 2 1
0 0 3 1 0 3 1 1
0 0 4 5 0 4 5 1
0 6 3 0 6 3 0 1
0 6 7 3 6 7 3 1
0 6 8 9 6 8 9 1
0 4 0 2 4 0 2 1
0 1 4 2 1 4 2 1
0 1 10 4 1 10 4 1
0 5 6 0 5 6 0 1
0 10 3 11 10 3 11 1
0 3 7 11 3 7 11 1
0 3 10 1 3 10 1 1
0 12 8 13 12 8 13 1
0 12 9 8 12 9 8 1
0 13 7 12 13 7 12 1
0 5 10 11 5 10 11 1
0 5 4 10 5 4 10 1
0 7 9 12 7 9 12 1
0 7 6 9 7 6 9 1
0 14 15 16 14 15 16 1
0 17 15 14 17 15 14 1
0 18 15 19 18 15 19 1
0 17 20 15 17 20 15 1
0 21 20 17 21 20 17 1
0 22 20 23 22 20 23 1
0 15 18 16 15 18 16 1
0 18 14 16 18 14 16 1
0 24 14 18 24 14 18 1
0 20 19 15 20 19 15 1
0 17 24 25 17 24 25 1
0 21 17 25 21 17 25 1
0 24 17 14 24 17 14 1
0 22 26 27 22 26 27 1
0 23 26 22 23 26 22 1
0 21 27 26 21 27 26 1
0 24 19 25 24 19 25 1
0 18 19 24 18 19 24 1
0 23 21 26 23 21 26 1
0 20 21 23 20 21 23 1
"Material2" 0 0
16
0 1.062602 -0.363162 0.899002 0.671875 0.226563 6
0 0.888091 -0.035486 1.765733 0.671875 0.226563 6
0 1.246758 -0.355768 0.850922 0.671875 0.226563 6
0 -0.280425 -0.035486 1.765733 0.671875 0.226563 6
0 -0.383134 -0.363162 0.899002 0.671875 0.226563 6
0 -0.736032 -0.355768 0.850922 0.671875 0.226563 6
0 0.549198 -0.690845 0.044333 0.671875 0.226563 6
0 -0.005264 -0.690845 0.044333 0.671875 0.226563 6
0 -0.720167 -0.080065 1.765725 0.671875 0.226563 3
0 -0.894677 -0.407740 0.898994 0.671875 0.226563 3
0 -1.078833 -0.400347 0.850913 0.671875 0.226563 3
0 0.551059 -0.407740 0.898994 0.671875 0.226563 3
0 0.448350 -0.080065 1.765725 0.671875 0.226563 3
0 0.903957 -0.400347 0.850914 0.671875 0.226563 3
0 -0.381273 -0.735423 0.044325 0.671875 0.226563 3
0 0.173189 -0.735423 0.044325 0.671875 0.226563 3
12
-0.124867 0.934039 -0.334634
-0.134485 0.917628 -0.373995
0.068527 0.930473 -0.359894
0.066750 0.935849 -0.346021
-0.115011 0.948664 -0.294634
0.064957 0.941016 -0.332070
0.134483 0.917628 -0.373995
0.124865 0.934039 -0.334635
-0.066748 0.935849 -0.346021
-0.068526 0.930473 -0.359894
0.115009 0.948664 -0.294635
-0.064956 0.941015 -0.332070
8
0 0 1 2 0 1 0 1
0 3 4 5 2 3 3 1
0 6 0 2 4 0 0 1
0 4 7 5 3 5 3 1
0 8 9 10 6 7 7 1
0 11 12 13 8 9 8 1
0 9 14 10 7 10 7 1
0 15 11 13 11 8 8 1
"Material3" 0 0
32
0 -0.044830 0.081881 1.030082 0.016594 0.978180 10
0 0.465090 0.332233 0.630350 0.604431 0.852939 10
0 -0.044831 0.280971 0.480787 0.983406 0.878578 10
0 0.178551 0.111736 1.030082 0.260331 0.963311 10
0 -0.530230 0.837543 1.114639 0.328564 0.599963 10
0 -0.044830 0.565393 1.325106 0.016400 0.736190 10
0 -0.257709 0.189980 1.141693 0.192920 0.924104 10
0 0.113597 0.785812 1.277266 0.115988 0.625905 10
0 -0.044830 0.727060 1.370519 0.016594 0.655261 10
0 -0.203259 0.785812 1.277266 0.117474 0.625859 10
0 -0.178517 0.986835 1.244540 0.108704 0.525235 10
0 -0.044800 1.139509 1.335289 0.016381 0.448814 10
0 0.088856 0.986835 1.258325 0.104556 0.525255 10
0 0.593175 1.057133 0.776436 0.516081 0.490084 10
0 0.440568 0.837543 1.114639 0.326981 0.599980 10
0 -0.554750 0.332233 0.630351 0.604431 0.852939 10
0 -0.682837 1.057133 0.776436 0.516081 0.490084 10
0 -0.564210 1.294614 1.125816 0.332895 0.371174 10
0 -0.552745 1.020920 1.041905 0.369378 0.508173 10
0 0.474555 1.294614 1.125816 0.331437 0.371134 10
0 0.463082 1.020920 1.041905 0.367862 0.508194 10
0 -0.044796 0.873336 1.500702 0.016385 0.582049 10
0 -0.044831 0.810262 0.117713 0.983600 0.613609 10
0 -0.044795 0.789067 1.504990 0.016385 0.624229 10
0 -0.044830 1.257054 1.377062 0.016594 0.390006 10
0 0.168258 0.189980 1.141693 0.191550 0.924137 10
0 -0.044830 0.160124 1.194664 0.016594 0.939006 10
0 -0.044831 0.280971 0.480787 0.016400 0.878578 10
0 -0.267991 0.111736 1.030082 0.261680 0.963268 10
0 -0.508607 1.760949 1.011155 0.375337 0.137748 10
0 -0.044830 1.884257 1.173044 0.016398 0.076026 10
0 0.418944 1.760949 1.011155 0.373869 0.137714 10
32
-0.040925 0.997869 0.050811
-0.743381 0.629894 0.224985
-0.068654 0.721810 0.688678
-0.388133 0.878233 -0.279392
0.693401 0.048877 -0.718893
0.000044 0.230071 -0.973174
0.584666 0.436337 -0.683942
-0.660415 0.084781 -0.746099
0.000020 0.655595 -0.755113
0.673995 0.068033 -0.735597
0.503760 -0.047990 -0.862510
0.015527 -0.008677 -0.999842
-0.492076 -0.037042 -0.869764
-0.988624 0.030812 -0.147218
-0.696509 0.058957 -0.715122
0.831778 0.526708 0.175282
0.988623 0.030812 -0.147225
0.656969 0.088574 -0.748696
0.726747 0.023756 -0.686494
-0.658508 0.076562 -0.748669
-0.736009 0.024883 -0.676515
-0.000108 -0.295774 -0.955258
0.000001 0.334125 0.942529
-0.000024 0.629547 -0.776963
-0.000002 -0.094614 -0.995514
-0.584690 0.436242 -0.683981
0.000108 0.717782 -0.696268
0.161281 0.922822 0.349841
0.356942 0.921048 -0.155764
0.641246 -0.262583 -0.721009
-0.000002 -0.309329 -0.950955
-0.641250 -0.262591 -0.721002
54
0 0 1 2 0 1 2 1
0 0 3 1 0 3 1 1
0 4 5 6 4 5 6 1
0 7 5 8 7 5 8 1
0 9 10 11 9 10 11 1
0 12 7 11 12 7 11 1
0 13 1 14 13 1 14 1
0 15 16 4 15 16 4 1
0 17 10 18 17 10 18 1
0 12 19 20 12 19 20 1
0 9 11 21 9 11 21 1
0 22 1 13 22 1 13 1
0 16 18 4 16 18 4 1
0 22 15 2 22 15 2 1
0 22 16 15 22 16 15 1
0 20 13 14 20 13 14 1
0 14 5 7 14 5 7 1
0 6 15 4 6 15 4 1
0 8 9 23 8 9 23 1
0 8 23 7 8 23 7 1
0 19 11 24 19 11 24 1
0 5 9 8 5 9 8 1
0 5 25 26 5 25 26 1
0 25 14 1 25 14 1 1
0 27 28 0 27 28 0 1
0 27 15 28 27 15 28 1
0 26 28 6 26 28 6 1
0 26 3 0 26 3 0 1
0 26 25 3 26 25 3 1
0 15 6 28 15 6 28 1
0 25 1 3 25 1 3 1
0 24 29 30 24 29 30 1
0 31 24 30 31 24 30 1
0 11 7 21 11 7 21 1
0 21 7 23 21 7 23 1
0 9 21 23 9 21 23 1
0 14 12 20 14 12 20 1
0 10 4 18 10 4 18 1
0 11 19 12 11 19 12 1
0 11 17 24 11 17 24 1
0 10 17 11 10 17 11 1
0 6 5 26 6 5 26 1
0 28 26 0 28 26 0 1
0 24 31 19 24 31 19 1
0 29 24 17 29 24 17 1
0 12 14 7 12 14 7 1
0 4 10 9 4 10 9 1
0 17 16 29 17 16 29 1
0 13 19 31 13 19 31 1
0 16 17 18 16 17 18 1
0 19 13 20 19 13 20 1
0 1 22 2 1 22 2 1
0 5 4 9 5 4 9 1
0 5 14 25 5 14 25 1
"Material4" 0 3
61
0 -0.688021 2.104453 0.373714 0.432411 0.068120 10
0 -0.044831 1.399966 -0.726663 0.959181 0.307686 10
0 -0.044831 2.157520 -0.249932 0.959181 0.050099 10
0 -1.017469 0.049908 0.010395 0.563552 0.766904 10
0 -1.199009 -0.499107 -0.684718 0.696197 0.953634 10
0 -1.366326 0.211989 -0.140940 0.580544 0.711781 10
0 -0.588194 1.908937 1.120756 0.208029 0.134580 10
0 -0.044830 1.884257 1.173044 0.054682 0.142979 10
0 -0.508607 1.760948 1.011155 0.204222 0.184971 10
0 -0.044830 2.030503 1.242901 0.054682 0.093280 10
0 -1.081607 0.173434 -0.332519 0.644645 0.724894 10
0 -0.975640 -0.493871 -0.575212 0.707959 0.951853 10
0 -0.044831 2.222362 0.435610 0.959181 0.028066 10
0 -0.830633 1.051842 -0.248861 0.657694 0.426132 10
0 -0.761613 -0.387925 -0.629336 0.755119 0.915817 10
0 -0.462683 -0.197158 -0.874829 0.853463 0.850935 10
0 -1.111440 1.208577 0.256621 0.492649 0.372825 10
0 -0.688021 2.104453 0.373714 0.434244 0.068085 10
0 -0.044831 2.222362 0.435610 0.054682 0.028066 10
0 -0.295806 -0.653936 -0.896212 0.895371 1.006295 10
0 -0.044831 0.140818 -0.896212 0.959181 0.736009 10
0 -1.031693 1.174055 0.904786 0.328751 0.384557 10
0 0.671952 -0.387925 -0.629337 0.755119 0.915817 10
0 0.593175 0.719172 0.303198 0.462331 0.539278 10
0 0.927808 0.049908 0.010395 0.563552 0.766904 10
0 -0.682837 1.057133 0.776436 0.295942 0.424376 10
0 -0.682837 0.719172 0.303198 0.462331 0.539278 10
0 -0.481618 -0.331258 -0.666418 0.825953 0.896568 10
0 -0.808324 0.384538 0.512344 0.396180 0.653113 10
0 -0.737632 0.097108 1.175475 0.232499 0.750831 10
0 -0.803438 0.500871 0.969130 0.279084 0.613490 10
0 -0.787415 0.029016 0.805128 0.310626 0.774050 10
0 -0.510635 -0.293882 1.303763 0.169421 0.883823 10
0 -1.199010 0.546619 0.737470 0.382041 0.597977 10
0 -0.724666 -0.410212 1.139780 0.235038 0.923445 10
0 -1.031693 0.002840 0.988445 0.313161 0.782945 10
0 -0.552468 -0.597070 -0.796653 0.824623 0.986953 10
0 0.598359 2.104453 0.373714 0.432411 0.068120 10
0 1.109348 -0.499107 -0.684718 0.696197 0.953634 10
0 1.276664 0.211989 -0.140940 0.580544 0.711781 10
0 0.498532 1.908937 1.120756 0.208029 0.134580 10
0 0.418944 1.760948 1.011155 0.204222 0.184971 10
0 0.885978 -0.493871 -0.575212 0.707959 0.951853 10
0 0.991946 0.173434 -0.332519 0.644645 0.724894 10
0 0.740972 1.051842 -0.248861 0.657694 0.426132 10
0 0.373022 -0.197158 -0.874829 0.853463 0.850935 10
0 1.021779 1.208577 0.256621 0.492649 0.372825 10
0 0.206144 -0.653936 -0.896212 0.895371 1.006295 10
0 0.942031 1.174055 0.904786 0.328751 0.384557 10
0 0.593175 1.057133 0.776436 0.295942 0.424376 10
0 0.391957 -0.331258 -0.666418 0.825953 0.896568 10
0 0.647970 0.097108 1.175475 0.232499 0.750831 10
0 0.718663 0.384538 0.512343 0.396180 0.653113 10
0 0.713777 0.500871 0.969130 0.279084 0.613490 10
0 0.697754 0.029016 0.805128 0.310626 0.774050 10
0 0.420973 -0.293882 1.303763 0.169421 0.883823 10
0 1.109349 0.546619 0.737470 0.382041 0.597977 10
0 0.942032 0.002840 0.988444 0.313161 0.782945 10
0 0.635005 -0.410212 1.139779 0.235038 0.923445 10
0 0.462806 -0.597070 -0.796653 0.824623 0.986953 10
0 0.593175 1.057133 0.776436 0.295942 0.428231 10
61
0.588140 -0.617173 0.522674
0.000000 -0.420144 0.907457
-0.000000 -0.883679 0.468094
0.023754 0.626171 -0.779324
0.835505 0.434230 0.336712
0.966407 -0.105871 0.234197
0.317922 0.039162 -0.947308
-0.000000 0.534487 -0.845177
-0.150093 0.487501 -0.860125
-0.000000 -0.718533 -0.695493
-0.411406 -0.313995 0.855659
-0.952824 0.129032 0.274732
-0.000000 -0.995557 0.094166
0.569933 -0.268514 0.776580
0.354564 0.921685 0.157420
0.504070 0.039735 0.862748
0.975597 -0.032968 -0.217080
0.613215 -0.752789 -0.239324
-0.000000 -0.972902 -0.231218
0.226695 0.037258 0.973253
0.000000 -0.174254 0.984701
0.645504 0.025994 -0.763314
-0.354564 0.921685 0.157420
-0.107557 0.833635 -0.541741
-0.023754 0.626171 -0.779324
-0.550028 0.476695 -0.685734
0.108071 0.812626 -0.572677
0.284992 0.850843 -0.441414
-0.841213 0.354112 0.408615
-0.764052 -0.350235 -0.541811
-0.232210 -0.174630 -0.956861
-0.293866 0.450874 0.842826
-0.482020 0.086183 -0.871911
0.926804 0.223587 0.301733
0.266128 0.878930 0.395800
0.839831 0.183498 -0.510894
0.840027 -0.083810 0.536032
-0.651425 -0.742562 0.155714
-0.835505 0.434230 0.336712
-0.966407 -0.105872 0.234198
-0.317923 0.039162 -0.947307
0.150092 0.487501 -0.860125
0.952824 0.129033 0.274731
0.411407 -0.313995 0.855659
-0.569933 -0.268514 0.776580
-0.504070 0.039735 0.862749
-0.975597 -0.032968 -0.217081
-0.226695 0.037258 0.973253
-0.645504 0.025993 -0.763315
0.772200 0.176047 -0.610504
-0.201951 0.815226 -0.542791
0.764053 -0.350235 -0.541810
0.841212 0.354113 0.408616
0.232209 -0.174630 -0.956861
0.293865 0.450874 0.842826
0.482021 0.086184 -0.871911
-0.926805 0.223586 0.301733
-0.839830 0.183498 -0.510895
-0.266128 0.878930 0.395800
-0.840028 -0.083810 0.536031
-0.000000 0.813787 -0.581163
104
0 0 1 2 0 1 2 1
0 3 4 5 3 4 5 1
0 6 7 8 6 7 8 1
0 9 7 6 9 7 6 1
0 10 11 3 10 11 3 1
0 12 0 2 12 0 2 1
0 13 14 15 13 14 15 1
0 5 13 16 5 13 16 1
0 9 17 18 9 17 18 1
0 6 17 9 6 17 9 1
0 15 19 20 15 19 20 1
0 8 21 6 8 21 6 1
0 21 17 6 21 17 6 1
0 16 17 21 16 17 21 1
0 22 23 24 22 23 24 1
0 21 8 25 21 8 25 1
0 13 0 16 13 0 16 1
0 13 5 10 13 5 10 1
0 14 26 27 14 26 27 1
0 16 26 3 16 26 3 1
0 28 29 30 28 29 30 1
0 31 29 28 31 29 28 1
0 31 32 29 31 32 29 1
0 33 26 21 33 26 21 1
0 28 26 33 28 26 33 1
0 34 35 32 34 35 32 1
0 0 13 1 0 13 1 1
0 28 25 26 28 25 26 1
0 30 25 28 30 25 28 1
0 30 21 25 30 21 25 1
0 33 21 30 33 21 30 1
0 21 26 16 21 26 16 1
0 32 31 34 32 31 34 1
0 31 35 34 31 35 34 1
0 35 29 32 35 29 32 1
0 30 35 33 30 35 33 1
0 29 35 30 29 35 30 1
0 33 31 28 33 31 28 1
0 35 31 33 35 31 33 1
0 14 13 3 14 13 3 1
0 4 10 5 4 10 5 1
0 16 3 5 16 3 5 1
0 3 13 10 3 13 10 1
0 19 15 36 19 15 36 1
0 4 3 11 4 3 11 1
0 27 36 15 27 36 15 1
0 10 4 11 10 4 11 1
0 15 14 27 15 14 27 1
0 13 20 1 13 20 1 1
0 20 13 15 20 13 15 1
0 26 14 3 26 14 3 1
0 1 37 2 1 37 2 1
0 38 24 39 38 24 39 1
0 7 40 41 7 40 41 1
0 7 9 40 7 9 40 1
0 42 43 24 42 43 24 1
0 37 12 2 37 12 2 1
0 22 44 45 22 44 45 1
0 44 39 46 44 39 46 1
0 37 9 18 37 9 18 1
0 37 40 9 37 40 9 1
0 47 45 20 47 45 20 1
0 48 41 40 48 41 40 1
0 37 48 40 37 48 40 1
0 37 46 48 37 46 48 1
0 44 20 45 44 20 45 1
0 41 48 49 41 48 49 1
0 37 44 46 37 44 46 1
0 39 44 43 39 44 43 1
0 23 22 50 23 22 50 1
0 23 46 24 23 46 24 1
0 51 52 53 51 52 53 1
0 51 54 52 51 54 52 1
0 55 54 51 55 54 51 1
0 23 56 48 23 56 48 1
0 23 52 56 23 52 56 1
0 57 58 55 57 58 55 1
0 44 37 1 44 37 1 1
0 49 52 23 49 52 23 1
0 49 53 52 49 53 52 1
0 48 53 49 48 53 49 1
0 48 56 53 48 56 53 1
0 23 48 46 23 48 46 1
0 54 55 58 54 55 58 1
0 57 54 58 57 54 58 1
0 51 57 55 51 57 55 1
0 57 53 56 57 53 56 1
0 57 51 53 57 51 53 1
0 54 56 52 54 56 52 1
0 54 57 56 54 57 56 1
0 44 22 24 44 22 24 1
0 43 38 39 43 38 39 1
0 24 46 39 24 46 39 1
0 44 24 43 44 24 43 1
0 45 47 59 45 47 59 1
0 24 38 42 24 38 42 1
0 59 50 45 59 50 45 1
0 38 43 42 38 43 42 1
0 22 45 50 22 45 50 1
0 20 44 1 20 44 1 1
0 25 23 26 25 23 26 1
0 25 60 23 25 60 23 1
0 26 50 27 26 50 27 1
0 26 23 50 26 23 50 1
"Material5" 0 1
107
0 0.000732 0.226062 0.614750 0.016594 0.835425 7
0 0.320324 0.107879 0.533942 0.120333 0.870323 7
0 0.000732 -0.009695 0.390093 0.016594 0.918075 0
0 1.044262 1.402995 -0.165518 0.440108 0.487826 7
0 0.936438 0.435557 0.533942 0.263003 0.773547 7
0 0.780254 1.402995 0.493467 0.241931 0.487826 7
0 1.212476 0.529180 -0.338800 0.491863 0.745896 7
0 0.882666 0.778415 -1.347647 0.757922 0.672288 7
0 1.030061 0.201500 -1.268193 0.721107 0.842672 7
0 0.320323 -0.082098 -1.314995 0.883735 0.939448 0
0 0.000732 0.670459 -1.374314 0.983406 0.704175 7
0 0.000732 -0.092084 -0.867750 0.983406 0.942375 0
0 0.000732 -0.222529 -0.338790 0.016594 0.980925 0
0 0.000732 -0.222529 -0.338790 0.983406 0.980925 0
0 -0.318859 0.107879 0.533942 0.120333 0.870323 7
0 0.000732 1.402995 0.632743 0.016594 0.487825 7
0 -0.934973 0.435557 0.533943 0.263003 0.773547 7
0 -0.778791 1.402995 0.493467 0.241931 0.487826 7
0 -1.042798 1.402995 -0.165518 0.440108 0.487826 7
0 -1.211012 0.529180 -0.338800 0.491863 0.745896 7
0 -0.890752 0.728909 -1.363728 0.758774 0.686909 7
0 0.000732 1.402995 -1.007815 0.983406 0.487825 7
0 -0.778790 1.402995 -0.847493 0.669248 0.487826 7
0 -0.318859 -0.082098 -1.314995 0.883735 0.939448 0
0 0.780254 1.402995 -0.847493 0.669248 0.487826 7
0 -1.028597 0.201500 -1.268193 0.721107 0.842672 7
0 -0.705669 -2.847768 0.321561 0.217792 0.034344 5
0 -0.259276 -0.121712 -0.156244 0.016594 0.384438 6
0 -0.242250 -2.847768 -0.686812 0.016594 0.034375 5
0 -0.736032 -0.355768 0.850922 0.217063 0.494961 6
0 0.610064 -2.847768 -0.686812 0.723155 0.034344 5
0 -0.259276 -0.121712 -0.156244 0.983406 0.384438 6
0 0.756023 -0.121712 -0.156245 0.713791 0.384460 6
0 0.616639 0.426807 1.620866 0.983406 0.034375 6
0 -0.280425 -0.035486 1.765733 0.571300 0.343750 6
0 -0.272937 0.426807 1.620866 0.580606 0.034344 6
0 -0.005264 -0.690845 0.044333 0.016594 0.653125 6
0 1.246758 -0.355768 0.850922 0.452787 0.494961 6
0 1.073482 -2.847768 0.321560 0.449270 0.034344 5
0 0.888091 -0.035486 1.765733 0.025313 0.343750 6
0 0.616639 0.426807 1.620866 0.016594 0.034375 6
0 0.549198 -0.690845 0.044333 0.745553 0.653156 6
0 -0.005264 -0.690845 0.044333 0.983406 0.653125 6
0 0.888091 -0.035486 1.765733 0.983406 0.343750 6
0 -0.242250 -2.847768 -0.686812 0.983406 0.034375 5
0 -0.405486 -0.170233 0.052670 0.424660 0.541900 4
0 -0.136022 -3.131557 0.594496 0.688476 0.979657 4
0 -0.136022 -3.131557 -0.655859 0.016594 0.979609 4
0 -0.019669 -0.170233 -0.827084 0.016594 0.541934 4
0 1.045771 -0.170233 0.052670 0.382202 0.541900 4
0 0.827409 -3.131557 -0.655859 0.682125 0.979609 4
0 0.827409 -3.131557 0.594496 0.016594 0.979609 4
0 1.030061 0.201500 -1.268193 0.788079 0.111320 7
0 0.659954 -0.170233 -0.827084 0.764275 0.541934 4
0 1.212476 0.529180 -0.338800 0.369717 0.035968 7
0 0.659954 -0.170233 0.838802 0.016594 0.541934 4
0 0.936438 0.435557 0.533942 0.016594 0.057461 7
0 -0.019669 -0.170233 -0.827084 0.983406 0.541934 4
0 -0.136022 -3.131557 -0.655859 0.983406 0.979609 4
0 0.659954 -0.170233 0.838802 0.983406 0.541934 4
0 0.827409 -3.131557 0.594496 0.983406 0.979609 4
0 -0.019669 -0.170233 0.838802 0.771806 0.541900 4
0 0.936438 0.435557 0.533942 0.983406 0.057270 7
0 0.320324 0.107879 0.533942 0.756963 0.132849 7
0 0.320323 -0.082098 -1.314995 0.016594 0.186705 0
0 0.000732 -0.222529 -0.338790 0.424759 0.218964 0
0 0.320323 -0.082098 -1.314995 0.983406 0.186705 0
0 0.427201 -0.166292 -0.156252 0.016594 0.384438 3
0 0.601144 -2.847767 0.321554 0.217792 0.034344 2
0 0.137726 -2.847767 -0.686817 0.016594 0.034375 2
0 0.903957 -0.400347 0.850914 0.217063 0.494961 3
0 0.427201 -0.166292 -0.156252 0.983406 0.384438 3
0 -0.714588 -2.847767 -0.686818 0.723155 0.034344 2
0 -0.588098 -0.166292 -0.156253 0.713791 0.384460 3
0 0.448350 -0.080065 1.765725 0.571300 0.343750 3
0 -0.721163 0.426811 1.620858 0.983406 0.034375 3
0 0.168412 0.426811 1.620858 0.580606 0.034344 3
0 0.173189 -0.735423 0.044325 0.016594 0.653125 3
0 -1.078833 -0.400347 0.850913 0.452787 0.494961 3
0 -1.178007 -2.847767 0.321554 0.449270 0.034344 2
0 -0.720167 -0.080065 1.765725 0.025313 0.343750 3
0 -0.721163 0.426811 1.620858 0.016594 0.034375 3
0 -0.381273 -0.735423 0.044325 0.745553 0.653156 3
0 0.173189 -0.735423 0.044325 0.983406 0.653125 3
0 -0.720167 -0.080065 1.765725 0.983406 0.343750 3
0 0.137726 -2.847767 -0.686817 0.983406 0.034375 2
0 0.165245 -3.131556 0.594493 0.688476 0.979657 1
0 0.434708 -0.170232 0.052667 0.424660 0.541900 1
0 0.165244 -3.131556 -0.655862 0.016594 0.979609 1
0 0.048891 -0.170232 -0.827087 0.016594 0.541934 1
0 -0.798186 -3.131556 -0.655862 0.682125 0.979609 1
0 -1.016549 -0.170232 0.052667 0.382202 0.541900 1
0 -0.798187 -3.131556 0.594493 0.016594 0.979609 1
0 -0.630732 -0.170232 -0.827087 0.764275 0.541934 1
0 -1.028597 0.201500 -1.268193 0.788079 0.111320 7
0 -1.211012 0.529180 -0.338800 0.369717 0.035968 7
0 -0.630731 -0.170232 0.838799 0.016594 0.541934 1
0 -0.934973 0.435557 0.533943 0.016594 0.057461 7
0 0.048891 -0.170232 -0.827087 0.983406 0.541934 1
0 0.165244 -3.131556 -0.655862 0.983406 0.979609 1
0 -0.630731 -0.170232 0.838799 0.983406 0.541934 1
0 -0.798187 -3.131556 0.594493 0.983406 0.979609 1
0 0.048891 -0.170232 0.838799 0.771806 0.541900 1
0 -0.934973 0.435557 0.533943 0.983406 0.057270 7
0 -0.318859 0.107879 0.533942 0.756963 0.132849 7
0 -0.318859 -0.082098 -1.314995 0.016594 0.186705 0
0 -0.318859 -0.082098 -1.314995 0.983406 0.186705 0
107
-0.000000 0.341522 -0.939874
-0.106777 0.692544 -0.713430
-0.000000 0.852613 -0.522543
-0.969506 -0.243701 -0.025847
-0.531624 -0.016409 -0.846821
-0.623372 -0.132876 -0.770553
-0.978905 -0.192573 0.068268
-0.531010 -0.308512 0.789208
-0.644162 -0.059552 0.762567
0.276555 0.449897 0.849182
-0.002517 -0.006914 0.999973
-0.000000 0.857269 0.514869
-0.000000 0.959914 -0.280294
-0.000000 0.970913 0.239433
0.106777 0.692544 -0.713430
-0.000000 -0.027386 -0.999625
0.531624 -0.016408 -0.846821
0.623372 -0.132875 -0.770552
0.970088 -0.241372 -0.025860
0.979335 -0.190732 0.067265
0.534079 -0.295885 0.791967
0.002936 -0.542834 0.839835
0.561104 -0.560009 0.609551
-0.277157 0.461666 0.842644
-0.557204 -0.572792 0.601194
0.653001 -0.033616 0.756611
-0.957042 -0.014513 -0.289587
-0.824075 0.492778 -0.279412
-0.906053 0.075384 -0.416395
-0.832005 0.364306 0.418389
0.536590 0.131398 -0.833550
-0.000000 0.997314 -0.073239
0.139070 0.990273 0.004243
-0.000000 -0.299027 -0.954245
0.062617 -0.436441 -0.897551
0.642859 -0.238513 -0.727904
0.736990 0.492189 0.463245
0.983661 0.179350 0.015620
0.836415 -0.362587 0.411025
0.095776 -0.449708 0.888026
-0.803423 -0.313048 0.506471
-0.280127 0.408033 0.868929
0.000000 0.332388 0.943143
-0.000000 -0.299027 -0.954245
0.000000 0.191044 -0.981582
0.770294 -0.637449 -0.017485
0.611962 0.082776 -0.786544
0.977861 0.039828 0.205430
0.373119 -0.923216 0.091950
-0.978400 0.204653 -0.029176
-0.622694 0.052230 0.780720
-0.973575 0.030377 -0.226339
-0.668505 0.695795 0.262622
-0.463507 0.681264 0.566605
-0.959741 0.185024 -0.211335
-0.918822 0.082000 -0.386061
-0.921132 0.289415 -0.260296
0.000000 0.451251 0.892397
0.000000 0.057724 0.998333
-0.000000 -0.098289 -0.995158
-0.000000 0.082220 -0.996614
0.462572 -0.521074 -0.717293
0.250765 -0.720908 -0.646072
0.382957 -0.920829 -0.073599
0.098470 -0.989037 -0.110039
-0.000157 -0.999464 0.032738
-0.185925 0.936119 0.298519
0.873279 0.372870 -0.313611
0.955522 -0.285266 0.074845
0.908530 -0.015465 -0.417534
0.863912 0.225005 0.450587
0.000001 0.997427 -0.071686
-0.533657 0.188770 -0.824364
-0.128903 0.991404 0.022406
0.022931 -0.753402 -0.657160
-0.000000 -0.274800 -0.961501
-0.737898 -0.527760 -0.420685
-0.736990 0.492190 0.463245
-0.949595 0.313222 0.012724
-0.962180 0.029295 -0.270836
0.253399 -0.480123 0.839804
0.977652 -0.055992 -0.202636
0.280127 0.408034 0.868928
0.000000 0.332389 0.943143
-0.000000 -0.274800 -0.961501
0.000001 0.194100 -0.980982
-0.611962 0.082776 -0.786543
-0.767690 -0.640704 -0.012268
-0.977861 0.039828 0.205430
-0.375544 -0.922029 0.093959
0.622694 0.052230 0.780720
0.975044 0.219564 -0.032885
0.973575 0.030377 -0.226339
0.460498 0.687809 0.561124
0.657781 0.711121 0.248256
0.951832 0.221097 -0.212445
0.916916 0.107950 -0.384203
0.909675 0.329878 -0.252332
0.000000 0.451251 0.892397
0.000000 0.057724 0.998333
-0.000000 -0.098288 -0.995158
-0.000000 0.082220 -0.996614
-0.462437 -0.530515 -0.710426
-0.255814 -0.732783 -0.630546
-0.374138 -0.925704 -0.055613
-0.085390 -0.989755 -0.114425
0.186670 0.938974 0.288933
108
0 0 1 2 0 1 2 1
0 3 4 5 3 4 5 1
0 6 7 8 6 7 8 1
0 0 4 1 0 4 1 1
0 9 10 11 9 10 11 1
0 1 12 2 1 12 2 1
0 9 11 13 9 11 13 1
0 14 0 2 14 0 2 1
0 15 16 17 15 16 17 1
0 18 16 19 18 16 19 1
0 20 21 22 20 21 22 1
0 18 20 22 18 20 22 1
0 10 23 11 10 23 11 1
0 12 14 2 12 14 2 1
0 11 23 13 11 23 13 1
0 7 9 8 7 9 8 1
0 7 3 24 7 3 24 1
0 16 18 17 16 18 17 1
0 16 0 14 16 0 14 1
0 0 16 15 0 16 15 1
0 4 15 5 4 15 5 1
0 15 4 0 15 4 0 1
0 4 3 6 4 3 6 1
0 7 6 3 7 6 3 1
0 20 19 25 20 19 25 1
0 20 18 19 20 18 19 1
0 23 20 25 23 20 25 1
0 20 10 21 20 10 21 1
0 21 7 24 21 7 24 1
0 7 10 9 7 10 9 1
0 10 20 23 10 20 23 1
0 10 7 21 10 7 21 1
0 26 27 28 26 27 28 1
0 26 29 27 26 29 27 1
0 30 31 32 30 31 32 1
0 33 34 35 33 34 35 1
0 29 36 27 29 36 27 1
0 30 37 38 30 37 38 1
0 34 26 35 34 26 35 1
0 30 32 37 30 32 37 1
0 39 38 37 39 38 37 1
0 26 34 29 26 34 29 1
0 39 40 38 39 40 38 1
0 41 37 32 41 37 32 1
0 41 31 42 41 31 42 1
0 41 32 31 41 32 31 1
0 34 33 43 34 33 43 1
0 31 30 44 31 30 44 1
0 45 46 47 45 46 47 1
0 47 48 45 47 48 45 1
0 49 50 51 49 50 51 1
0 52 53 49 52 53 49 1
0 52 49 54 52 49 54 1
0 49 51 55 49 51 55 1
0 54 49 55 54 49 55 1
0 54 55 56 54 55 56 1
0 57 50 53 57 50 53 1
0 57 58 50 57 58 50 1
0 46 59 60 46 59 60 1
0 46 61 59 46 61 59 1
0 62 59 61 62 59 61 1
0 62 61 63 62 61 63 1
0 64 65 48 64 65 48 1
0 63 61 45 63 61 45 1
0 63 45 65 63 45 65 1
0 48 65 45 48 65 45 1
0 66 53 52 66 53 52 1
0 66 57 53 66 57 53 1
0 50 49 53 50 49 53 1
0 46 45 61 46 45 61 1
0 67 68 69 67 68 69 1
0 70 68 67 70 68 67 1
0 71 72 73 71 72 73 1
0 74 75 76 74 75 76 1
0 77 70 67 77 70 67 1
0 78 72 79 78 72 79 1
0 68 74 76 68 74 76 1
0 73 72 78 73 72 78 1
0 79 80 78 79 80 78 1
0 74 68 70 74 68 70 1
0 81 80 79 81 80 79 1
0 78 82 73 78 82 73 1
0 71 82 83 71 82 83 1
0 73 82 71 73 82 71 1
0 75 74 84 75 74 84 1
0 72 71 85 72 71 85 1
0 86 87 88 86 87 88 1
0 89 88 87 89 88 87 1
0 90 91 92 90 91 92 1
0 93 94 91 93 94 91 1
0 91 94 95 91 94 95 1
0 92 91 96 92 91 96 1
0 91 95 96 91 95 96 1
0 96 95 97 96 95 97 1
0 90 98 93 90 98 93 1
0 99 98 90 99 98 90 1
0 100 86 101 100 86 101 1
0 102 86 100 102 86 100 1
0 100 103 102 100 103 102 1
0 102 103 104 102 103 104 1
0 65 105 89 65 105 89 1
0 102 104 87 102 104 87 1
0 87 104 65 87 104 65 1
0 65 89 87 65 89 87 1
0 93 106 94 93 106 94 1
0 98 106 93 98 106 93 1
0 91 90 93 91 90 93 1
0 87 86 102 87 86 102 1
"Material6" 0 2
94
0 0.000732 2.795065 -0.787162 0.016594 0.036016 8
0 -0.485808 2.798651 -0.459481 0.112500 0.036016 8
0 0.000732 2.390671 -1.118486 0.016594 0.150009 8
0 0.000732 2.390671 -1.118486 0.983406 0.150009 8
0 0.487272 2.791347 -0.459481 0.887500 0.038017 8
0 0.000732 2.795065 -0.787162 0.983406 0.036016 8
0 0.487272 2.606628 0.290158 0.112500 0.089677 8
0 1.263478 2.547962 -0.024247 0.383363 0.106070 8
0 1.292577 2.300798 0.470082 0.383363 0.175172 8
0 0.000732 0.031999 -0.950968 0.983406 0.770208 8
0 0.702904 1.342720 -1.208466 0.740831 0.443000 8
0 0.000732 1.249098 -1.245914 0.983406 0.469211 8
0 -1.262014 2.547962 -0.024247 0.616637 0.106070 8
0 -0.485808 2.606628 0.276217 0.887500 0.089677 8
0 -1.291114 2.300798 0.470083 0.616637 0.175172 8
0 -1.291114 2.300798 -0.600964 0.374324 0.175165 8
0 -0.701441 1.342720 -1.208466 0.259169 0.443000 8
0 1.292577 2.300798 -0.600965 0.620513 0.175172 8
0 1.263478 2.547962 -0.024247 0.620513 0.106070 8
0 0.000732 1.249098 -1.245914 0.016594 0.469211 8
0 -0.752069 0.031999 -0.789421 0.259173 0.770245 8
0 0.000732 0.031999 -0.950968 0.016594 0.770208 8
0 0.000732 2.513007 0.564541 0.983406 0.115792 8
0 0.000732 1.295908 1.159447 0.016594 0.456153 8
0 1.030585 1.295908 0.858356 0.278261 0.456127 8
0 -1.029121 1.295908 0.858356 0.721650 0.456153 8
0 -1.036019 0.031999 -0.052142 0.497350 0.770245 8
0 -1.408388 1.353334 -0.024247 0.504154 0.440071 8
0 0.753533 0.031999 0.605551 0.280656 0.770245 8
0 0.753533 0.031999 -0.789421 0.740827 0.770245 8
0 1.409851 1.353334 -0.024247 0.495846 0.440071 8
0 1.354632 1.724080 -0.600965 0.620495 0.336412 8
0 -1.353168 1.724080 -0.600964 0.379505 0.336413 8
0 1.037483 0.031999 -0.052142 0.502650 0.770245 8
0 -1.042798 1.402995 -0.165518 0.497367 0.979657 7
0 -0.778790 1.402995 -0.847493 0.276380 0.979657 7
0 0.000732 0.031999 0.751789 0.983406 0.770208 8
0 -0.778791 1.402995 0.493467 0.714288 0.979609 7
0 -0.752069 0.031999 0.605551 0.719344 0.770245 8
0 1.044262 1.402995 -0.165518 0.502633 0.979657 7
0 0.780254 1.402995 0.493467 0.285658 0.979657 7
0 0.000732 1.402995 -1.007815 0.983406 0.979609 7
0 -1.353168 1.724080 0.470083 0.611794 0.336441 8
0 0.000732 0.031999 0.751789 0.016594 0.770208 8
0 0.000732 1.402995 -1.007815 0.016594 0.979609 7
0 0.000732 1.295908 1.159447 0.983406 0.456153 8
0 1.354632 1.724080 0.470082 0.388251 0.336412 8
0 0.780254 1.402995 -0.847493 0.723620 0.979657 7
0 0.000732 1.402995 0.632743 0.983406 0.979609 7
0 0.000732 1.402995 0.632743 0.016594 0.979609 7
0 -0.485808 2.798651 -0.459481 0.887500 0.036016 8
0 0.487272 2.791347 -0.459481 0.112500 0.038017 8
0 -1.262014 2.547962 -0.024247 0.374256 0.106070 8
0 0.000732 2.513007 0.564541 0.016594 0.115792 8
0 0.000732 2.085618 0.944253 0.983406 0.235314 8
0 0.000732 2.085618 0.944253 0.016594 0.235314 8
0 0.370720 -0.112997 0.726145 0.311969 0.810937 16
0 0.517791 -1.044378 0.591170 0.501544 0.976577 16
0 0.035321 -0.566802 0.726145 0.456182 0.681273 16
0 0.955276 -0.452451 0.591170 0.278781 0.976570 16
0 1.297465 1.674153 -0.010132 0.623666 0.681273 8
0 1.306638 1.724080 0.470082 0.471868 0.447896 8
0 0.538421 0.113905 0.237259 0.176312 0.810937 16
0 0.955276 -0.452451 -0.116653 0.016094 0.976570 16
0 0.370719 -0.112998 -0.251627 0.952656 0.810937 16
0 0.517790 -1.044379 -0.116652 0.753513 0.976577 16
0 0.955276 -0.452451 -0.116653 0.952656 0.976570 16
0 0.035321 -0.566802 -0.251627 0.806930 0.681273 16
0 1.361858 1.353334 -0.024247 0.626342 0.468387 8
0 0.482674 0.196156 -0.362749 0.016094 0.424866 15
0 0.370719 -0.112998 -0.251627 0.016094 0.810937 16
0 0.482674 0.196156 0.708298 0.324546 0.424869 15
0 0.482674 0.196156 -0.362749 0.952656 0.424866 15
0 1.306638 1.724080 -0.600965 0.799882 0.447896 8
0 0.453574 0.443320 0.213968 0.178264 0.414070 15
0 -0.522963 -0.891270 0.591171 0.501544 0.976577 12
0 -0.391817 0.066304 0.726146 0.311969 0.810937 12
0 -0.044264 -0.378545 0.726147 0.456182 0.681273 12
0 -0.976300 -0.311024 0.591171 0.278781 0.976570 12
0 -1.295624 1.724080 0.470083 0.471868 0.447896 8
0 -1.499833 1.678510 -0.010131 0.623666 0.681273 8
0 -0.976300 -0.311024 -0.116652 0.016094 0.976570 12
0 -0.565594 0.288723 0.237260 0.176312 0.810937 12
0 -0.522964 -0.891271 -0.116651 0.753513 0.976577 12
0 -0.391816 0.066302 -0.251626 0.952656 0.810937 12
0 -0.976300 -0.311024 -0.116652 0.952656 0.976570 12
0 -1.350843 1.353334 -0.024247 0.626342 0.468387 8
0 -0.044264 -0.378545 -0.251626 0.806930 0.681273 12
0 -0.443842 0.180483 -0.362750 0.016094 0.424866 11
0 -0.391816 0.066302 -0.251626 0.016094 0.810937 12
0 -0.443842 0.180483 0.708297 0.324546 0.424869 11
0 -0.443842 0.180483 -0.362750 0.952656 0.424866 11
0 -1.295624 1.724080 -0.600964 0.799882 0.447896 8
0 -0.414742 0.427647 0.213968 0.178264 0.414070 11
94
0.458759 -0.563134 0.687328
0.416356 -0.708085 0.570319
0.309393 -0.442565 0.841672
-0.310973 -0.443946 0.840362
-0.415903 -0.710189 0.568029
-0.465395 -0.560943 0.684654
-0.195318 -0.887234 -0.417931
-0.203886 -0.921172 -0.331472
-0.337609 -0.533945 -0.775192
-0.070564 0.462811 0.883644
-0.371793 0.036682 0.927591
-0.061510 0.062892 0.996123
0.200459 -0.919425 -0.338340
0.192944 -0.889409 -0.414396
0.337047 -0.537820 -0.772754
0.484990 -0.516784 0.705492
0.407054 -0.004547 0.913393
-0.483141 -0.519398 0.704841
-0.447114 -0.830102 0.333197
0.113140 0.142627 0.983289
0.377046 0.563205 0.735280
-0.199687 0.139603 -0.969864
0.169071 -0.738912 -0.652245
-0.265049 0.002900 -0.964231
-0.724980 0.139464 -0.674503
0.724980 0.139465 -0.674503
0.698134 0.647636 -0.305247
0.952559 0.303316 -0.025131
0.549992 0.736058 -0.394623
-0.434282 0.797938 -0.417964
-0.952559 0.303316 -0.025130
-0.797581 0.141369 0.586412
0.797581 0.141369 0.586412
-0.698134 0.647636 -0.305247
-0.999889 -0.007337 0.012956
-0.501081 -0.044583 -0.864251
-0.161231 0.406922 0.899121
-0.484133 0.065042 0.872574
-0.549993 0.736057 -0.394623
0.999889 -0.007337 0.012956
0.484133 0.065043 0.872574
0.205446 -0.042939 -0.977726
0.829471 0.136644 -0.541578
0.161232 0.406922 0.899121
-0.201285 -0.040581 -0.978692
0.265049 0.002900 -0.964231
-0.829471 0.136644 -0.541578
0.645299 -0.044879 -0.762610
-0.175243 0.085168 0.980834
0.175243 0.085168 0.980834
0.168447 -0.953758 -0.248939
-0.167878 -0.957177 -0.235858
0.453219 -0.827378 0.331721
-0.168368 -0.730233 -0.662127
0.235432 -0.465994 -0.852890
-0.235433 -0.465994 -0.852890
-0.558528 -0.109023 -0.822289
0.696413 0.041769 -0.716425
0.796586 -0.335483 -0.502893
-0.617776 -0.487505 -0.617002
0.702199 -0.482901 0.523186
0.516824 -0.841424 -0.157794
-0.908725 -0.415044 -0.044252
-0.692150 -0.672768 0.261364
-0.326698 0.241457 0.913765
0.665267 -0.054540 0.744611
-0.158395 0.117069 0.980411
-0.019333 0.111211 0.993609
-0.276131 -0.729517 0.625745
-0.992233 0.071259 0.101958
-0.896061 -0.195976 0.398332
0.056080 -0.237411 -0.969789
-0.426306 0.370173 0.825370
0.690033 -0.281235 0.666904
-0.997183 -0.056639 -0.049170
-0.690932 -0.025161 -0.722482
0.447303 -0.241555 -0.861145
-0.780779 -0.383821 -0.493016
0.634640 -0.465456 -0.616914
-0.523483 -0.448446 -0.724473
-0.787552 -0.173785 0.591237
0.717628 -0.645579 0.261222
0.820961 -0.570168 -0.030514
-0.650266 -0.125157 0.749326
0.409556 0.319980 0.854328
0.150672 0.117719 0.981550
0.910573 -0.077954 0.405931
-0.026639 0.135379 0.990436
0.967086 -0.128758 0.219466
0.916768 -0.120649 0.380761
-0.071236 -0.222285 -0.972376
0.344587 0.413799 0.842633
-0.801474 -0.403684 0.441225
0.912806 -0.408194 0.012754
106
0 0 1 2 0 1 2 1
0 3 4 5 3 4 5 1
0 6 7 8 6 7 8 1
0 9 10 11 9 10 11 1
0 12 13 14 12 13 14 1
0 15 2 1 15 2 1 1
0 16 2 15 16 2 15 1
0 4 17 18 4 17 18 1
0 19 20 21 19 20 21 1
0 22 14 13 22 14 13 1
0 23 8 24 23 8 24 1
0 17 3 10 17 3 10 1
0 10 3 11 10 3 11 1
0 25 26 27 25 26 27 1
0 28 23 24 28 23 24 1
0 29 30 31 29 30 31 1
0 20 16 32 20 16 32 1
0 30 29 33 30 29 33 1
0 20 34 35 20 34 35 1
0 36 37 38 36 37 38 1
0 28 39 40 28 39 40 1
0 41 29 9 41 29 9 1
0 25 42 14 25 42 14 1
0 20 27 26 20 27 26 1
0 16 15 32 16 15 32 1
0 40 43 28 40 43 28 1
0 42 25 27 42 25 27 1
0 21 35 44 21 35 44 1
0 10 29 31 10 29 31 1
0 17 10 31 17 10 31 1
0 38 45 36 38 45 36 1
0 24 46 30 24 46 30 1
0 39 29 47 39 29 47 1
0 34 38 37 34 38 37 1
0 27 20 32 27 20 32 1
0 46 24 8 46 24 8 1
0 33 24 30 33 24 30 1
0 45 38 25 45 38 25 1
0 23 28 43 23 28 43 1
0 37 36 48 37 36 48 1
0 43 40 49 43 40 49 1
0 39 28 33 39 28 33 1
0 24 33 28 24 33 28 1
0 29 39 33 29 39 33 1
0 34 20 26 34 20 26 1
0 38 34 26 38 34 26 1
0 26 25 38 26 25 38 1
0 2 16 19 2 16 19 1
0 17 4 3 17 4 3 1
0 13 12 50 13 12 50 1
0 7 6 51 7 6 51 1
0 15 1 52 15 1 52 1
0 8 53 6 8 53 6 1
0 14 45 25 14 45 25 1
0 54 14 22 54 14 22 1
0 8 55 53 8 55 53 1
0 14 54 45 14 54 45 1
0 55 8 23 55 8 23 1
0 29 41 47 29 41 47 1
0 10 9 29 10 9 29 1
0 20 19 16 20 19 16 1
0 35 21 20 35 21 20 1
0 56 57 58 56 57 58 1
0 56 59 57 56 59 57 1
0 60 61 58 60 61 58 1
0 62 63 59 62 63 59 1
0 64 65 66 64 65 66 1
0 67 68 60 67 68 60 1
0 62 59 56 62 59 56 1
0 62 69 70 62 69 70 1
0 60 65 67 60 65 67 1
0 60 57 65 60 57 65 1
0 58 71 56 58 71 56 1
0 67 72 73 67 72 73 1
0 56 74 62 56 74 62 1
0 71 58 61 71 58 61 1
0 61 60 68 61 60 68 1
0 68 67 73 68 67 73 1
0 69 62 74 69 62 74 1
0 74 56 71 74 56 71 1
0 63 62 70 63 62 70 1
0 57 60 58 57 60 58 1
0 65 64 67 65 64 67 1
0 72 67 64 72 67 64 1
0 75 76 77 75 76 77 1
0 78 76 75 78 76 75 1
0 79 80 77 79 80 77 1
0 81 82 78 81 82 78 1
0 83 84 85 83 84 85 1
0 86 87 80 86 87 80 1
0 78 82 76 78 82 76 1
0 88 82 89 88 82 89 1
0 83 80 87 83 80 87 1
0 75 80 83 75 80 83 1
0 90 77 76 90 77 76 1
0 91 87 92 91 87 92 1
0 93 76 82 93 76 82 1
0 77 90 79 77 90 79 1
0 80 79 86 80 79 86 1
0 87 86 92 87 86 92 1
0 82 88 93 82 88 93 1
0 76 93 90 76 93 90 1
0 82 81 89 82 81 89 1
0 80 75 77 80 75 77 1
0 84 83 87 84 83 87 1
0 87 91 84 87 91 84 1
"Material7" 0 0
12
0 0.348504 1.035611 0.169850 0.045370 0.100775 10
0 0.487272 2.791347 -0.459481 0.040031 0.138145 8
0 0.487272 2.606628 0.290158 0.040031 0.145498 8
0 -0.453029 1.035611 0.169850 0.095255 0.100775 10
0 0.000732 2.795065 -0.787162 0.070313 0.137997 8
0 -0.046448 1.035611 -0.130559 0.069951 0.100775 10
0 -0.485808 2.798651 -0.459481 0.100594 0.137854 8
0 -0.485808 2.606628 0.276217 0.100594 0.145498 8
0 -0.457043 1.035611 0.557147 0.095255 0.100775 10
0 0.000732 2.513007 0.564541 0.070313 0.149225 8
0 -0.046448 1.035611 0.791204 0.069951 0.100775 10
0 0.352518 1.035611 0.557147 0.045370 0.100775 10
12
0.940574 -0.179431 -0.288315
0.773579 -0.262056 -0.576977
0.867384 0.014106 0.497440
-0.877985 -0.171469 -0.446925
-0.224006 -0.339379 -0.913588
0.209356 -0.353296 -0.911785
-0.873251 -0.178132 -0.453544
-0.945644 0.039928 0.322744
-0.751213 0.103868 0.651836
-0.187929 0.153941 0.970044
0.181711 0.138702 0.973521
0.870498 0.008962 0.492090
12
0 0 1 2 0 1 2 1
0 3 4 5 3 4 5 1
0 3 6 4 3 6 4 1
0 1 5 4 1 5 4 1
0 1 0 5 1 0 5 1
0 3 7 6 3 7 6 1
0 7 3 8 7 3 8 1
0 9 8 10 9 8 10 1
0 9 7 8 9 7 8 1
0 10 2 9 10 2 9 1
0 10 11 2 10 11 2 1
0 0 2 11 0 2 11 1
"Material8" 0 1
40
0 0.827409 -3.131557 0.594496 0.025313 0.036016 4
0 0.732633 -0.384513 -0.463486 0.568498 0.195985 5
0 0.732634 -0.384513 0.701758 0.025313 0.195950 5
0 0.827409 -3.131557 -0.655859 0.562417 0.035968 4
0 0.732634 -0.384513 0.701758 0.983406 0.195950 5
0 -0.136022 -3.131557 0.594496 0.593566 0.035968 4
0 0.827409 -3.131557 0.594496 0.983406 0.036016 4
0 -0.313257 -0.384513 -0.463486 0.016594 0.195950 5
0 -0.705669 -2.847768 0.321561 0.336475 0.979609 5
0 -0.242250 -2.847768 -0.686812 0.016594 0.979609 5
0 -0.313257 -0.384513 0.701758 0.538363 0.195950 5
0 -0.272937 0.426807 1.620866 0.642988 0.979609 6
0 -0.313257 -0.384513 -0.463486 0.983406 0.195950 5
0 -0.136022 -3.131557 -0.655859 0.983406 0.036016 4
0 0.616639 0.426807 1.620866 0.928381 0.979609 6
0 -0.136022 -3.131557 -0.655859 0.016594 0.036016 4
0 0.610064 -2.847768 -0.686812 0.642988 0.979609 5
0 -0.242250 -2.847768 -0.686812 0.983406 0.979609 5
0 1.073482 -2.847768 0.321560 0.255840 0.979657 5
0 0.616639 0.426807 1.620866 0.025313 0.979609 6
0 -0.837157 -0.384511 -0.463492 0.568498 0.195985 2
0 -0.798187 -3.131556 0.594493 0.025313 0.036016 1
0 -0.837158 -0.384511 0.701752 0.025313 0.195950 2
0 -0.798186 -3.131556 -0.655862 0.562417 0.035968 1
0 0.165245 -3.131556 0.594493 0.593566 0.035968 1
0 -0.837158 -0.384511 0.701752 0.983406 0.195950 2
0 -0.798187 -3.131556 0.594493 0.983406 0.036016 1
0 0.601144 -2.847767 0.321554 0.336475 0.979609 2
0 0.208733 -0.384511 -0.463492 0.016594 0.195950 2
0 0.137726 -2.847767 -0.686817 0.016594 0.979609 2
0 0.168412 0.426811 1.620858 0.642988 0.979609 3
0 0.208732 -0.384511 0.701752 0.538363 0.195950 2
0 0.208733 -0.384511 -0.463492 0.983406 0.195950 2
0 0.165244 -3.131556 -0.655862 0.983406 0.036016 1
0 -0.721163 0.426811 1.620858 0.928381 0.979609 3
0 0.165244 -3.131556 -0.655862 0.016594 0.036016 1
0 -0.714588 -2.847767 -0.686818 0.642988 0.979609 2
0 0.137726 -2.847767 -0.686817 0.983406 0.979609 2
0 -1.178007 -2.847767 0.321554 0.255840 0.979657 2
0 -0.721163 0.426811 1.620858 0.025313 0.979609 3
40
0.999405 0.034480 -0.000000
0.228870 -0.186495 0.955426
-0.971628 -0.236471 -0.004606
0.446518 0.077828 -0.891384
0.000000 -0.428938 0.903334
-0.445838 -0.063627 0.892850
0.000000 -0.039017 0.999239
0.882636 -0.229329 0.410320
0.976940 -0.116163 0.179149
0.908577 -0.011666 0.417555
-0.013608 -0.575947 0.817374
0.406134 -0.693852 0.594664
-0.000000 -0.996789 -0.080077
0.000000 0.069858 -0.997557
0.000000 -0.749700 0.661778
-0.997925 -0.064384 0.000000
-0.352059 -0.067122 0.933568
0.000000 -0.090293 0.995915
-0.985859 -0.090771 0.140867
-0.990648 -0.136361 -0.004654
-0.217013 -0.385014 0.897034
-0.999899 -0.014185 -0.000001
0.959622 -0.281257 -0.004551
-0.447346 0.056160 -0.892596
0.447047 -0.041965 0.893525
0.000000 -0.428937 0.903334
0.000000 -0.039016 0.999239
-0.976940 -0.116163 0.179149
-0.891020 -0.183739 0.415119
-0.908576 -0.011666 0.417556
-0.406134 -0.693850 0.594665
0.015804 -0.544793 0.838421
-0.000027 -0.996788 -0.080081
0.000000 0.069857 -0.997557
0.000000 -0.749698 0.661780
0.999875 -0.015829 0.000000
0.352059 -0.067122 0.933568
-0.000001 -0.090292 0.995915
0.985859 -0.090771 0.140867
0.990648 -0.136361 -0.004654
36
0 0 1 2 0 1 2 1
0 0 3 1 0 3 1 1
0 4 5 6 4 5 6 1
0 7 8 9 7 8 9 1
0 10 11 8 10 11 8 1
0 12 3 13 12 3 13 1
0 4 11 10 4 11 10 1
0 4 14 11 4 14 11 1
0 15 10 7 15 10 7 1
0 15 5 10 15 5 10 1
0 12 16 1 12 16 1 1
0 12 17 16 12 17 16 1
0 2 18 19 2 18 19 1
0 1 16 18 1 16 18 1
0 5 4 10 5 4 10 1
0 3 12 1 3 12 1 1
0 18 2 1 18 2 1 1
0 8 7 10 8 7 10 1
0 20 21 22 20 21 22 1
0 23 21 20 23 21 20 1
0 24 25 26 24 25 26 1
0 27 28 29 27 28 29 1
0 30 31 27 30 31 27 1
0 23 32 33 23 32 33 1
0 30 25 31 30 25 31 1
0 34 25 30 34 25 30 1
0 31 35 28 31 35 28 1
0 24 35 31 24 35 31 1
0 36 32 20 36 32 20 1
0 37 32 36 37 32 36 1
0 38 22 39 38 22 39 1
0 36 20 38 36 20 38 1
0 25 24 31 25 24 31 1
0 32 23 20 32 23 20 1
0 22 38 20 22 38 20 1
0 28 27 31 28 27 31 1

Materials: 4
"Material3"
1.000000 1.000000 1.000000 1.000000
1.000000 1.000000 1.000000 1.000000
0.000000 0.000000 0.000000 1.000000
1.000000 1.000000 1.000000 1.000000
0.185600
1.000000
"face.ini"
""
"Material5"
1.000000 1.000000 1.000000 1.000000
1.000000 1.000000 1.000000 1.000000
0.000000 0.000000 0.000000 1.000000
1.000000 1.000000 1.000000 1.000000
0.185600
1.000000
"t4_dred.bmp"
""
"Material6"
1.000000 1.000000 1.000000 1.000000
1.000000 1.000000 1.000000 1.000000
0.000000 0.000000 0.000000 1.000000
1.000000 1.000000 1.000000 1.000000
0.185600
1.000000
"t5_dred.bmp"
""
"Material01"
0.200000 0.200000 0.200000 1.000000
0.800000 0.800000 0.800000 1.000000
0.000000 0.000000 0.000000 1.000000
1.000000 1.000000 1.000000 1.000000
0.000000
1.000000
"t7_dred.bmp"
""

Bones: 19
"12.joint_HipMaster"
""
8 0.000000 0.000000 0.000000 0.000000 -0.000000 0.000000
1
1.000000 0.000000 0.000000 0.000000
1
1.000000 0.000000 -0.000000 0.000000
"28.joint_RightHip"
"12.joint_HipMaster"
8 0.000000 0.000000 0.000000 0.000000 -0.000000 0.000000
1
1.000000 0.000000 0.000000 0.000000
1
1.000000 0.000000 -0.000000 0.000000
"29.!joint_RightKnee"
"28.joint_RightHip"
8 0.000000 0.000000 0.000000 0.000000 -0.000000 0.000000
1
1.000000 0.000000 0.000000 0.000000
1
1.000000 0.000000 -0.000000 0.000000
"30.!joint_RightFoot"
"29.!joint_RightKnee"
8 0.000000 0.000000 0.000000 0.000000 -0.000000 0.000000
1
1.000000 0.000000 0.000000 0.000000
1
1.000000 0.000000 -0.000000 0.000000
"32.joint_LeftHip"
"12.joint_HipMaster"
8 0.000000 0.000000 0.000000 0.000000 -0.000000 0.000000
1
1.000000 0.000000 0.000000 0.000000
1
1.000000 0.000000 -0.000000 0.000000
"33.!joint_LeftKnee"
"32.joint_LeftHip"
8 0.000000 0.000000 0.000000 0.000000 -0.000000 0.000000
1
1.000000 0.000000 0.000000 0.000000
1
1.000000 0.000000 -0.000000 0.000000
"34.!joint_LeftFoot"
"33.!joint_LeftKnee"
8 0.000000 0.000000 0.000000 0.000000 -0.000000 0.000000
1
1.000000 0.000000 0.000000 0.000000
1
1.000000 0.000000 -0.000000 0.000000
"10.joint_Torso"
"12.joint_HipMaster"
8 0.000000 0.000000 0.000000 0.000000 -0.000000 0.000000
1
1.000000 0.000000 0.000000 0.000000
1
1.000000 0.000000 -0.000000 0.000000
"11.joint_Torso2"
"10.joint_Torso"
8 0.000000 0.000000 0.000000 0.000000 -0.000000 0.000000
1
1.000000 0.000000 0.000000 0.000000
1
1.000000 0.000000 -0.000000 0.000000
"13.joint_Neck"
"11.joint_Torso2"
8 0.000000 0.000000 0.000000 0.000000 -0.000000 0.000000
1
1.000000 0.000000 0.000000 0.000000
1
1.000000 0.000000 -0.000000 0.000000
"14.joint_Head"
"13.joint_Neck"
8 0.000000 0.000000 0.000000 0.000000 -0.000000 0.000000
1
1.000000 0.000000 0.000000 0.000000
1
1.000000 0.000000 -0.000000 0.000000
"16.joint_RightShoulder"
"11.joint_Torso2"
8 0.000000 0.000000 0.000000 0.000000 -0.000000 0.000000
1
1.000000 0.000000 0.000000 0.000000
1
1.000000 0.000000 -0.000000 0.000000
"18.joint_RightArm"
"16.joint_RightShoulder"
8 0.000000 0.000000 0.000000 0.000000 -0.000000 0.000000
1
1.000000 0.000000 0.000000 0.000000
1
1.000000 0.000000 -0.000000 0.000000
"19.joint_RightElbow"
"18.joint_RightArm"
8 0.000000 0.000000 0.000000 0.000000 -0.000000 0.000000
1
1.000000 0.000000 0.000000 0.000000
1
1.000000 0.000000 -0.000000 0.000000
"20.joint_RightWrist"
"19.joint_RightElbow"
8 0.000000 0.000000 0.000000 0.000000 -0.000000 0.000000
1
1.000000 0.000000 0.000000 0.000000
1
1.000000 0.000000 -0.000000 0.000000
"22.joint_LeftShoulder"
"11.joint_Torso2"
8 0.000000 0.000000 0.000000 0.000000 -0.000000 0.000000
1
1.000000 0.000000 0.000000 0.000000
1
1.000000 0.000000 -0.000000 0.000000
"24.joint_LeftArm"
"22.joint_LeftShoulder"
8 0.000000 0.000000 0.000000 0.000000 -0.000000 0.000000
1
1.000000 0.000000 0.000000 0.000000
1
1.000000 0.000000 -0.000000 0.000000
"25.joint_LeftElbow"
"24.joint_LeftArm"
8 0.000000 0.000000 0.000000 0.000000 -0.000000 0.000000
1
1.000000 0.000000 0.000000 0.000000
1
1.000000 0.000000 -0.000000 0.000000
"26.joint_LeftWrist"
"25.joint_LeftElbow"
8 0.000000 0.000000 0.000000 0.000000 -0.000000 0.000000
1
1.000000 0.000000 0.000000 0.000000
1
1.000000 0.000000 -0.000000 0.000000
GroupComments: 0
MaterialComments: 0
BoneComments: 0
ModelComment: 0
