Meshes: 1
"Tex_0122_0_dds" 0 0
560
0 8.885918 -0.029140 11.882504 -1.000000 2.000000 -1
0 5.948669 -0.029140 11.882504 0.000000 2.000000 -1
0 8.885918 2.908108 11.882504 -1.000000 1.000000 -1
0 5.948669 2.908108 11.882504 0.000000 1.000000 -1
0 5.948669 -0.029140 14.819752 1.000000 2.000000 -1
0 8.885918 -0.029140 14.819752 2.000000 2.000000 -1
0 5.948669 2.908108 14.819752 1.000000 1.000000 -1
0 8.885918 2.908108 14.819752 2.000000 1.000000 -1
0 8.885918 -0.029140 11.882504 0.000000 -1.000000 -1
0 8.885918 -0.029140 14.819752 1.000000 -1.000000 -1
0 5.948669 -0.029140 11.882504 0.000000 -2.000000 -1
0 5.948669 -0.029140 14.819752 1.000000 -2.000000 -1
0 8.885918 2.908108 11.882504 0.000000 0.000000 -1
0 8.885918 2.908108 14.819752 1.000000 0.000000 -1
0 2.952083 -0.029140 11.882504 -1.000000 2.000000 -1
0 0.014835 -0.029140 11.882504 0.000000 2.000000 -1
0 2.952083 2.908108 11.882504 -1.000000 1.000000 -1
0 0.014835 2.908108 11.882504 0.000000 1.000000 -1
0 0.014835 -0.029140 14.819752 1.000000 2.000000 -1
0 2.952083 -0.029140 14.819752 2.000000 2.000000 -1
0 0.014835 2.908108 14.819752 1.000000 1.000000 -1
0 2.952083 2.908108 14.819752 2.000000 1.000000 -1
0 2.952083 -0.029140 11.882504 0.000000 -1.000000 -1
0 2.952083 -0.029140 14.819752 1.000000 -1.000000 -1
0 0.014835 -0.029140 11.882504 0.000000 -2.000000 -1
0 0.014835 -0.029140 14.819752 1.000000 -2.000000 -1
0 2.952083 2.908108 11.882504 0.000000 0.000000 -1
0 2.952083 2.908108 14.819752 1.000000 0.000000 -1
0 -2.981752 -0.029140 11.882504 -1.000000 2.000000 -1
0 -5.919000 -0.029140 11.882504 0.000000 2.000000 -1
0 -2.981752 2.908108 11.882504 -1.000000 1.000000 -1
0 -5.919000 2.908108 11.882504 0.000000 1.000000 -1
0 -5.919000 -0.029140 14.819752 1.000000 2.000000 -1
0 -2.981752 -0.029140 14.819752 2.000000 2.000000 -1
0 -5.919000 2.908108 14.819752 1.000000 1.000000 -1
0 -2.981752 2.908108 14.819752 2.000000 1.000000 -1
0 -2.981752 -0.029140 11.882504 0.000000 -1.000000 -1
0 -2.981752 -0.029140 14.819752 1.000000 -1.000000 -1
0 -5.919000 -0.029140 11.882504 0.000000 -2.000000 -1
0 -5.919000 -0.029140 14.819752 1.000000 -2.000000 -1
0 -2.981752 2.908108 11.882504 0.000000 0.000000 -1
0 -2.981752 2.908108 14.819752 1.000000 0.000000 -1
0 -8.915586 -0.029140 11.882504 -1.000000 2.000000 -1
0 -11.852835 -0.029140 11.882504 0.000000 2.000000 -1
0 -8.915586 2.908108 11.882504 -1.000000 1.000000 -1
0 -11.852835 2.908108 11.882504 0.000000 1.000000 -1
0 -11.852835 -0.029140 14.819752 1.000000 2.000000 -1
0 -8.915586 -0.029140 14.819752 2.000000 2.000000 -1
0 -11.852835 2.908108 14.819752 1.000000 1.000000 -1
0 -8.915586 2.908108 14.819752 2.000000 1.000000 -1
0 -8.915586 -0.029140 11.882504 0.000000 -1.000000 -1
0 -8.915586 -0.029140 14.819752 1.000000 -1.000000 -1
0 -11.852835 -0.029140 11.882504 0.000000 -2.000000 -1
0 -11.852835 -0.029140 14.819752 1.000000 -2.000000 -1
0 -8.915586 2.908108 11.882504 0.000000 0.000000 -1
0 -8.915586 2.908108 14.819752 1.000000 0.000000 -1
0 -14.849422 -0.029140 11.882504 -1.000000 2.000000 -1
0 -17.786669 -0.029140 11.882504 0.000000 2.000000 -1
0 -14.849422 2.908108 11.882504 -1.000000 1.000000 -1
0 -17.786669 2.908108 11.882504 0.000000 1.000000 -1
0 -17.786669 -0.029140 14.819752 1.000000 2.000000 -1
0 -14.849422 -0.029140 14.819752 2.000000 2.000000 -1
0 -17.786669 2.908108 14.819752 1.000000 1.000000 -1
0 -14.849422 2.908108 14.819752 2.000000 1.000000 -1
0 -14.849422 -0.029140 11.882504 0.000000 -1.000000 -1
0 -14.849422 -0.029140 14.819752 1.000000 -1.000000 -1
0 -17.786669 -0.029140 11.882504 0.000000 -2.000000 -1
0 -17.786669 -0.029140 14.819752 1.000000 -2.000000 -1
0 -14.849422 2.908108 11.882504 0.000000 0.000000 -1
0 -14.849422 2.908108 14.819752 1.000000 0.000000 -1
0 -14.849422 -0.029140 5.948669 -1.000000 2.000000 -1
0 -17.786669 -0.029140 5.948669 0.000000 2.000000 -1
0 -14.849422 2.908108 5.948669 -1.000000 1.000000 -1
0 -17.786669 2.908108 5.948669 0.000000 1.000000 -1
0 -17.786669 -0.029140 8.885918 1.000000 2.000000 -1
0 -14.849422 -0.029140 8.885918 2.000000 2.000000 -1
0 -17.786669 2.908108 8.885918 1.000000 1.000000 -1
0 -14.849422 2.908108 8.885918 2.000000 1.000000 -1
0 -14.849422 -0.029140 5.948669 0.000000 -1.000000 -1
0 -14.849422 -0.029140 8.885918 1.000000 -1.000000 -1
0 -17.786669 -0.029140 5.948669 0.000000 -2.000000 -1
0 -17.786669 -0.029140 8.885918 1.000000 -2.000000 -1
0 -14.849422 2.908108 5.948669 0.000000 0.000000 -1
0 -14.849422 2.908108 8.885918 1.000000 0.000000 -1
0 -14.849422 -0.029140 0.014835 -1.000000 2.000000 -1
0 -17.786669 -0.029140 0.014835 0.000000 2.000000 -1
0 -14.849422 2.908108 0.014835 -1.000000 1.000000 -1
0 -17.786669 2.908108 0.014835 0.000000 1.000000 -1
0 -17.786669 -0.029140 2.952083 1.000000 2.000000 -1
0 -14.849422 -0.029140 2.952083 2.000000 2.000000 -1
0 -17.786669 2.908108 2.952083 1.000000 1.000000 -1
0 -14.849422 2.908108 2.952083 2.000000 1.000000 -1
0 -14.849422 -0.029140 0.014835 0.000000 -1.000000 -1
0 -14.849422 -0.029140 2.952083 1.000000 -1.000000 -1
0 -17.786669 -0.029140 0.014835 0.000000 -2.000000 -1
0 -17.786669 -0.029140 2.952083 1.000000 -2.000000 -1
0 -14.849422 2.908108 0.014835 0.000000 0.000000 -1
0 -14.849422 2.908108 2.952083 1.000000 0.000000 -1
0 -14.849422 -0.029140 -5.919000 -1.000000 2.000000 -1
0 -17.786669 -0.029140 -5.919000 0.000000 2.000000 -1
0 -14.849422 2.908108 -5.919000 -1.000000 1.000000 -1
0 -17.786669 2.908108 -5.919000 0.000000 1.000000 -1
0 -17.786669 -0.029140 -2.981752 1.000000 2.000000 -1
0 -14.849422 -0.029140 -2.981752 2.000000 2.000000 -1
0 -17.786669 2.908108 -2.981752 1.000000 1.000000 -1
0 -14.849422 2.908108 -2.981752 2.000000 1.000000 -1
0 -14.849422 -0.029140 -5.919000 0.000000 -1.000000 -1
0 -14.849422 -0.029140 -2.981752 1.000000 -1.000000 -1
0 -17.786669 -0.029140 -5.919000 0.000000 -2.000000 -1
0 -17.786669 -0.029140 -2.981752 1.000000 -2.000000 -1
0 -14.849422 2.908108 -5.919000 0.000000 0.000000 -1
0 -14.849422 2.908108 -2.981752 1.000000 0.000000 -1
0 -14.849422 -0.029140 -11.852835 -1.000000 2.000000 -1
0 -17.786669 -0.029140 -11.852835 0.000000 2.000000 -1
0 -14.849422 2.908108 -11.852835 -1.000000 1.000000 -1
0 -17.786669 2.908108 -11.852835 0.000000 1.000000 -1
0 -17.786669 -0.029140 -8.915586 1.000000 2.000000 -1
0 -14.849422 -0.029140 -8.915586 2.000000 2.000000 -1
0 -17.786669 2.908108 -8.915586 1.000000 1.000000 -1
0 -14.849422 2.908108 -8.915586 2.000000 1.000000 -1
0 -14.849422 -0.029140 -11.852835 0.000000 -1.000000 -1
0 -14.849422 -0.029140 -8.915586 1.000000 -1.000000 -1
0 -17.786669 -0.029140 -11.852835 0.000000 -2.000000 -1
0 -17.786669 -0.029140 -8.915586 1.000000 -2.000000 -1
0 -14.849422 2.908108 -11.852835 0.000000 0.000000 -1
0 -14.849422 2.908108 -8.915586 1.000000 0.000000 -1
0 -14.849422 -0.029140 -17.786669 -1.000000 2.000000 -1
0 -17.786669 -0.029140 -17.786669 0.000000 2.000000 -1
0 -14.849422 2.908108 -17.786669 -1.000000 1.000000 -1
0 -17.786669 2.908108 -17.786669 0.000000 1.000000 -1
0 -17.786669 -0.029140 -14.849422 1.000000 2.000000 -1
0 -14.849422 -0.029140 -14.849422 2.000000 2.000000 -1
0 -17.786669 2.908108 -14.849422 1.000000 1.000000 -1
0 -14.849422 2.908108 -14.849422 2.000000 1.000000 -1
0 -14.849422 -0.029140 -17.786669 0.000000 -1.000000 -1
0 -14.849422 -0.029140 -14.849422 1.000000 -1.000000 -1
0 -17.786669 -0.029140 -17.786669 0.000000 -2.000000 -1
0 -17.786669 -0.029140 -14.849422 1.000000 -2.000000 -1
0 -14.849422 2.908108 -17.786669 0.000000 0.000000 -1
0 -14.849422 2.908108 -14.849422 1.000000 0.000000 -1
0 -8.915586 -0.029140 -17.786669 -1.000000 2.000000 -1
0 -11.852835 -0.029140 -17.786669 0.000000 2.000000 -1
0 -8.915586 2.908108 -17.786669 -1.000000 1.000000 -1
0 -11.852835 2.908108 -17.786669 0.000000 1.000000 -1
0 -11.852835 -0.029140 -14.849422 1.000000 2.000000 -1
0 -8.915586 -0.029140 -14.849422 2.000000 2.000000 -1
0 -11.852835 2.908108 -14.849422 1.000000 1.000000 -1
0 -8.915586 2.908108 -14.849422 2.000000 1.000000 -1
0 -8.915586 -0.029140 -17.786669 0.000000 -1.000000 -1
0 -8.915586 -0.029140 -14.849422 1.000000 -1.000000 -1
0 -11.852835 -0.029140 -17.786669 0.000000 -2.000000 -1
0 -11.852835 -0.029140 -14.849422 1.000000 -2.000000 -1
0 -8.915586 2.908108 -17.786669 0.000000 0.000000 -1
0 -8.915586 2.908108 -14.849422 1.000000 0.000000 -1
0 -2.981752 -0.029140 -17.786669 -1.000000 2.000000 -1
0 -5.919000 -0.029140 -17.786669 0.000000 2.000000 -1
0 -2.981752 2.908108 -17.786669 -1.000000 1.000000 -1
0 -5.919000 2.908108 -17.786669 0.000000 1.000000 -1
0 -5.919000 -0.029140 -14.849422 1.000000 2.000000 -1
0 -2.981752 -0.029140 -14.849422 2.000000 2.000000 -1
0 -5.919000 2.908108 -14.849422 1.000000 1.000000 -1
0 -2.981752 2.908108 -14.849422 2.000000 1.000000 -1
0 -2.981752 -0.029140 -17.786669 0.000000 -1.000000 -1
0 -2.981752 -0.029140 -14.849422 1.000000 -1.000000 -1
0 -5.919000 -0.029140 -17.786669 0.000000 -2.000000 -1
0 -5.919000 -0.029140 -14.849422 1.000000 -2.000000 -1
0 -2.981752 2.908108 -17.786669 0.000000 0.000000 -1
0 -2.981752 2.908108 -14.849422 1.000000 0.000000 -1
0 2.952083 -0.029140 -17.786669 -1.000000 2.000000 -1
0 0.014835 -0.029140 -17.786669 0.000000 2.000000 -1
0 2.952083 2.908108 -17.786669 -1.000000 1.000000 -1
0 0.014835 2.908108 -17.786669 0.000000 1.000000 -1
0 0.014835 -0.029140 -14.849422 1.000000 2.000000 -1
0 2.952083 -0.029140 -14.849422 2.000000 2.000000 -1
0 0.014835 2.908108 -14.849422 1.000000 1.000000 -1
0 2.952083 2.908108 -14.849422 2.000000 1.000000 -1
0 2.952083 -0.029140 -17.786669 0.000000 -1.000000 -1
0 2.952083 -0.029140 -14.849422 1.000000 -1.000000 -1
0 0.014835 -0.029140 -17.786669 0.000000 -2.000000 -1
0 0.014835 -0.029140 -14.849422 1.000000 -2.000000 -1
0 2.952083 2.908108 -17.786669 0.000000 0.000000 -1
0 2.952083 2.908108 -14.849422 1.000000 0.000000 -1
0 8.885918 -0.029140 -17.786669 -1.000000 2.000000 -1
0 5.948669 -0.029140 -17.786669 0.000000 2.000000 -1
0 8.885918 2.908108 -17.786669 -1.000000 1.000000 -1
0 5.948669 2.908108 -17.786669 0.000000 1.000000 -1
0 5.948669 -0.029140 -14.849422 1.000000 2.000000 -1
0 8.885918 -0.029140 -14.849422 2.000000 2.000000 -1
0 5.948669 2.908108 -14.849422 1.000000 1.000000 -1
0 8.885918 2.908108 -14.849422 2.000000 1.000000 -1
0 8.885918 -0.029140 -17.786669 0.000000 -1.000000 -1
0 8.885918 -0.029140 -14.849422 1.000000 -1.000000 -1
0 5.948669 -0.029140 -17.786669 0.000000 -2.000000 -1
0 5.948669 -0.029140 -14.849422 1.000000 -2.000000 -1
0 8.885918 2.908108 -17.786669 0.000000 0.000000 -1
0 8.885918 2.908108 -14.849422 1.000000 0.000000 -1
0 14.819752 -0.029140 -17.786669 -1.000000 2.000000 -1
0 11.882504 -0.029140 -17.786669 0.000000 2.000000 -1
0 14.819752 2.908108 -17.786669 -1.000000 1.000000 -1
0 11.882504 2.908108 -17.786669 0.000000 1.000000 -1
0 11.882504 -0.029140 -14.849422 1.000000 2.000000 -1
0 14.819752 -0.029140 -14.849422 2.000000 2.000000 -1
0 11.882504 2.908108 -14.849422 1.000000 1.000000 -1
0 14.819752 2.908108 -14.849422 2.000000 1.000000 -1
0 14.819752 -0.029140 -17.786669 0.000000 -1.000000 -1
0 14.819752 -0.029140 -14.849422 1.000000 -1.000000 -1
0 11.882504 -0.029140 -17.786669 0.000000 -2.000000 -1
0 11.882504 -0.029140 -14.849422 1.000000 -2.000000 -1
0 14.819752 2.908108 -17.786669 0.000000 0.000000 -1
0 14.819752 2.908108 -14.849422 1.000000 0.000000 -1
0 14.819752 -0.029140 -11.852835 -1.000000 2.000000 -1
0 11.882504 -0.029140 -11.852835 0.000000 2.000000 -1
0 14.819752 2.908108 -11.852835 -1.000000 1.000000 -1
0 11.882504 2.908108 -11.852835 0.000000 1.000000 -1
0 11.882504 -0.029140 -8.915586 1.000000 2.000000 -1
0 14.819752 -0.029140 -8.915586 2.000000 2.000000 -1
0 11.882504 2.908108 -8.915586 1.000000 1.000000 -1
0 14.819752 2.908108 -8.915586 2.000000 1.000000 -1
0 14.819752 -0.029140 -11.852835 0.000000 -1.000000 -1
0 14.819752 -0.029140 -8.915586 1.000000 -1.000000 -1
0 11.882504 -0.029140 -11.852835 0.000000 -2.000000 -1
0 11.882504 -0.029140 -8.915586 1.000000 -2.000000 -1
0 14.819752 2.908108 -11.852835 0.000000 0.000000 -1
0 14.819752 2.908108 -8.915586 1.000000 0.000000 -1
0 14.819752 -0.029140 -5.919000 -1.000000 2.000000 -1
0 11.882504 -0.029140 -5.919000 0.000000 2.000000 -1
0 14.819752 2.908108 -5.919000 -1.000000 1.000000 -1
0 11.882504 2.908108 -5.919000 0.000000 1.000000 -1
0 11.882504 -0.029140 -2.981752 1.000000 2.000000 -1
0 14.819752 -0.029140 -2.981752 2.000000 2.000000 -1
0 11.882504 2.908108 -2.981752 1.000000 1.000000 -1
0 14.819752 2.908108 -2.981752 2.000000 1.000000 -1
0 14.819752 -0.029140 -5.919000 0.000000 -1.000000 -1
0 14.819752 -0.029140 -2.981752 1.000000 -1.000000 -1
0 11.882504 -0.029140 -5.919000 0.000000 -2.000000 -1
0 11.882504 -0.029140 -2.981752 1.000000 -2.000000 -1
0 14.819752 2.908108 -5.919000 0.000000 0.000000 -1
0 14.819752 2.908108 -2.981752 1.000000 0.000000 -1
0 14.819752 -0.029140 0.014835 -1.000000 2.000000 -1
0 11.882504 -0.029140 0.014835 0.000000 2.000000 -1
0 14.819752 2.908108 0.014835 -1.000000 1.000000 -1
0 11.882504 2.908108 0.014835 0.000000 1.000000 -1
0 11.882504 -0.029140 2.952083 1.000000 2.000000 -1
0 14.819752 -0.029140 2.952083 2.000000 2.000000 -1
0 11.882504 2.908108 2.952083 1.000000 1.000000 -1
0 14.819752 2.908108 2.952083 2.000000 1.000000 -1
0 14.819752 -0.029140 0.014835 0.000000 -1.000000 -1
0 14.819752 -0.029140 2.952083 1.000000 -1.000000 -1
0 11.882504 -0.029140 0.014835 0.000000 -2.000000 -1
0 11.882504 -0.029140 2.952083 1.000000 -2.000000 -1
0 14.819752 2.908108 0.014835 0.000000 0.000000 -1
0 14.819752 2.908108 2.952083 1.000000 0.000000 -1
0 14.819752 -0.029140 5.948669 -1.000000 2.000000 -1
0 11.882504 -0.029140 5.948669 0.000000 2.000000 -1
0 14.819752 2.908108 5.948669 -1.000000 1.000000 -1
0 11.882504 2.908108 5.948669 0.000000 1.000000 -1
0 11.882504 -0.029140 8.885918 1.000000 2.000000 -1
0 14.819752 -0.029140 8.885918 2.000000 2.000000 -1
0 11.882504 2.908108 8.885918 1.000000 1.000000 -1
0 14.819752 2.908108 8.885918 2.000000 1.000000 -1
0 14.819752 -0.029140 5.948669 0.000000 -1.000000 -1
0 14.819752 -0.029140 8.885918 1.000000 -1.000000 -1
0 11.882504 -0.029140 5.948669 0.000000 -2.000000 -1
0 11.882504 -0.029140 8.885918 1.000000 -2.000000 -1
0 14.819752 2.908108 5.948669 0.000000 0.000000 -1
0 14.819752 2.908108 8.885918 1.000000 0.000000 -1
0 14.819752 -0.029140 11.882504 -1.000000 2.000000 -1
0 11.882504 -0.029140 11.882504 0.000000 2.000000 -1
0 14.819752 2.908108 11.882504 -1.000000 1.000000 -1
0 11.882504 2.908108 11.882504 0.000000 1.000000 -1
0 11.882504 -0.029140 14.819752 1.000000 2.000000 -1
0 14.819752 -0.029140 14.819752 2.000000 2.000000 -1
0 11.882504 2.908108 14.819752 1.000000 1.000000 -1
0 14.819752 2.908108 14.819752 2.000000 1.000000 -1
0 14.819752 -0.029140 11.882504 0.000000 -1.000000 -1
0 14.819752 -0.029140 14.819752 1.000000 -1.000000 -1
0 11.882504 -0.029140 11.882504 0.000000 -2.000000 -1
0 11.882504 -0.029140 14.819752 1.000000 -2.000000 -1
0 14.819752 2.908108 11.882504 0.000000 0.000000 -1
0 14.819752 2.908108 14.819752 1.000000 0.000000 -1
0 11.852835 -0.029140 14.849422 -1.000000 2.000000 -1
0 8.915586 -0.029140 14.849422 0.000000 2.000000 -1
0 11.852835 2.908108 14.849422 -1.000000 1.000000 -1
0 8.915586 2.908108 14.849422 0.000000 1.000000 -1
0 8.915586 -0.029140 17.786669 1.000000 2.000000 -1
0 11.852835 -0.029140 17.786669 2.000000 2.000000 -1
0 8.915586 2.908108 17.786669 1.000000 1.000000 -1
0 11.852835 2.908108 17.786669 2.000000 1.000000 -1
0 11.852835 -0.029140 14.849422 0.000000 -1.000000 -1
0 11.852835 -0.029140 17.786669 1.000000 -1.000000 -1
0 8.915586 -0.029140 14.849422 0.000000 -2.000000 -1
0 8.915586 -0.029140 17.786669 1.000000 -2.000000 -1
0 11.852835 2.908108 14.849422 0.000000 0.000000 -1
0 11.852835 2.908108 17.786669 1.000000 0.000000 -1
0 5.919000 -0.029140 14.849422 -1.000000 2.000000 -1
0 2.981752 -0.029140 14.849422 0.000000 2.000000 -1
0 5.919000 2.908108 14.849422 -1.000000 1.000000 -1
0 2.981752 2.908108 14.849422 0.000000 1.000000 -1
0 2.981752 -0.029140 17.786669 1.000000 2.000000 -1
0 5.919000 -0.029140 17.786669 2.000000 2.000000 -1
0 2.981752 2.908108 17.786669 1.000000 1.000000 -1
0 5.919000 2.908108 17.786669 2.000000 1.000000 -1
0 5.919000 -0.029140 14.849422 0.000000 -1.000000 -1
0 5.919000 -0.029140 17.786669 1.000000 -1.000000 -1
0 2.981752 -0.029140 14.849422 0.000000 -2.000000 -1
0 2.981752 -0.029140 17.786669 1.000000 -2.000000 -1
0 5.919000 2.908108 14.849422 0.000000 0.000000 -1
0 5.919000 2.908108 17.786669 1.000000 0.000000 -1
0 -0.014835 -0.029140 14.849422 -1.000000 2.000000 -1
0 -2.952083 -0.029140 14.849422 0.000000 2.000000 -1
0 -0.014835 2.908108 14.849422 -1.000000 1.000000 -1
0 -2.952083 2.908108 14.849422 0.000000 1.000000 -1
0 -2.952083 -0.029140 17.786669 1.000000 2.000000 -1
0 -0.014835 -0.029140 17.786669 2.000000 2.000000 -1
0 -2.952083 2.908108 17.786669 1.000000 1.000000 -1
0 -0.014835 2.908108 17.786669 2.000000 1.000000 -1
0 -0.014835 -0.029140 14.849422 0.000000 -1.000000 -1
0 -0.014835 -0.029140 17.786669 1.000000 -1.000000 -1
0 -2.952083 -0.029140 14.849422 0.000000 -2.000000 -1
0 -2.952083 -0.029140 17.786669 1.000000 -2.000000 -1
0 -0.014835 2.908108 14.849422 0.000000 0.000000 -1
0 -0.014835 2.908108 17.786669 1.000000 0.000000 -1
0 -5.948669 -0.029140 14.849422 -1.000000 2.000000 -1
0 -8.885918 -0.029140 14.849422 0.000000 2.000000 -1
0 -5.948669 2.908108 14.849422 -1.000000 1.000000 -1
0 -8.885918 2.908108 14.849422 0.000000 1.000000 -1
0 -8.885918 -0.029140 17.786669 1.000000 2.000000 -1
0 -5.948669 -0.029140 17.786669 2.000000 2.000000 -1
0 -8.885918 2.908108 17.786669 1.000000 1.000000 -1
0 -5.948669 2.908108 17.786669 2.000000 1.000000 -1
0 -5.948669 -0.029140 14.849422 0.000000 -1.000000 -1
0 -5.948669 -0.029140 17.786669 1.000000 -1.000000 -1
0 -8.885918 -0.029140 14.849422 0.000000 -2.000000 -1
0 -8.885918 -0.029140 17.786669 1.000000 -2.000000 -1
0 -5.948669 2.908108 14.849422 0.000000 0.000000 -1
0 -5.948669 2.908108 17.786669 1.000000 0.000000 -1
0 -11.882504 -0.029140 14.849422 -1.000000 2.000000 -1
0 -14.819752 -0.029140 14.849422 0.000000 2.000000 -1
0 -11.882504 2.908108 14.849422 -1.000000 1.000000 -1
0 -14.819752 2.908108 14.849422 0.000000 1.000000 -1
0 -14.819752 -0.029140 17.786669 1.000000 2.000000 -1
0 -11.882504 -0.029140 17.786669 2.000000 2.000000 -1
0 -14.819752 2.908108 17.786669 1.000000 1.000000 -1
0 -11.882504 2.908108 17.786669 2.000000 1.000000 -1
0 -11.882504 -0.029140 14.849422 0.000000 -1.000000 -1
0 -11.882504 -0.029140 17.786669 1.000000 -1.000000 -1
0 -14.819752 -0.029140 14.849422 0.000000 -2.000000 -1
0 -14.819752 -0.029140 17.786669 1.000000 -2.000000 -1
0 -11.882504 2.908108 14.849422 0.000000 0.000000 -1
0 -11.882504 2.908108 17.786669 1.000000 0.000000 -1
0 -11.882504 -0.029140 8.915586 -1.000000 2.000000 -1
0 -14.819752 -0.029140 8.915586 0.000000 2.000000 -1
0 -11.882504 2.908108 8.915586 -1.000000 1.000000 -1
0 -14.819752 2.908108 8.915586 0.000000 1.000000 -1
0 -14.819752 -0.029140 11.852835 1.000000 2.000000 -1
0 -11.882504 -0.029140 11.852835 2.000000 2.000000 -1
0 -14.819752 2.908108 11.852835 1.000000 1.000000 -1
0 -11.882504 2.908108 11.852835 2.000000 1.000000 -1
0 -11.882504 -0.029140 8.915586 0.000000 -1.000000 -1
0 -11.882504 -0.029140 11.852835 1.000000 -1.000000 -1
0 -14.819752 -0.029140 8.915586 0.000000 -2.000000 -1
0 -14.819752 -0.029140 11.852835 1.000000 -2.000000 -1
0 -11.882504 2.908108 8.915586 0.000000 0.000000 -1
0 -11.882504 2.908108 11.852835 1.000000 0.000000 -1
0 -11.882504 -0.029140 2.981752 -1.000000 2.000000 -1
0 -14.819752 -0.029140 2.981752 0.000000 2.000000 -1
0 -11.882504 2.908108 2.981752 -1.000000 1.000000 -1
0 -14.819752 2.908108 2.981752 0.000000 1.000000 -1
0 -14.819752 -0.029140 5.919000 1.000000 2.000000 -1
0 -11.882504 -0.029140 5.919000 2.000000 2.000000 -1
0 -14.819752 2.908108 5.919000 1.000000 1.000000 -1
0 -11.882504 2.908108 5.919000 2.000000 1.000000 -1
0 -11.882504 -0.029140 2.981752 0.000000 -1.000000 -1
0 -11.882504 -0.029140 5.919000 1.000000 -1.000000 -1
0 -14.819752 -0.029140 2.981752 0.000000 -2.000000 -1
0 -14.819752 -0.029140 5.919000 1.000000 -2.000000 -1
0 -11.882504 2.908108 2.981752 0.000000 0.000000 -1
0 -11.882504 2.908108 5.919000 1.000000 0.000000 -1
0 -11.882504 -0.029140 -2.952083 -1.000000 2.000000 -1
0 -14.819752 -0.029140 -2.952083 0.000000 2.000000 -1
0 -11.882504 2.908108 -2.952083 -1.000000 1.000000 -1
0 -14.819752 2.908108 -2.952083 0.000000 1.000000 -1
0 -14.819752 -0.029140 -0.014835 1.000000 2.000000 -1
0 -11.882504 -0.029140 -0.014835 2.000000 2.000000 -1
0 -14.819752 2.908108 -0.014835 1.000000 1.000000 -1
0 -11.882504 2.908108 -0.014835 2.000000 1.000000 -1
0 -11.882504 -0.029140 -2.952083 0.000000 -1.000000 -1
0 -11.882504 -0.029140 -0.014835 1.000000 -1.000000 -1
0 -14.819752 -0.029140 -2.952083 0.000000 -2.000000 -1
0 -14.819752 -0.029140 -0.014835 1.000000 -2.000000 -1
0 -11.882504 2.908108 -2.952083 0.000000 0.000000 -1
0 -11.882504 2.908108 -0.014835 1.000000 0.000000 -1
0 -11.882504 -0.029140 -8.885918 -1.000000 2.000000 -1
0 -14.819752 -0.029140 -8.885918 0.000000 2.000000 -1
0 -11.882504 2.908108 -8.885918 -1.000000 1.000000 -1
0 -14.819752 2.908108 -8.885918 0.000000 1.000000 -1
0 -14.819752 -0.029140 -5.948669 1.000000 2.000000 -1
0 -11.882504 -0.029140 -5.948669 2.000000 2.000000 -1
0 -14.819752 2.908108 -5.948669 1.000000 1.000000 -1
0 -11.882504 2.908108 -5.948669 2.000000 1.000000 -1
0 -11.882504 -0.029140 -8.885918 0.000000 -1.000000 -1
0 -11.882504 -0.029140 -5.948669 1.000000 -1.000000 -1
0 -14.819752 -0.029140 -8.885918 0.000000 -2.000000 -1
0 -14.819752 -0.029140 -5.948669 1.000000 -2.000000 -1
0 -11.882504 2.908108 -8.885918 0.000000 0.000000 -1
0 -11.882504 2.908108 -5.948669 1.000000 0.000000 -1
0 -11.882504 -0.029140 -14.819752 -1.000000 2.000000 -1
0 -14.819752 -0.029140 -14.819752 0.000000 2.000000 -1
0 -11.882504 2.908108 -14.819752 -1.000000 1.000000 -1
0 -14.819752 2.908108 -14.819752 0.000000 1.000000 -1
0 -14.819752 -0.029140 -11.882504 1.000000 2.000000 -1
0 -11.882504 -0.029140 -11.882504 2.000000 2.000000 -1
0 -14.819752 2.908108 -11.882504 1.000000 1.000000 -1
0 -11.882504 2.908108 -11.882504 2.000000 1.000000 -1
0 -11.882504 -0.029140 -14.819752 0.000000 -1.000000 -1
0 -11.882504 -0.029140 -11.882504 1.000000 -1.000000 -1
0 -14.819752 -0.029140 -14.819752 0.000000 -2.000000 -1
0 -14.819752 -0.029140 -11.882504 1.000000 -2.000000 -1
0 -11.882504 2.908108 -14.819752 0.000000 0.000000 -1
0 -11.882504 2.908108 -11.882504 1.000000 0.000000 -1
0 -5.948669 -0.029140 -14.819752 -1.000000 2.000000 -1
0 -8.885918 -0.029140 -14.819752 0.000000 2.000000 -1
0 -5.948669 2.908108 -14.819752 -1.000000 1.000000 -1
0 -8.885918 2.908108 -14.819752 0.000000 1.000000 -1
0 -8.885918 -0.029140 -11.882504 1.000000 2.000000 -1
0 -5.948669 -0.029140 -11.882504 2.000000 2.000000 -1
0 -8.885918 2.908108 -11.882504 1.000000 1.000000 -1
0 -5.948669 2.908108 -11.882504 2.000000 1.000000 -1
0 -5.948669 -0.029140 -14.819752 0.000000 -1.000000 -1
0 -5.948669 -0.029140 -11.882504 1.000000 -1.000000 -1
0 -8.885918 -0.029140 -14.819752 0.000000 -2.000000 -1
0 -8.885918 -0.029140 -11.882504 1.000000 -2.000000 -1
0 -5.948669 2.908108 -14.819752 0.000000 0.000000 -1
0 -5.948669 2.908108 -11.882504 1.000000 0.000000 -1
0 -0.014835 -0.029140 -14.819752 -1.000000 2.000000 -1
0 -2.952083 -0.029140 -14.819752 0.000000 2.000000 -1
0 -0.014835 2.908108 -14.819752 -1.000000 1.000000 -1
0 -2.952083 2.908108 -14.819752 0.000000 1.000000 -1
0 -2.952083 -0.029140 -11.882504 1.000000 2.000000 -1
0 -0.014835 -0.029140 -11.882504 2.000000 2.000000 -1
0 -2.952083 2.908108 -11.882504 1.000000 1.000000 -1
0 -0.014835 2.908108 -11.882504 2.000000 1.000000 -1
0 -0.014835 -0.029140 -14.819752 0.000000 -1.000000 -1
0 -0.014835 -0.029140 -11.882504 1.000000 -1.000000 -1
0 -2.952083 -0.029140 -14.819752 0.000000 -2.000000 -1
0 -2.952083 -0.029140 -11.882504 1.000000 -2.000000 -1
0 -0.014835 2.908108 -14.819752 0.000000 0.000000 -1
0 -0.014835 2.908108 -11.882504 1.000000 0.000000 -1
0 5.919000 -0.029140 -14.819752 -1.000000 2.000000 -1
0 2.981752 -0.029140 -14.819752 0.000000 2.000000 -1
0 5.919000 2.908108 -14.819752 -1.000000 1.000000 -1
0 2.981752 2.908108 -14.819752 0.000000 1.000000 -1
0 2.981752 -0.029140 -11.882504 1.000000 2.000000 -1
0 5.919000 -0.029140 -11.882504 2.000000 2.000000 -1
0 2.981752 2.908108 -11.882504 1.000000 1.000000 -1
0 5.919000 2.908108 -11.882504 2.000000 1.000000 -1
0 5.919000 -0.029140 -14.819752 0.000000 -1.000000 -1
0 5.919000 -0.029140 -11.882504 1.000000 -1.000000 -1
0 2.981752 -0.029140 -14.819752 0.000000 -2.000000 -1
0 2.981752 -0.029140 -11.882504 1.000000 -2.000000 -1
0 5.919000 2.908108 -14.819752 0.000000 0.000000 -1
0 5.919000 2.908108 -11.882504 1.000000 0.000000 -1
0 11.852835 -0.029140 -14.819752 -1.000000 2.000000 -1
0 8.915586 -0.029140 -14.819752 0.000000 2.000000 -1
0 11.852835 2.908108 -14.819752 -1.000000 1.000000 -1
0 8.915586 2.908108 -14.819752 0.000000 1.000000 -1
0 8.915586 -0.029140 -11.882504 1.000000 2.000000 -1
0 11.852835 -0.029140 -11.882504 2.000000 2.000000 -1
0 8.915586 2.908108 -11.882504 1.000000 1.000000 -1
0 11.852835 2.908108 -11.882504 2.000000 1.000000 -1
0 11.852835 -0.029140 -14.819752 0.000000 -1.000000 -1
0 11.852835 -0.029140 -11.882504 1.000000 -1.000000 -1
0 8.915586 -0.029140 -14.819752 0.000000 -2.000000 -1
0 8.915586 -0.029140 -11.882504 1.000000 -2.000000 -1
0 11.852835 2.908108 -14.819752 0.000000 0.000000 -1
0 11.852835 2.908108 -11.882504 1.000000 0.000000 -1
0 17.786669 -0.029140 -14.819752 -1.000000 2.000000 -1
0 14.849422 -0.029140 -14.819752 0.000000 2.000000 -1
0 17.786669 2.908108 -14.819752 -1.000000 1.000000 -1
0 14.849422 2.908108 -14.819752 0.000000 1.000000 -1
0 14.849422 -0.029140 -11.882504 1.000000 2.000000 -1
0 17.786669 -0.029140 -11.882504 2.000000 2.000000 -1
0 14.849422 2.908108 -11.882504 1.000000 1.000000 -1
0 17.786669 2.908108 -11.882504 2.000000 1.000000 -1
0 17.786669 -0.029140 -14.819752 0.000000 -1.000000 -1
0 17.786669 -0.029140 -11.882504 1.000000 -1.000000 -1
0 14.849422 -0.029140 -14.819752 0.000000 -2.000000 -1
0 14.849422 -0.029140 -11.882504 1.000000 -2.000000 -1
0 17.786669 2.908108 -14.819752 0.000000 0.000000 -1
0 17.786669 2.908108 -11.882504 1.000000 0.000000 -1
0 17.786669 -0.029140 -8.885918 -1.000000 2.000000 -1
0 14.849422 -0.029140 -8.885918 0.000000 2.000000 -1
0 17.786669 2.908108 -8.885918 -1.000000 1.000000 -1
0 14.849422 2.908108 -8.885918 0.000000 1.000000 -1
0 14.849422 -0.029140 -5.948669 1.000000 2.000000 -1
0 17.786669 -0.029140 -5.948669 2.000000 2.000000 -1
0 14.849422 2.908108 -5.948669 1.000000 1.000000 -1
0 17.786669 2.908108 -5.948669 2.000000 1.000000 -1
0 17.786669 -0.029140 -8.885918 0.000000 -1.000000 -1
0 17.786669 -0.029140 -5.948669 1.000000 -1.000000 -1
0 14.849422 -0.029140 -8.885918 0.000000 -2.000000 -1
0 14.849422 -0.029140 -5.948669 1.000000 -2.000000 -1
0 17.786669 2.908108 -8.885918 0.000000 0.000000 -1
0 17.786669 2.908108 -5.948669 1.000000 0.000000 -1
0 17.786669 -0.029140 -2.952083 -1.000000 2.000000 -1
0 14.849422 -0.029140 -2.952083 0.000000 2.000000 -1
0 17.786669 2.908108 -2.952083 -1.000000 1.000000 -1
0 14.849422 2.908108 -2.952083 0.000000 1.000000 -1
0 14.849422 -0.029140 -0.014835 1.000000 2.000000 -1
0 17.786669 -0.029140 -0.014835 2.000000 2.000000 -1
0 14.849422 2.908108 -0.014835 1.000000 1.000000 -1
0 17.786669 2.908108 -0.014835 2.000000 1.000000 -1
0 17.786669 -0.029140 -2.952083 0.000000 -1.000000 -1
0 17.786669 -0.029140 -0.014835 1.000000 -1.000000 -1
0 14.849422 -0.029140 -2.952083 0.000000 -2.000000 -1
0 14.849422 -0.029140 -0.014835 1.000000 -2.000000 -1
0 17.786669 2.908108 -2.952083 0.000000 0.000000 -1
0 17.786669 2.908108 -0.014835 1.000000 0.000000 -1
0 17.786669 -0.029140 2.981752 -1.000000 2.000000 -1
0 14.849422 -0.029140 2.981752 0.000000 2.000000 -1
0 17.786669 2.908108 2.981752 -1.000000 1.000000 -1
0 14.849422 2.908108 2.981752 0.000000 1.000000 -1
0 14.849422 -0.029140 5.919000 1.000000 2.000000 -1
0 17.786669 -0.029140 5.919000 2.000000 2.000000 -1
0 14.849422 2.908108 5.919000 1.000000 1.000000 -1
0 17.786669 2.908108 5.919000 2.000000 1.000000 -1
0 17.786669 -0.029140 2.981752 0.000000 -1.000000 -1
0 17.786669 -0.029140 5.919000 1.000000 -1.000000 -1
0 14.849422 -0.029140 2.981752 0.000000 -2.000000 -1
0 14.849422 -0.029140 5.919000 1.000000 -2.000000 -1
0 17.786669 2.908108 2.981752 0.000000 0.000000 -1
0 17.786669 2.908108 5.919000 1.000000 0.000000 -1
0 17.786669 -0.029140 8.915586 -1.000000 2.000000 -1
0 14.849422 -0.029140 8.915586 0.000000 2.000000 -1
0 17.786669 2.908108 8.915586 -1.000000 1.000000 -1
0 14.849422 2.908108 8.915586 0.000000 1.000000 -1
0 14.849422 -0.029140 11.852835 1.000000 2.000000 -1
0 17.786669 -0.029140 11.852835 2.000000 2.000000 -1
0 14.849422 2.908108 11.852835 1.000000 1.000000 -1
0 17.786669 2.908108 11.852835 2.000000 1.000000 -1
0 17.786669 -0.029140 8.915586 0.000000 -1.000000 -1
0 17.786669 -0.029140 11.852835 1.000000 -1.000000 -1
0 14.849422 -0.029140 8.915586 0.000000 -2.000000 -1
0 14.849422 -0.029140 11.852835 1.000000 -2.000000 -1
0 17.786669 2.908108 8.915586 0.000000 0.000000 -1
0 17.786669 2.908108 11.852835 1.000000 0.000000 -1
0 17.786669 -0.029140 14.849422 -1.000000 2.000000 -1
0 14.849422 -0.029140 14.849422 0.000000 2.000000 -1
0 17.786669 2.908108 14.849422 -1.000000 1.000000 -1
0 14.849422 2.908108 14.849422 0.000000 1.000000 -1
0 14.849422 -0.029140 17.786669 1.000000 2.000000 -1
0 17.786669 -0.029140 17.786669 2.000000 2.000000 -1
0 14.849422 2.908108 17.786669 1.000000 1.000000 -1
0 17.786669 2.908108 17.786669 2.000000 1.000000 -1
0 17.786669 -0.029140 14.849422 0.000000 -1.000000 -1
0 17.786669 -0.029140 17.786669 1.000000 -1.000000 -1
0 14.849422 -0.029140 14.849422 0.000000 -2.000000 -1
0 14.849422 -0.029140 17.786669 1.000000 -2.000000 -1
0 17.786669 2.908108 14.849422 0.000000 0.000000 -1
0 17.786669 2.908108 17.786669 1.000000 0.000000 -1
11
0.000000 0.000000 -1.000000
-0.447214 0.000000 -0.894427
-0.816497 0.408248 -0.408248
-0.894427 0.000000 0.447214
0.000000 0.000000 1.000000
-0.333333 0.666667 0.666667
0.894427 -0.447214 0.000000
0.447214 -0.894427 0.000000
0.000000 -1.000000 0.000000
0.447214 0.894427 0.000000
0.894427 0.447214 0.000000
480
0 0 1 2 0 1 0 1
0 2 1 3 0 1 2 1
0 4 5 6 3 4 5 1
0 6 5 7 5 4 4 1
0 8 9 10 6 7 8 1
0 10 9 11 8 7 8 1
0 12 13 8 9 10 6 1
0 8 13 9 6 10 7 1
0 3 6 12 2 5 9 1
0 12 6 13 9 5 10 1
0 1 4 3 1 3 2 1
0 3 4 6 2 3 5 1
0 14 15 16 0 1 0 1
0 16 15 17 0 1 2 1
0 18 19 20 3 4 5 1
0 20 19 21 5 4 4 1
0 22 23 24 6 7 8 1
0 24 23 25 8 7 8 1
0 26 27 22 9 10 6 1
0 22 27 23 6 10 7 1
0 17 20 26 2 5 9 1
0 26 20 27 9 5 10 1
0 15 18 17 1 3 2 1
0 17 18 20 2 3 5 1
0 28 29 30 0 1 0 1
0 30 29 31 0 1 2 1
0 32 33 34 3 4 5 1
0 34 33 35 5 4 4 1
0 36 37 38 6 7 8 1
0 38 37 39 8 7 8 1
0 40 41 36 9 10 6 1
0 36 41 37 6 10 7 1
0 31 34 40 2 5 9 1
0 40 34 41 9 5 10 1
0 29 32 31 1 3 2 1
0 31 32 34 2 3 5 1
0 42 43 44 0 1 0 1
0 44 43 45 0 1 2 1
0 46 47 48 3 4 5 1
0 48 47 49 5 4 4 1
0 50 51 52 6 7 8 1
0 52 51 53 8 7 8 1
0 54 55 50 9 10 6 1
0 50 55 51 6 10 7 1
0 45 48 54 2 5 9 1
0 54 48 55 9 5 10 1
0 43 46 45 1 3 2 1
0 45 46 48 2 3 5 1
0 56 57 58 0 1 0 1
0 58 57 59 0 1 2 1
0 60 61 62 3 4 5 1
0 62 61 63 5 4 4 1
0 64 65 66 6 7 8 1
0 66 65 67 8 7 8 1
0 68 69 64 9 10 6 1
0 64 69 65 6 10 7 1
0 59 62 68 2 5 9 1
0 68 62 69 9 5 10 1
0 57 60 59 1 3 2 1
0 59 60 62 2 3 5 1
0 70 71 72 0 1 0 1
0 72 71 73 0 1 2 1
0 74 75 76 3 4 5 1
0 76 75 77 5 4 4 1
0 78 79 80 6 7 8 1
0 80 79 81 8 7 8 1
0 82 83 78 9 10 6 1
0 78 83 79 6 10 7 1
0 73 76 82 2 5 9 1
0 82 76 83 9 5 10 1
0 71 74 73 1 3 2 1
0 73 74 76 2 3 5 1
0 84 85 86 0 1 0 1
0 86 85 87 0 1 2 1
0 88 89 90 3 4 5 1
0 90 89 91 5 4 4 1
0 92 93 94 6 7 8 1
0 94 93 95 8 7 8 1
0 96 97 92 9 10 6 1
0 92 97 93 6 10 7 1
0 87 90 96 2 5 9 1
0 96 90 97 9 5 10 1
0 85 88 87 1 3 2 1
0 87 88 90 2 3 5 1
0 98 99 100 0 1 0 1
0 100 99 101 0 1 2 1
0 102 103 104 3 4 5 1
0 104 103 105 5 4 4 1
0 106 107 108 6 7 8 1
0 108 107 109 8 7 8 1
0 110 111 106 9 10 6 1
0 106 111 107 6 10 7 1
0 101 104 110 2 5 9 1
0 110 104 111 9 5 10 1
0 99 102 101 1 3 2 1
0 101 102 104 2 3 5 1
0 112 113 114 0 1 0 1
0 114 113 115 0 1 2 1
0 116 117 118 3 4 5 1
0 118 117 119 5 4 4 1
0 120 121 122 6 7 8 1
0 122 121 123 8 7 8 1
0 124 125 120 9 10 6 1
0 120 125 121 6 10 7 1
0 115 118 124 2 5 9 1
0 124 118 125 9 5 10 1
0 113 116 115 1 3 2 1
0 115 116 118 2 3 5 1
0 126 127 128 0 1 0 1
0 128 127 129 0 1 2 1
0 130 131 132 3 4 5 1
0 132 131 133 5 4 4 1
0 134 135 136 6 7 8 1
0 136 135 137 8 7 8 1
0 138 139 134 9 10 6 1
0 134 139 135 6 10 7 1
0 129 132 138 2 5 9 1
0 138 132 139 9 5 10 1
0 127 130 129 1 3 2 1
0 129 130 132 2 3 5 1
0 140 141 142 0 1 0 1
0 142 141 143 0 1 2 1
0 144 145 146 3 4 5 1
0 146 145 147 5 4 4 1
0 148 149 150 6 7 8 1
0 150 149 151 8 7 8 1
0 152 153 148 9 10 6 1
0 148 153 149 6 10 7 1
0 143 146 152 2 5 9 1
0 152 146 153 9 5 10 1
0 141 144 143 1 3 2 1
0 143 144 146 2 3 5 1
0 154 155 156 0 1 0 1
0 156 155 157 0 1 2 1
0 158 159 160 3 4 5 1
0 160 159 161 5 4 4 1
0 162 163 164 6 7 8 1
0 164 163 165 8 7 8 1
0 166 167 162 9 10 6 1
0 162 167 163 6 10 7 1
0 157 160 166 2 5 9 1
0 166 160 167 9 5 10 1
0 155 158 157 1 3 2 1
0 157 158 160 2 3 5 1
0 168 169 170 0 1 0 1
0 170 169 171 0 1 2 1
0 172 173 174 3 4 5 1
0 174 173 175 5 4 4 1
0 176 177 178 6 7 8 1
0 178 177 179 8 7 8 1
0 180 181 176 9 10 6 1
0 176 181 177 6 10 7 1
0 171 174 180 2 5 9 1
0 180 174 181 9 5 10 1
0 169 172 171 1 3 2 1
0 171 172 174 2 3 5 1
0 182 183 184 0 1 0 1
0 184 183 185 0 1 2 1
0 186 187 188 3 4 5 1
0 188 187 189 5 4 4 1
0 190 191 192 6 7 8 1
0 192 191 193 8 7 8 1
0 194 195 190 9 10 6 1
0 190 195 191 6 10 7 1
0 185 188 194 2 5 9 1
0 194 188 195 9 5 10 1
0 183 186 185 1 3 2 1
0 185 186 188 2 3 5 1
0 196 197 198 0 1 0 1
0 198 197 199 0 1 2 1
0 200 201 202 3 4 5 1
0 202 201 203 5 4 4 1
0 204 205 206 6 7 8 1
0 206 205 207 8 7 8 1
0 208 209 204 9 10 6 1
0 204 209 205 6 10 7 1
0 199 202 208 2 5 9 1
0 208 202 209 9 5 10 1
0 197 200 199 1 3 2 1
0 199 200 202 2 3 5 1
0 210 211 212 0 1 0 1
0 212 211 213 0 1 2 1
0 214 215 216 3 4 5 1
0 216 215 217 5 4 4 1
0 218 219 220 6 7 8 1
0 220 219 221 8 7 8 1
0 222 223 218 9 10 6 1
0 218 223 219 6 10 7 1
0 213 216 222 2 5 9 1
0 222 216 223 9 5 10 1
0 211 214 213 1 3 2 1
0 213 214 216 2 3 5 1
0 224 225 226 0 1 0 1
0 226 225 227 0 1 2 1
0 228 229 230 3 4 5 1
0 230 229 231 5 4 4 1
0 232 233 234 6 7 8 1
0 234 233 235 8 7 8 1
0 236 237 232 9 10 6 1
0 232 237 233 6 10 7 1
0 227 230 236 2 5 9 1
0 236 230 237 9 5 10 1
0 225 228 227 1 3 2 1
0 227 228 230 2 3 5 1
0 238 239 240 0 1 0 1
0 240 239 241 0 1 2 1
0 242 243 244 3 4 5 1
0 244 243 245 5 4 4 1
0 246 247 248 6 7 8 1
0 248 247 249 8 7 8 1
0 250 251 246 9 10 6 1
0 246 251 247 6 10 7 1
0 241 244 250 2 5 9 1
0 250 244 251 9 5 10 1
0 239 242 241 1 3 2 1
0 241 242 244 2 3 5 1
0 252 253 254 0 1 0 1
0 254 253 255 0 1 2 1
0 256 257 258 3 4 5 1
0 258 257 259 5 4 4 1
0 260 261 262 6 7 8 1
0 262 261 263 8 7 8 1
0 264 265 260 9 10 6 1
0 260 265 261 6 10 7 1
0 255 258 264 2 5 9 1
0 264 258 265 9 5 10 1
0 253 256 255 1 3 2 1
0 255 256 258 2 3 5 1
0 266 267 268 0 1 0 1
0 268 267 269 0 1 2 1
0 270 271 272 3 4 5 1
0 272 271 273 5 4 4 1
0 274 275 276 6 7 8 1
0 276 275 277 8 7 8 1
0 278 279 274 9 10 6 1
0 274 279 275 6 10 7 1
0 269 272 278 2 5 9 1
0 278 272 279 9 5 10 1
0 267 270 269 1 3 2 1
0 269 270 272 2 3 5 1
0 280 281 282 0 1 0 1
0 282 281 283 0 1 2 1
0 284 285 286 3 4 5 1
0 286 285 287 5 4 4 1
0 288 289 290 6 7 8 1
0 290 289 291 8 7 8 1
0 292 293 288 9 10 6 1
0 288 293 289 6 10 7 1
0 283 286 292 2 5 9 1
0 292 286 293 9 5 10 1
0 281 284 283 1 3 2 1
0 283 284 286 2 3 5 1
0 294 295 296 0 1 0 1
0 296 295 297 0 1 2 1
0 298 299 300 3 4 5 1
0 300 299 301 5 4 4 1
0 302 303 304 6 7 8 1
0 304 303 305 8 7 8 1
0 306 307 302 9 10 6 1
0 302 307 303 6 10 7 1
0 297 300 306 2 5 9 1
0 306 300 307 9 5 10 1
0 295 298 297 1 3 2 1
0 297 298 300 2 3 5 1
0 308 309 310 0 1 0 1
0 310 309 311 0 1 2 1
0 312 313 314 3 4 5 1
0 314 313 315 5 4 4 1
0 316 317 318 6 7 8 1
0 318 317 319 8 7 8 1
0 320 321 316 9 10 6 1
0 316 321 317 6 10 7 1
0 311 314 320 2 5 9 1
0 320 314 321 9 5 10 1
0 309 312 311 1 3 2 1
0 311 312 314 2 3 5 1
0 322 323 324 0 1 0 1
0 324 323 325 0 1 2 1
0 326 327 328 3 4 5 1
0 328 327 329 5 4 4 1
0 330 331 332 6 7 8 1
0 332 331 333 8 7 8 1
0 334 335 330 9 10 6 1
0 330 335 331 6 10 7 1
0 325 328 334 2 5 9 1
0 334 328 335 9 5 10 1
0 323 326 325 1 3 2 1
0 325 326 328 2 3 5 1
0 336 337 338 0 1 0 1
0 338 337 339 0 1 2 1
0 340 341 342 3 4 5 1
0 342 341 343 5 4 4 1
0 344 345 346 6 7 8 1
0 346 345 347 8 7 8 1
0 348 349 344 9 10 6 1
0 344 349 345 6 10 7 1
0 339 342 348 2 5 9 1
0 348 342 349 9 5 10 1
0 337 340 339 1 3 2 1
0 339 340 342 2 3 5 1
0 350 351 352 0 1 0 1
0 352 351 353 0 1 2 1
0 354 355 356 3 4 5 1
0 356 355 357 5 4 4 1
0 358 359 360 6 7 8 1
0 360 359 361 8 7 8 1
0 362 363 358 9 10 6 1
0 358 363 359 6 10 7 1
0 353 356 362 2 5 9 1
0 362 356 363 9 5 10 1
0 351 354 353 1 3 2 1
0 353 354 356 2 3 5 1
0 364 365 366 0 1 0 1
0 366 365 367 0 1 2 1
0 368 369 370 3 4 5 1
0 370 369 371 5 4 4 1
0 372 373 374 6 7 8 1
0 374 373 375 8 7 8 1
0 376 377 372 9 10 6 1
0 372 377 373 6 10 7 1
0 367 370 376 2 5 9 1
0 376 370 377 9 5 10 1
0 365 368 367 1 3 2 1
0 367 368 370 2 3 5 1
0 378 379 380 0 1 0 1
0 380 379 381 0 1 2 1
0 382 383 384 3 4 5 1
0 384 383 385 5 4 4 1
0 386 387 388 6 7 8 1
0 388 387 389 8 7 8 1
0 390 391 386 9 10 6 1
0 386 391 387 6 10 7 1
0 381 384 390 2 5 9 1
0 390 384 391 9 5 10 1
0 379 382 381 1 3 2 1
0 381 382 384 2 3 5 1
0 392 393 394 0 1 0 1
0 394 393 395 0 1 2 1
0 396 397 398 3 4 5 1
0 398 397 399 5 4 4 1
0 400 401 402 6 7 8 1
0 402 401 403 8 7 8 1
0 404 405 400 9 10 6 1
0 400 405 401 6 10 7 1
0 395 398 404 2 5 9 1
0 404 398 405 9 5 10 1
0 393 396 395 1 3 2 1
0 395 396 398 2 3 5 1
0 406 407 408 0 1 0 1
0 408 407 409 0 1 2 1
0 410 411 412 3 4 5 1
0 412 411 413 5 4 4 1
0 414 415 416 6 7 8 1
0 416 415 417 8 7 8 1
0 418 419 414 9 10 6 1
0 414 419 415 6 10 7 1
0 409 412 418 2 5 9 1
0 418 412 419 9 5 10 1
0 407 410 409 1 3 2 1
0 409 410 412 2 3 5 1
0 420 421 422 0 1 0 1
0 422 421 423 0 1 2 1
0 424 425 426 3 4 5 1
0 426 425 427 5 4 4 1
0 428 429 430 6 7 8 1
0 430 429 431 8 7 8 1
0 432 433 428 9 10 6 1
0 428 433 429 6 10 7 1
0 423 426 432 2 5 9 1
0 432 426 433 9 5 10 1
0 421 424 423 1 3 2 1
0 423 424 426 2 3 5 1
0 434 435 436 0 1 0 1
0 436 435 437 0 1 2 1
0 438 439 440 3 4 5 1
0 440 439 441 5 4 4 1
0 442 443 444 6 7 8 1
0 444 443 445 8 7 8 1
0 446 447 442 9 10 6 1
0 442 447 443 6 10 7 1
0 437 440 446 2 5 9 1
0 446 440 447 9 5 10 1
0 435 438 437 1 3 2 1
0 437 438 440 2 3 5 1
0 448 449 450 0 1 0 1
0 450 449 451 0 1 2 1
0 452 453 454 3 4 5 1
0 454 453 455 5 4 4 1
0 456 457 458 6 7 8 1
0 458 457 459 8 7 8 1
0 460 461 456 9 10 6 1
0 456 461 457 6 10 7 1
0 451 454 460 2 5 9 1
0 460 454 461 9 5 10 1
0 449 452 451 1 3 2 1
0 451 452 454 2 3 5 1
0 462 463 464 0 1 0 1
0 464 463 465 0 1 2 1
0 466 467 468 3 4 5 1
0 468 467 469 5 4 4 1
0 470 471 472 6 7 8 1
0 472 471 473 8 7 8 1
0 474 475 470 9 10 6 1
0 470 475 471 6 10 7 1
0 465 468 474 2 5 9 1
0 474 468 475 9 5 10 1
0 463 466 465 1 3 2 1
0 465 466 468 2 3 5 1
0 476 477 478 0 1 0 1
0 478 477 479 0 1 2 1
0 480 481 482 3 4 5 1
0 482 481 483 5 4 4 1
0 484 485 486 6 7 8 1
0 486 485 487 8 7 8 1
0 488 489 484 9 10 6 1
0 484 489 485 6 10 7 1
0 479 482 488 2 5 9 1
0 488 482 489 9 5 10 1
0 477 480 479 1 3 2 1
0 479 480 482 2 3 5 1
0 490 491 492 0 1 0 1
0 492 491 493 0 1 2 1
0 494 495 496 3 4 5 1
0 496 495 497 5 4 4 1
0 498 499 500 6 7 8 1
0 500 499 501 8 7 8 1
0 502 503 498 9 10 6 1
0 498 503 499 6 10 7 1
0 493 496 502 2 5 9 1
0 502 496 503 9 5 10 1
0 491 494 493 1 3 2 1
0 493 494 496 2 3 5 1
0 504 505 506 0 1 0 1
0 506 505 507 0 1 2 1
0 508 509 510 3 4 5 1
0 510 509 511 5 4 4 1
0 512 513 514 6 7 8 1
0 514 513 515 8 7 8 1
0 516 517 512 9 10 6 1
0 512 517 513 6 10 7 1
0 507 510 516 2 5 9 1
0 516 510 517 9 5 10 1
0 505 508 507 1 3 2 1
0 507 508 510 2 3 5 1
0 518 519 520 0 1 0 1
0 520 519 521 0 1 2 1
0 522 523 524 3 4 5 1
0 524 523 525 5 4 4 1
0 526 527 528 6 7 8 1
0 528 527 529 8 7 8 1
0 530 531 526 9 10 6 1
0 526 531 527 6 10 7 1
0 521 524 530 2 5 9 1
0 530 524 531 9 5 10 1
0 519 522 521 1 3 2 1
0 521 522 524 2 3 5 1
0 532 533 534 0 1 0 1
0 534 533 535 0 1 2 1
0 536 537 538 3 4 5 1
0 538 537 539 5 4 4 1
0 540 541 542 6 7 8 1
0 542 541 543 8 7 8 1
0 544 545 540 9 10 6 1
0 540 545 541 6 10 7 1
0 535 538 544 2 5 9 1
0 544 538 545 9 5 10 1
0 533 536 535 1 3 2 1
0 535 536 538 2 3 5 1
0 546 547 548 0 1 0 1
0 548 547 549 0 1 2 1
0 550 551 552 3 4 5 1
0 552 551 553 5 4 4 1
0 554 555 556 6 7 8 1
0 556 555 557 8 7 8 1
0 558 559 554 9 10 6 1
0 554 559 555 6 10 7 1
0 549 552 558 2 5 9 1
0 558 552 559 9 5 10 1
0 547 550 549 1 3 2 1
0 549 550 552 2 3 5 1

Materials: 1
"_Tex_122_1_dds"
0.200000 0.200000 0.200000 1.000000
0.800000 0.800000 0.800000 1.000000
0.000000 0.000000 0.000000 1.000000
1.000000 1.000000 1.000000 1.000000
0.000000
1.000000
"Tex_0122_1.png"
""

Bones: 0
GroupComments: 0
MaterialComments: 0
BoneComments: 0
ModelComment: 0
