// MilkShape 3D ASCII

Frames: 100
Frame: 0

Meshes: 1
"Tex_0005_0_dds" 0 0
47
0 -1.477753 -0.295122 0.192662 0.984375 1.555176 0
0 -1.573412 -0.012974 0.192134 0.999512 1.500000 0
0 -1.480169 -0.213184 -0.007817 0.984375 1.539062 0
0 1.389811 -0.187703 -0.032002 0.515137 1.539062 0
0 1.482842 0.014162 0.166381 0.499756 1.500000 0
0 1.392228 -0.269641 0.168477 0.515137 1.555176 0
0 -1.482647 -0.013480 -0.091628 0.984375 1.500000 0
0 1.387332 0.012001 -0.115812 0.515137 1.500000 0
0 -1.483737 0.187004 -0.009673 0.984375 1.461182 0
0 1.386243 0.212487 -0.033859 0.515137 1.461182 0
0 -1.482800 0.270830 0.190038 0.984375 1.445068 0
0 1.387182 0.296311 0.165853 0.515137 1.445068 0
0 -0.049477 -0.001762 -0.320720 0.749512 1.500000 0
0 0.326312 0.002026 -0.226528 0.688477 1.500000 0
0 -0.044073 -0.469374 -0.172108 0.749512 1.591309 0
0 0.330862 -0.396883 -0.106749 0.688477 1.577637 0
0 0.700467 0.004897 -0.327040 0.626953 1.500000 0
0 0.705871 -0.462716 -0.178428 0.626953 1.591309 0
0 1.075440 0.008226 -0.330199 0.565430 1.500000 0
0 1.079820 -0.344620 -0.182120 0.565430 1.568848 0
0 -1.176320 0.342476 -0.166440 0.933594 1.431152 0
0 -0.802371 0.460572 -0.170132 0.872070 1.408936 0
0 -1.174395 -0.011750 -0.311241 0.933594 1.500000 0
0 -0.799423 -0.008421 -0.314400 0.872070 1.500000 0
0 -0.426206 0.395388 -0.104135 0.811035 1.422363 0
0 -0.423634 -0.004633 -0.220209 0.811035 1.500000 0
0 -1.165744 -0.509369 0.191056 0.933594 1.597168 0
0 -1.170014 -0.364595 -0.163161 0.933594 1.568848 0
0 -1.174660 0.490582 0.186418 0.933594 1.402832 0
0 1.075173 0.510557 0.167459 0.565430 1.402832 0
0 1.073514 0.362451 -0.185399 0.565430 1.431152 0
0 0.699179 0.621995 0.170087 0.626953 1.380371 0
0 0.697520 0.473889 -0.182772 0.626953 1.408936 0
0 0.325074 0.521314 0.173698 0.688477 1.399414 0
0 0.323737 0.402046 -0.110454 0.688477 1.422363 0
0 -0.050767 0.615336 0.176406 0.749512 1.380371 0
0 -0.052425 0.467230 -0.176452 0.749512 1.408936 0
0 -0.424872 0.514656 0.180018 0.811035 1.399414 0
0 -0.800711 0.608678 0.182726 0.872070 1.380371 0
0 -0.794018 -0.476034 -0.165788 0.872070 1.591309 0
0 -0.789747 -0.620806 0.188428 0.872070 1.619629 0
0 -0.419082 -0.403541 -0.100430 0.811035 1.577637 0
0 -0.415644 -0.520124 0.184817 0.811035 1.600586 0
0 -0.039804 -0.614146 0.182109 0.749512 1.619629 0
0 0.334302 -0.513467 0.178498 0.688477 1.600586 0
0 0.710141 -0.607489 0.175789 0.626953 1.619629 0
0 1.084090 -0.489394 0.172097 0.565430 1.597168 0
47
-0.705738 -0.658750 -0.260733
-0.975797 -0.009715 -0.218464
-0.764727 -0.413107 -0.494505
0.765210 -0.497934 -0.408063
0.971996 0.007576 -0.234875
0.787166 -0.567517 -0.241442
-0.770113 0.060100 -0.635070
0.759360 -0.066145 -0.647300
-0.771984 0.494125 -0.399851
0.756295 0.408368 -0.511130
-0.791148 0.565277 -0.233552
0.701213 0.656210 -0.278726
-0.008384 -0.004712 -0.999954
-0.008385 -0.004712 -0.999954
0.000826 -0.676019 -0.736884
-0.002173 -0.674096 -0.738640
-0.117384 0.013026 -0.993001
-0.056373 -0.685290 -0.726085
0.314426 0.003114 -0.949277
0.415099 -0.647204 -0.639391
-0.425814 0.641182 -0.638411
0.044136 0.678412 -0.733355
-0.330300 -0.012036 -0.943799
0.100718 -0.022394 -0.994663
-0.010268 0.667103 -0.744894
-0.008384 -0.004713 -0.999954
-0.361281 -0.864664 -0.349045
-0.368471 -0.643190 -0.671220
-0.467320 0.815973 -0.340294
0.355310 0.861307 -0.363188
0.357112 0.636807 -0.683336
-0.078131 0.919383 -0.385527
-0.023732 0.666423 -0.745196
0.068281 0.919803 -0.386393
-0.010268 0.667104 -0.744894
-0.091101 0.918388 -0.385050
-0.013235 0.669043 -0.743106
0.068281 0.919804 -0.386393
-0.118097 0.915816 -0.383841
0.011286 -0.673419 -0.739175
0.071732 -0.922982 -0.378098
-0.002170 -0.674096 -0.738640
-0.074676 -0.923401 -0.376504
0.084703 -0.921985 -0.377847
-0.074679 -0.923400 -0.376505
0.111716 -0.919402 -0.377119
0.461613 -0.819181 -0.340376
72
0 0 1 2 0 1 2 1
0 3 4 5 3 4 5 1
0 2 1 6 2 1 6 1
0 7 4 3 7 4 3 1
0 6 1 8 6 1 8 1
0 9 4 7 9 4 7 1
0 8 1 10 8 1 10 1
0 11 4 9 11 4 9 1
0 12 13 14 12 13 14 1
0 13 15 14 13 15 14 1
0 13 16 15 13 16 15 1
0 16 17 15 16 17 15 1
0 16 18 17 16 18 17 1
0 18 19 17 18 19 17 1
0 18 7 19 18 7 19 1
0 7 3 19 7 3 19 1
0 20 21 22 20 21 22 1
0 21 23 22 21 23 22 1
0 21 24 23 21 24 23 1
0 24 25 23 24 25 23 1
0 26 0 27 26 0 27 1
0 0 2 27 0 2 27 1
0 27 2 22 27 2 22 1
0 2 6 22 2 6 22 1
0 22 6 20 22 6 20 1
0 6 8 20 6 8 20 1
0 20 8 28 20 8 28 1
0 8 10 28 8 10 28 1
0 29 11 30 29 11 30 1
0 11 9 30 11 9 30 1
0 31 29 32 31 29 32 1
0 29 30 32 29 30 32 1
0 33 31 34 33 31 34 1
0 31 32 34 31 32 34 1
0 35 33 36 35 33 36 1
0 33 34 36 33 34 36 1
0 37 35 24 37 35 24 1
0 35 36 24 35 36 24 1
0 38 37 21 38 37 21 1
0 37 24 21 37 24 21 1
0 28 38 20 28 38 20 1
0 38 21 20 38 21 20 1
0 30 9 18 30 9 18 1
0 9 7 18 9 7 18 1
0 32 30 16 32 30 16 1
0 30 18 16 30 18 16 1
0 34 32 13 34 32 13 1
0 32 16 13 32 16 13 1
0 36 34 12 36 34 12 1
0 34 13 12 34 13 12 1
0 24 36 25 24 36 25 1
0 36 12 25 36 12 25 1
0 27 39 26 27 39 26 1
0 39 40 26 39 40 26 1
0 39 41 40 39 41 40 1
0 41 42 40 41 42 40 1
0 41 14 42 41 14 42 1
0 14 43 42 14 43 42 1
0 14 15 43 14 15 43 1
0 15 44 43 15 44 43 1
0 15 17 44 15 17 44 1
0 17 45 44 17 45 44 1
0 17 19 45 17 19 45 1
0 19 46 45 19 46 45 1
0 19 3 46 19 3 46 1
0 3 5 46 3 5 46 1
0 22 23 27 22 23 27 1
0 23 39 27 23 39 27 1
0 23 25 39 23 25 39 1
0 25 41 39 25 41 39 1
0 25 12 41 25 12 41 1
0 12 14 41 12 14 41 1

Materials: 1
"Tex_0005_0_dds"
1.000000 1.000000 1.000000 1.000000
0.800000 0.800000 0.800000 1.000000
0.498039 0.498039 0.498039 1.000000
1.000000 1.000000 1.000000 1.000000
0.185600
1.000000
"Tex_0005_0.png"
""

Bones: 1
"joint1"
""
0 0.000000 0.000000 0.000000 0.000000 -0.000000 0.000000
3
1.000000 0.000000 0.000000 0.000000
50.000000 0.000000 0.000000 0.000000
100.000000 0.000000 0.000000 0.000000
101
0 0 0 0.20944
1 0 0 0.208944
2 0 0 0.207483
3 0 0 0.205097
4 0 0 0.201826
5 0 0 0.197711
6 0 0 0.192792
7 0 0 0.187109
8 0 0 0.180701
9 0 0 0.173611
10 0 0 0.165876
11 0 0 0.157539
12 0 0 0.148639
13 0 0 0.139216
14 0 0 0.12931
15 0 0 0.118962
16 0 0 0.108212
17 0 0 0.0971
18 0 0 0.085666
19 0 0 0.073951
20 0 0 0.061994
21 0 0 0.049837
22 0 0 0.037518
23 0 0 0.025079
24 0 0 0.01256
25 0 0 0
26 0 0 -0.01256
27 0 0 -0.025079
28 0 0 -0.037518
29 0 0 -0.049837
30 0 0 -0.061994
31 0 0 -0.073951
32 0 0 -0.085666
33 0 0 -0.0971
34 0 0 -0.108212
35 0 0 -0.118962
36 0 0 -0.12931
37 0 0 -0.139216
38 0 0 -0.148639
39 0 0 -0.157539
40 0 0 -0.165876
41 0 0 -0.173611
42 0 0 -0.180701
43 0 0 -0.187109
44 0 0 -0.192792
45 0 0 -0.197711
46 0 0 -0.201826
47 0 0 -0.205097
48 0 0 -0.207483
49 0 0 -0.208944
50 0 0 -0.20944
51 0 0 -0.208944
52 0 0 -0.207483
53 0 0 -0.205097
54 0 0 -0.201826
55 0 0 -0.197711
56 0 0 -0.192792
57 0 0 -0.187109
58 0 0 -0.180701
59 0 0 -0.173611
60 0 0 -0.165876
61 0 0 -0.157539
62 0 0 -0.148639
63 0 0 -0.139216
64 0 0 -0.12931
65 0 0 -0.118962
66 0 0 -0.108212
67 0 0 -0.0971
68 0 0 -0.085666
69 0 0 -0.073951
70 0 0 -0.061994
71 0 0 -0.049837
72 0 0 -0.037518
73 0 0 -0.025079
74 0 0 -0.01256
75 0 0 0
76 0 0 0.01256
77 0 0 0.025079
78 0 0 0.037518
79 0 0 0.049837
80 0 0 0.061994
81 0 0 0.073951
82 0 0 0.085666
83 0 0 0.0971
84 0 0 0.108212
85 0 0 0.118962
86 0 0 0.12931
87 0 0 0.139216
88 0 0 0.148639
89 0 0 0.157539
90 0 0 0.165876
91 0 0 0.173611
92 0 0 0.180701
93 0 0 0.187109
94 0 0 0.192792
95 0 0 0.197711
96 0 0 0.201826
97 0 0 0.205097
98 0 0 0.207483
99 0 0 0.208944
100 0 0 0.20944
GroupComments: 0
MaterialComments: 0
BoneComments: 0
ModelComment: 0
