// MilkShape 3D ASCII

Frames: 100
Frame: 0

Meshes: 1
"Tex_0005_0_dds" 0 0
47
0 -1.477753 -0.295122 0.192662 0.984375 0.309082 0
0 -1.573412 -0.012974 0.192134 0.999512 0.253906 0
0 -1.480169 -0.213184 -0.007817 0.984375 0.292968 0
0 1.389811 -0.187703 -0.032002 0.515137 0.292968 0
0 1.482842 0.014162 0.166381 0.499756 0.253906 0
0 1.392228 -0.269641 0.168477 0.515137 0.309082 0
0 -1.482647 -0.013480 -0.091628 0.984375 0.253906 0
0 1.387332 0.012001 -0.115812 0.515137 0.253906 0
0 -1.483737 0.187004 -0.009673 0.984375 0.215088 0
0 1.386243 0.212487 -0.033859 0.515137 0.215088 0
0 -1.482800 0.270830 0.190038 0.984375 0.198974 0
0 1.387182 0.296311 0.165853 0.515137 0.198974 0
0 -0.049477 -0.001762 -0.320720 0.749512 0.253906 0
0 0.326312 0.002026 -0.226528 0.688477 0.253906 0
0 -0.044073 -0.469374 -0.172108 0.749512 0.345215 0
0 0.330862 -0.396883 -0.106749 0.688477 0.331543 0
0 0.700467 0.004897 -0.327040 0.626953 0.253906 0
0 0.705871 -0.462716 -0.178428 0.626953 0.345215 0
0 1.075440 0.008226 -0.330199 0.565430 0.253906 0
0 1.079820 -0.344620 -0.182120 0.565430 0.322754 0
0 -1.176320 0.342476 -0.166440 0.933594 0.185058 0
0 -0.802371 0.460572 -0.170132 0.872070 0.162842 0
0 -1.174395 -0.011750 -0.311241 0.933594 0.253906 0
0 -0.799423 -0.008421 -0.314400 0.872070 0.253906 0
0 -0.426206 0.395388 -0.104135 0.811035 0.176269 0
0 -0.423634 -0.004633 -0.220209 0.811035 0.253906 0
0 -1.165744 -0.509369 0.191056 0.933594 0.351074 0
0 -1.170014 -0.364595 -0.163161 0.933594 0.322754 0
0 -1.174660 0.490582 0.186418 0.933594 0.156738 0
0 1.075173 0.510557 0.167459 0.565430 0.156738 0
0 1.073514 0.362451 -0.185399 0.565430 0.185058 0
0 0.699179 0.621995 0.170087 0.626953 0.134277 0
0 0.697520 0.473889 -0.182772 0.626953 0.162842 0
0 0.325074 0.521314 0.173698 0.688477 0.153320 0
0 0.323737 0.402046 -0.110454 0.688477 0.176269 0
0 -0.050767 0.615336 0.176406 0.749512 0.134277 0
0 -0.052425 0.467230 -0.176452 0.749512 0.162842 0
0 -0.424872 0.514656 0.180018 0.811035 0.153320 0
0 -0.800711 0.608678 0.182726 0.872070 0.134277 0
0 -0.794018 -0.476034 -0.165788 0.872070 0.345215 0
0 -0.789747 -0.620806 0.188428 0.872070 0.373535 0
0 -0.419082 -0.403541 -0.100430 0.811035 0.331543 0
0 -0.415644 -0.520124 0.184817 0.811035 0.354492 0
0 -0.039804 -0.614146 0.182109 0.749512 0.373535 0
0 0.334302 -0.513467 0.178498 0.688477 0.354492 0
0 0.710141 -0.607489 0.175789 0.626953 0.373535 0
0 1.084090 -0.489394 0.172097 0.565430 0.351074 0
47
-0.705738 -0.658750 -0.260734
-0.975796 -0.009714 -0.218466
-0.764727 -0.413107 -0.494505
0.765209 -0.497935 -0.408063
0.971996 0.007577 -0.234876
0.787166 -0.567518 -0.241441
-0.770113 0.060101 -0.635071
0.759360 -0.066144 -0.647300
-0.771983 0.494126 -0.399852
0.756294 0.408369 -0.511130
-0.791148 0.565276 -0.233555
0.701213 0.656210 -0.278727
-0.008383 -0.004712 -0.999954
-0.008385 -0.004712 -0.999954
0.000827 -0.676019 -0.736883
-0.002173 -0.674096 -0.738640
-0.117384 0.013026 -0.993001
-0.056373 -0.685291 -0.726085
0.314426 0.003115 -0.949277
0.415098 -0.647204 -0.639391
-0.425814 0.641182 -0.638410
0.044136 0.678412 -0.733354
-0.330300 -0.012036 -0.943799
0.100718 -0.022394 -0.994663
-0.010268 0.667104 -0.744894
-0.008385 -0.004712 -0.999954
-0.361282 -0.864664 -0.349045
-0.368471 -0.643190 -0.671220
-0.467320 0.815973 -0.340295
0.355310 0.861306 -0.363189
0.357112 0.636807 -0.683336
-0.078132 0.919383 -0.385527
-0.023732 0.666423 -0.745196
0.068281 0.919804 -0.386393
-0.010268 0.667104 -0.744894
-0.091101 0.918388 -0.385050
-0.013235 0.669043 -0.743106
0.068281 0.919804 -0.386392
-0.118097 0.915816 -0.383842
0.011285 -0.673419 -0.739175
0.071732 -0.922983 -0.378097
-0.002170 -0.674097 -0.738640
-0.074675 -0.923401 -0.376503
0.084703 -0.921985 -0.377847
-0.074679 -0.923400 -0.376505
0.111715 -0.919402 -0.377119
0.461612 -0.819181 -0.340376
72
0 0 1 2 0 1 2 1
0 3 4 5 3 4 5 1
0 2 1 6 2 1 6 1
0 7 4 3 7 4 3 1
0 6 1 8 6 1 8 1
0 9 4 7 9 4 7 1
0 8 1 10 8 1 10 1
0 11 4 9 11 4 9 1
0 12 13 14 12 13 14 1
0 13 15 14 13 15 14 1
0 13 16 15 13 16 15 1
0 16 17 15 16 17 15 1
0 16 18 17 16 18 17 1
0 18 19 17 18 19 17 1
0 18 7 19 18 7 19 1
0 7 3 19 7 3 19 1
0 20 21 22 20 21 22 1
0 21 23 22 21 23 22 1
0 21 24 23 21 24 23 1
0 24 25 23 24 25 23 1
0 26 0 27 26 0 27 1
0 0 2 27 0 2 27 1
0 27 2 22 27 2 22 1
0 2 6 22 2 6 22 1
0 22 6 20 22 6 20 1
0 6 8 20 6 8 20 1
0 20 8 28 20 8 28 1
0 8 10 28 8 10 28 1
0 29 11 30 29 11 30 1
0 11 9 30 11 9 30 1
0 31 29 32 31 29 32 1
0 29 30 32 29 30 32 1
0 33 31 34 33 31 34 1
0 31 32 34 31 32 34 1
0 35 33 36 35 33 36 1
0 33 34 36 33 34 36 1
0 37 35 24 37 35 24 1
0 35 36 24 35 36 24 1
0 38 37 21 38 37 21 1
0 37 24 21 37 24 21 1
0 28 38 20 28 38 20 1
0 38 21 20 38 21 20 1
0 30 9 18 30 9 18 1
0 9 7 18 9 7 18 1
0 32 30 16 32 30 16 1
0 30 18 16 30 18 16 1
0 34 32 13 34 32 13 1
0 32 16 13 32 16 13 1
0 36 34 12 36 34 12 1
0 34 13 12 34 13 12 1
0 24 36 25 24 36 25 1
0 36 12 25 36 12 25 1
0 27 39 26 27 39 26 1
0 39 40 26 39 40 26 1
0 39 41 40 39 41 40 1
0 41 42 40 41 42 40 1
0 41 14 42 41 14 42 1
0 14 43 42 14 43 42 1
0 14 15 43 14 15 43 1
0 15 44 43 15 44 43 1
0 15 17 44 15 17 44 1
0 17 45 44 17 45 44 1
0 17 19 45 17 19 45 1
0 19 46 45 19 46 45 1
0 19 3 46 19 3 46 1
0 3 5 46 3 5 46 1
0 22 23 27 22 23 27 1
0 23 39 27 23 39 27 1
0 23 25 39 23 25 39 1
0 25 41 39 25 41 39 1
0 25 12 41 25 12 41 1
0 12 14 41 12 14 41 1

Materials: 1
"Tex_0005_0_dds"
1.000000 1.000000 1.000000 1.000000
0.800000 0.800000 0.800000 1.000000
0.498039 0.498039 0.498039 1.000000
1.000000 1.000000 1.000000 1.000000
0.185600
1.000000
"Tex_0005_0.png"
""

Bones: 1
"joint1"
""
8 0.000000 0.000000 0.000000 0.000000 -0.000000 0.000000
3
1.000000 0.000000 0.000000 0.000000
50.000000 0.000000 0.000000 0.000000
100.000000 0.000000 0.000000 0.000000
101
0.000000 0.000000 -0.000000 0.209440
1.000000 0.000000 -0.000000 0.208944
2.000000 0.000000 -0.000000 0.207483
3.000000 0.000000 -0.000000 0.205097
4.000000 0.000000 -0.000000 0.201826
5.000000 0.000000 -0.000000 0.197711
6.000000 0.000000 -0.000000 0.192792
7.000000 0.000000 -0.000000 0.187109
8.000000 0.000000 -0.000000 0.180701
9.000000 0.000000 -0.000000 0.173611
10.000000 0.000000 -0.000000 0.165876
11.000000 0.000000 -0.000000 0.157539
12.000000 0.000000 -0.000000 0.148639
13.000000 0.000000 -0.000000 0.139216
14.000000 0.000000 -0.000000 0.129310
15.000000 0.000000 -0.000000 0.118962
16.000000 0.000000 -0.000000 0.108212
17.000000 0.000000 -0.000000 0.097100
18.000000 0.000000 -0.000000 0.085666
19.000000 0.000000 -0.000000 0.073951
20.000000 0.000000 -0.000000 0.061994
21.000000 0.000000 -0.000000 0.049837
22.000000 0.000000 -0.000000 0.037518
23.000000 0.000000 -0.000000 0.025079
24.000000 0.000000 -0.000000 0.012560
25.000000 0.000000 -0.000000 0.000000
26.000000 0.000000 0.000000 -0.012560
27.000000 0.000000 0.000000 -0.025079
28.000000 0.000000 0.000000 -0.037518
29.000000 0.000000 0.000000 -0.049837
30.000000 0.000000 0.000000 -0.061994
31.000000 0.000000 0.000000 -0.073951
32.000000 0.000000 0.000000 -0.085666
33.000000 0.000000 0.000000 -0.097100
34.000000 0.000000 0.000000 -0.108212
35.000000 0.000000 0.000000 -0.118962
36.000000 0.000000 0.000000 -0.129310
37.000000 0.000000 0.000000 -0.139216
38.000000 0.000000 0.000000 -0.148639
39.000000 0.000000 0.000000 -0.157539
40.000000 0.000000 0.000000 -0.165876
41.000000 0.000000 0.000000 -0.173611
42.000000 0.000000 0.000000 -0.180701
43.000000 0.000000 0.000000 -0.187109
44.000000 0.000000 0.000000 -0.192792
45.000000 0.000000 0.000000 -0.197711
46.000000 0.000000 0.000000 -0.201826
47.000000 0.000000 0.000000 -0.205097
48.000000 0.000000 0.000000 -0.207483
49.000000 0.000000 0.000000 -0.208944
50.000000 0.000000 0.000000 -0.209440
51.000000 0.000000 0.000000 -0.208944
52.000000 0.000000 0.000000 -0.207483
53.000000 0.000000 0.000000 -0.205097
54.000000 0.000000 0.000000 -0.201826
55.000000 0.000000 0.000000 -0.197711
56.000000 0.000000 0.000000 -0.192792
57.000000 0.000000 0.000000 -0.187109
58.000000 0.000000 0.000000 -0.180701
59.000000 0.000000 0.000000 -0.173611
60.000000 0.000000 0.000000 -0.165876
61.000000 0.000000 0.000000 -0.157539
62.000000 0.000000 0.000000 -0.148639
63.000000 0.000000 0.000000 -0.139216
64.000000 0.000000 0.000000 -0.129310
65.000000 0.000000 0.000000 -0.118962
66.000000 0.000000 0.000000 -0.108212
67.000000 0.000000 0.000000 -0.097100
68.000000 0.000000 0.000000 -0.085666
69.000000 0.000000 0.000000 -0.073951
70.000000 0.000000 0.000000 -0.061994
71.000000 0.000000 0.000000 -0.049837
72.000000 0.000000 0.000000 -0.037518
73.000000 0.000000 0.000000 -0.025079
74.000000 0.000000 0.000000 -0.012560
75.000000 0.000000 -0.000000 0.000000
76.000000 0.000000 -0.000000 0.012560
77.000000 0.000000 -0.000000 0.025079
78.000000 0.000000 -0.000000 0.037518
79.000000 0.000000 -0.000000 0.049837
80.000000 0.000000 -0.000000 0.061994
81.000000 0.000000 -0.000000 0.073951
82.000000 0.000000 -0.000000 0.085666
83.000000 0.000000 -0.000000 0.097100
84.000000 0.000000 -0.000000 0.108212
85.000000 0.000000 -0.000000 0.118962
86.000000 0.000000 -0.000000 0.129310
87.000000 0.000000 -0.000000 0.139216
88.000000 0.000000 -0.000000 0.148639
89.000000 0.000000 -0.000000 0.157539
90.000000 0.000000 -0.000000 0.165876
91.000000 0.000000 -0.000000 0.173611
92.000000 0.000000 -0.000000 0.180701
93.000000 0.000000 -0.000000 0.187109
94.000000 0.000000 -0.000000 0.192792
95.000000 0.000000 -0.000000 0.197711
96.000000 0.000000 -0.000000 0.201826
97.000000 0.000000 -0.000000 0.205097
98.000000 0.000000 -0.000000 0.207483
99.000000 0.000000 -0.000000 0.208944
100.000000 0.000000 -0.000000 0.209440
GroupComments: 0
MaterialComments: 0
BoneComments: 0
ModelComment: 0
