// MilkShape 3D ASCII

Frames: 100
Frame: 23

Meshes: 1
"default" 0 0
44
0 -0.860334 -0.129294 0.220681 0.139759 1.545410 0
0 -0.546436 -0.000000 -0.003969 0.152996 1.500000 0
0 -0.858687 -0.258590 -0.006237 0.139759 1.591309 0
0 -0.860334 0.129295 0.220681 0.139759 1.454346 0
0 -0.858687 0.258590 -0.006237 0.139759 1.408936 0
0 -0.857037 0.129295 -0.233154 0.139759 1.454346 0
0 -0.857037 -0.129294 -0.233154 0.139759 1.545410 0
0 0.857038 -0.129294 0.233154 0.212567 1.545410 0
0 0.858686 -0.258590 0.006237 0.212567 1.591309 0
0 0.546436 -0.000000 0.003969 0.199339 1.500000 0
0 0.857038 0.129295 0.233154 0.212567 1.454346 0
0 0.858686 0.258590 0.006237 0.212567 1.408936 0
0 0.860335 0.129295 -0.220680 0.212567 1.454346 0
0 0.860335 -0.129294 -0.220680 0.212567 1.545410 0
0 -0.000001 -0.390322 0.000000 0.176163 1.722656 0
0 -0.273219 -0.322875 -0.001984 0.164584 1.684082 0
0 0.002488 -0.195163 -0.342516 0.176163 1.611328 0
0 -0.271161 -0.161438 -0.285314 0.164584 1.592285 0
0 -0.468374 -0.089136 -0.003402 0.156303 1.597168 0
0 -0.467806 -0.044567 -0.081621 0.156303 1.548340 0
0 -0.467806 0.044568 -0.081621 0.156303 1.451416 0
0 -0.271161 0.161438 -0.285314 0.164584 1.407959 0
0 0.002488 0.195161 -0.342516 0.176163 1.388672 0
0 -0.468374 0.089136 -0.003402 0.156303 1.402832 0
0 -0.273219 0.322875 -0.001984 0.164584 1.315918 0
0 -0.000001 0.390322 0.000000 0.176163 1.277344 0
0 -0.468942 0.044568 0.074817 0.156303 1.451416 0
0 -0.275276 0.161438 0.281344 0.164584 1.407959 0
0 -0.002488 0.195161 0.342516 0.176163 1.388672 0
0 -0.468942 -0.044567 0.074817 0.156303 1.548340 0
0 -0.275276 -0.161438 0.281344 0.164584 1.592285 0
0 -0.002488 -0.195163 0.342516 0.176163 1.611328 0
0 0.273219 -0.322875 0.001984 0.187742 1.684082 0
0 0.275276 -0.161438 -0.281345 0.187742 1.592285 0
0 0.468374 -0.089136 0.003401 0.196042 1.597168 0
0 0.468942 -0.044567 -0.074818 0.196042 1.548340 0
0 0.468942 0.044568 -0.074818 0.196042 1.451416 0
0 0.275276 0.161438 -0.281345 0.187742 1.407959 0
0 0.468374 0.089136 0.003401 0.196042 1.402832 0
0 0.273219 0.322875 0.001984 0.187742 1.315918 0
0 0.467807 0.044568 0.081621 0.196042 1.451416 0
0 0.271161 0.161438 0.285313 0.187742 1.407959 0
0 0.467807 -0.044567 0.081621 0.196042 1.548340 0
0 0.271161 -0.161438 0.285313 0.187742 1.592285 0
44
-0.101353 -0.813003 0.573371
-0.999974 0.000000 -0.007264
-0.093495 -0.907516 -0.409480
-0.101728 0.095159 0.990251
-0.099433 0.907518 0.408073
-0.093016 0.813008 -0.574775
-0.087333 -0.095157 -0.991624
0.087335 -0.095158 0.991624
0.093496 -0.907516 0.409480
0.999974 0.000000 0.007264
0.093017 0.813008 0.574774
0.099435 0.907519 -0.408072
0.101736 0.095159 -0.990250
0.101359 -0.813003 -0.573369
-0.000001 -1.000000 0.000000
-0.539359 -0.841499 -0.031167
0.006674 -0.502579 -0.864506
-0.537426 -0.398157 -0.743401
-0.251867 -0.967424 0.025563
-0.248070 -0.510772 -0.823148
-0.246360 0.462401 -0.851758
-0.538049 0.446261 -0.715090
0.005884 0.502577 -0.864512
-0.251469 0.967424 -0.029213
-0.539756 0.841498 0.023333
-0.000000 1.000000 0.000000
-0.259999 0.510773 0.819458
-0.548168 0.398156 0.735516
-0.005884 0.502577 0.864512
-0.258704 -0.462398 0.848092
-0.548381 -0.446261 0.707198
-0.006675 -0.502579 0.864506
0.539359 -0.841499 0.031169
0.548379 -0.446262 -0.707199
0.251867 -0.967424 -0.025562
0.258707 -0.462398 -0.848091
0.260000 0.510774 -0.819457
0.548166 0.398158 -0.735517
0.251469 0.967424 0.029213
0.539755 0.841499 -0.023334
0.246361 0.462402 0.851758
0.538048 0.446261 0.715091
0.248068 -0.510773 0.823148
0.537426 -0.398158 0.743400
84
0 0 1 2 0 1 2 1
0 3 1 0 3 1 0 1
0 4 1 3 4 1 3 1
0 5 1 4 5 1 4 1
0 6 1 5 6 1 5 1
0 2 1 6 2 1 6 1
0 7 8 9 7 8 9 1
0 10 7 9 10 7 9 1
0 11 10 9 11 10 9 1
0 12 11 9 12 11 9 1
0 13 12 9 13 12 9 1
0 8 13 9 8 13 9 1
0 14 15 16 14 15 16 1
0 15 17 16 15 17 16 1
0 15 18 17 15 18 17 1
0 18 19 17 18 19 17 1
0 18 2 19 18 2 19 1
0 2 6 19 2 6 19 1
0 19 6 20 19 6 20 1
0 6 5 20 6 5 20 1
0 17 19 21 17 19 21 1
0 19 20 21 19 20 21 1
0 16 17 22 16 17 22 1
0 17 21 22 17 21 22 1
0 20 5 23 20 5 23 1
0 5 4 23 5 4 23 1
0 21 20 24 21 20 24 1
0 20 23 24 20 23 24 1
0 22 21 25 22 21 25 1
0 21 24 25 21 24 25 1
0 23 4 26 23 4 26 1
0 4 3 26 4 3 26 1
0 24 23 27 24 23 27 1
0 23 26 27 23 26 27 1
0 25 24 28 25 24 28 1
0 24 27 28 24 27 28 1
0 26 3 29 26 3 29 1
0 3 0 29 3 0 29 1
0 27 26 30 27 26 30 1
0 26 29 30 26 29 30 1
0 31 30 14 31 30 14 1
0 30 15 14 30 15 14 1
0 30 29 15 30 29 15 1
0 29 18 15 29 18 15 1
0 29 0 18 29 0 18 1
0 0 2 18 0 2 18 1
0 28 27 31 28 27 31 1
0 27 30 31 27 30 31 1
0 32 14 33 32 14 33 1
0 14 16 33 14 16 33 1
0 34 32 35 34 32 35 1
0 32 33 35 32 33 35 1
0 8 34 13 8 34 13 1
0 34 35 13 34 35 13 1
0 13 35 12 13 35 12 1
0 35 36 12 35 36 12 1
0 35 33 36 35 33 36 1
0 33 37 36 33 37 36 1
0 33 16 37 33 16 37 1
0 16 22 37 16 22 37 1
0 12 36 11 12 36 11 1
0 36 38 11 36 38 11 1
0 36 37 38 36 37 38 1
0 37 39 38 37 39 38 1
0 37 22 39 37 22 39 1
0 22 25 39 22 25 39 1
0 11 38 10 11 38 10 1
0 38 40 10 38 40 10 1
0 38 39 40 38 39 40 1
0 39 41 40 39 41 40 1
0 39 25 41 39 25 41 1
0 25 28 41 25 28 41 1
0 10 40 7 10 40 7 1
0 40 42 7 40 42 7 1
0 40 41 42 40 41 42 1
0 41 43 42 41 43 42 1
0 43 31 32 43 31 32 1
0 31 14 32 31 14 32 1
0 42 43 34 42 43 34 1
0 43 32 34 43 32 34 1
0 7 42 8 7 42 8 1
0 42 34 8 42 34 8 1
0 41 28 43 41 28 43 1
0 28 31 43 28 31 43 1

Materials: 1
"Tex_0002_0_dds"
1.000000 1.000000 1.000000 1.000000
0.800000 0.800000 0.800000 1.000000
0.498039 0.498039 0.498039 1.000000
1.000000 1.000000 1.000000 1.000000
0.185600
1.000000
"Tex_0002_0.png"
""

Bones: 1
"joint1"
""
24 0.000000 0.000000 0.000000 0.000000 -0.000000 0.000000
3
1.000000 0.000000 0.000000 0.000000
50.000000 0.000000 0.000000 0.000000
100.000000 0.000000 0.000000 0.000000
101
0.000000 0.000000 -0.000000 0.209440
1.000000 0.000000 -0.000000 0.208944
2.000000 0.000000 -0.000000 0.207483
3.000000 0.000000 -0.000000 0.205097
4.000000 0.000000 -0.000000 0.201826
5.000000 0.000000 -0.000000 0.197711
6.000000 0.000000 -0.000000 0.192792
7.000000 0.000000 -0.000000 0.187109
8.000000 0.000000 -0.000000 0.180701
9.000000 0.000000 -0.000000 0.173611
10.000000 0.000000 -0.000000 0.165876
11.000000 0.000000 -0.000000 0.157539
12.000000 0.000000 -0.000000 0.148639
13.000000 0.000000 -0.000000 0.139216
14.000000 0.000000 -0.000000 0.129310
15.000000 0.000000 -0.000000 0.118962
16.000000 0.000000 -0.000000 0.108212
17.000000 0.000000 -0.000000 0.097100
18.000000 0.000000 -0.000000 0.085666
19.000000 0.000000 -0.000000 0.073951
20.000000 0.000000 -0.000000 0.061994
21.000000 0.000000 -0.000000 0.049837
22.000000 0.000000 -0.000000 0.037518
23.000000 0.000000 -0.000000 0.025079
24.000000 0.000000 -0.000000 0.012560
25.000000 0.000000 -0.000000 0.000000
26.000000 0.000000 0.000000 -0.012560
27.000000 0.000000 0.000000 -0.025079
28.000000 0.000000 0.000000 -0.037518
29.000000 0.000000 0.000000 -0.049837
30.000000 0.000000 0.000000 -0.061994
31.000000 0.000000 0.000000 -0.073951
32.000000 0.000000 0.000000 -0.085666
33.000000 0.000000 0.000000 -0.097100
34.000000 0.000000 0.000000 -0.108212
35.000000 0.000000 0.000000 -0.118962
36.000000 0.000000 0.000000 -0.129310
37.000000 0.000000 0.000000 -0.139216
38.000000 0.000000 0.000000 -0.148639
39.000000 0.000000 0.000000 -0.157539
40.000000 0.000000 0.000000 -0.165876
41.000000 0.000000 0.000000 -0.173611
42.000000 0.000000 0.000000 -0.180701
43.000000 0.000000 0.000000 -0.187109
44.000000 0.000000 0.000000 -0.192792
45.000000 0.000000 0.000000 -0.197711
46.000000 0.000000 0.000000 -0.201826
47.000000 0.000000 0.000000 -0.205097
48.000000 0.000000 0.000000 -0.207483
49.000000 0.000000 0.000000 -0.208944
50.000000 0.000000 0.000000 -0.209440
51.000000 0.000000 0.000000 -0.208944
52.000000 0.000000 0.000000 -0.207483
53.000000 0.000000 0.000000 -0.205097
54.000000 0.000000 0.000000 -0.201826
55.000000 0.000000 0.000000 -0.197711
56.000000 0.000000 0.000000 -0.192792
57.000000 0.000000 0.000000 -0.187109
58.000000 0.000000 0.000000 -0.180701
59.000000 0.000000 0.000000 -0.173611
60.000000 0.000000 0.000000 -0.165876
61.000000 0.000000 0.000000 -0.157539
62.000000 0.000000 0.000000 -0.148639
63.000000 0.000000 0.000000 -0.139216
64.000000 0.000000 0.000000 -0.129310
65.000000 0.000000 0.000000 -0.118962
66.000000 0.000000 0.000000 -0.108212
67.000000 0.000000 0.000000 -0.097100
68.000000 0.000000 0.000000 -0.085666
69.000000 0.000000 0.000000 -0.073951
70.000000 0.000000 0.000000 -0.061994
71.000000 0.000000 0.000000 -0.049837
72.000000 0.000000 0.000000 -0.037518
73.000000 0.000000 0.000000 -0.025079
74.000000 0.000000 0.000000 -0.012560
75.000000 0.000000 -0.000000 0.000000
76.000000 0.000000 -0.000000 0.012560
77.000000 0.000000 -0.000000 0.025079
78.000000 0.000000 -0.000000 0.037518
79.000000 0.000000 -0.000000 0.049837
80.000000 0.000000 -0.000000 0.061994
81.000000 0.000000 -0.000000 0.073951
82.000000 0.000000 -0.000000 0.085666
83.000000 0.000000 -0.000000 0.097100
84.000000 0.000000 -0.000000 0.108212
85.000000 0.000000 -0.000000 0.118962
86.000000 0.000000 -0.000000 0.129310
87.000000 0.000000 -0.000000 0.139216
88.000000 0.000000 -0.000000 0.148639
89.000000 0.000000 -0.000000 0.157539
90.000000 0.000000 -0.000000 0.165876
91.000000 0.000000 -0.000000 0.173611
92.000000 0.000000 -0.000000 0.180701
93.000000 0.000000 -0.000000 0.187109
94.000000 0.000000 -0.000000 0.192792
95.000000 0.000000 -0.000000 0.197711
96.000000 0.000000 -0.000000 0.201826
97.000000 0.000000 -0.000000 0.205097
98.000000 0.000000 -0.000000 0.207483
99.000000 0.000000 -0.000000 0.208944
100.000000 0.000000 -0.000000 0.209440
GroupComments: 0
MaterialComments: 0
BoneComments: 0
ModelComment: 0
