// MilkShape 3D ASCII

Frames: 30
Frame: 1

Meshes: 1
"Duplicate02" 0 0
78
0 -2.954578 0.012821 -2.804345 0.898926 1.292969 -1
0 -2.714206 0.012821 -1.702638 0.826660 1.444580 -1
0 -2.123290 0.012821 -2.947067 0.996094 1.398438 -1
0 -1.241924 0.012821 -1.717662 0.996094 1.651855 -1
0 -2.483849 0.012821 -0.831288 0.730469 1.683594 -1
0 0.000000 0.012821 0.000000 0.996094 2.000000 -1
0 -2.563973 0.012821 -3.561769 0.996094 1.271729 -1
0 -3.064749 0.012821 -3.705742 0.957031 1.195312 -1
0 -2.784314 0.012821 -3.869120 0.996094 1.208374 -1
0 -3.064749 0.012821 -4.006208 0.984375 1.164062 -1
0 -3.004656 0.012821 -4.176471 0.996094 1.160400 -1
0 -2.834392 0.012821 -4.186487 0.984375 1.164062 -1
0 -2.393709 0.012821 -4.036254 0.957031 1.195312 -1
0 -1.662576 0.012821 -3.655665 0.898926 1.292969 -1
0 -1.069286 0.012821 -3.290925 0.826660 1.444580 -1
0 0.000000 0.012821 -2.604035 0.730469 1.683594 -1
0 2.123290 0.012821 -2.947067 0.996094 1.398438 -1
0 1.069286 0.012821 -3.290925 0.826660 1.444580 -1
0 1.241924 0.012821 -1.717662 0.996094 1.651855 -1
0 2.483849 0.012821 -0.831288 0.730469 1.683594 -1
0 2.714206 0.012821 -1.702638 0.826660 1.444580 -1
0 2.954578 0.012821 -2.804345 0.898926 1.292969 -1
0 3.064749 0.012821 -3.705742 0.957031 1.195312 -1
0 2.563973 0.012821 -3.561769 0.996094 1.271729 -1
0 3.064749 0.012821 -4.006208 0.984375 1.164062 -1
0 2.784314 0.012821 -3.869120 0.996094 1.208374 -1
0 3.004656 0.012821 -4.176471 0.996094 1.160400 -1
0 2.834392 0.012821 -4.186487 0.984375 1.164062 -1
0 2.393709 0.012821 -4.036254 0.957031 1.195312 -1
0 1.662576 0.012821 -3.655665 0.898926 1.292969 -1
0 1.502328 0.012821 2.073213 0.730469 1.683594 -1
0 2.086534 0.012821 0.651238 0.635254 1.913086 -1
0 0.000000 0.012821 0.000000 1.000000 2.000000 -1
0 2.844408 0.012821 -0.570885 0.652344 1.683594 -1
0 3.515448 0.012821 0.000000 0.539062 1.695312 -1
0 3.482046 0.012821 1.086799 0.398438 1.847656 -1
0 3.906053 0.012821 0.330512 0.433594 1.707031 -1
0 1.993088 0.012821 2.063197 0.652344 1.683594 -1
0 2.704190 0.012821 2.013119 0.539062 1.695312 -1
0 3.214982 0.012821 1.953026 0.433594 1.707031 -1
0 4.206518 0.012821 1.802794 0.283447 1.733887 -1
0 4.179802 0.012821 1.304579 0.280029 1.814941 -1
0 4.707294 0.012821 1.652561 0.207031 1.750000 -1
0 4.528680 0.012821 1.413469 0.220825 1.798340 -1
0 4.877558 0.012821 1.522359 0.164062 1.773438 -1
0 4.807449 0.012821 1.322049 0.207031 1.750000 -1
0 4.506984 0.012821 0.931443 0.283447 1.733887 -1
0 -3.214982 0.012821 1.953026 0.433594 1.707031 -1
0 -2.704190 0.012821 2.013119 0.539062 1.695312 -1
0 -3.482046 0.012821 1.086799 0.398438 1.847656 -1
0 -2.086534 0.012821 0.651238 0.635254 1.913086 -1
0 -1.993088 0.012821 2.063197 0.652344 1.683594 -1
0 -1.502328 0.012821 2.073213 0.730469 1.683594 -1
0 -4.179802 0.012821 1.304579 0.280029 1.814941 -1
0 -4.206518 0.012821 1.802794 0.283447 1.733887 -1
0 -4.528680 0.012821 1.413469 0.220825 1.798340 -1
0 -4.707294 0.012821 1.652561 0.207031 1.750000 -1
0 -4.877558 0.012821 1.522359 0.164062 1.773438 -1
0 -4.807449 0.012821 1.322049 0.207031 1.750000 -1
0 -4.506984 0.012821 0.931443 0.283447 1.733887 -1
0 -3.906053 0.012821 0.330512 0.433594 1.707031 -1
0 -3.515448 0.012821 0.000000 0.539062 1.695312 -1
0 -2.844408 0.012821 -0.570885 0.652344 1.683594 -1
0 0.260403 0.012821 4.807449 0.956055 1.192017 -1
0 0.600931 0.012821 4.206518 0.898926 1.292969 -1
0 0.000000 0.012821 4.334216 0.996094 1.271484 -1
0 0.000000 0.012821 3.580548 0.996094 1.398193 -1
0 1.031599 0.012821 3.305121 0.826660 1.444580 -1
0 0.000000 0.012821 2.073213 0.996094 1.651367 -1
0 1.352095 0.012821 2.533926 0.772949 1.574219 -1
0 0.000000 0.012821 4.711050 0.996094 1.208130 -1
0 0.100155 0.012821 5.027791 0.983398 1.154907 -1
0 0.000000 0.012821 5.087884 0.996094 1.144897 -1
0 -0.100155 0.012821 5.027791 0.983398 1.154907 -1
0 -0.260403 0.012821 4.807449 0.956055 1.192017 -1
0 -0.600931 0.012821 4.206518 0.898926 1.292969 -1
0 -1.031599 0.012821 3.305121 0.826660 1.444580 -1
0 -1.352095 0.012821 2.533926 0.772949 1.574219 -1
1
0.000000 1.000000 0.000000
96
0 0 1 2 0 0 0 1
0 2 1 3 0 0 0 1
0 1 4 3 0 0 0 1
0 3 4 5 0 0 0 1
0 2 6 0 0 0 0 1
0 0 6 7 0 0 0 1
0 6 8 7 0 0 0 1
0 7 8 9 0 0 0 1
0 9 8 10 0 0 0 1
0 10 8 11 0 0 0 1
0 8 6 11 0 0 0 1
0 11 6 12 0 0 0 1
0 6 2 12 0 0 0 1
0 12 2 13 0 0 0 1
0 2 3 13 0 0 0 1
0 13 3 14 0 0 0 1
0 14 3 15 0 0 0 1
0 3 5 15 0 0 0 1
0 16 17 18 0 0 0 1
0 17 15 18 0 0 0 1
0 15 5 18 0 0 0 1
0 18 5 19 0 0 0 1
0 19 20 18 0 0 0 1
0 20 21 18 0 0 0 1
0 18 21 16 0 0 0 1
0 21 22 16 0 0 0 1
0 16 22 23 0 0 0 1
0 22 24 23 0 0 0 1
0 23 24 25 0 0 0 1
0 24 26 25 0 0 0 1
0 26 27 25 0 0 0 1
0 27 28 25 0 0 0 1
0 25 28 23 0 0 0 1
0 28 29 23 0 0 0 1
0 23 29 16 0 0 0 1
0 29 17 16 0 0 0 1
0 30 31 32 0 0 0 1
0 32 31 19 0 0 0 1
0 19 31 33 0 0 0 1
0 33 31 34 0 0 0 1
0 31 35 34 0 0 0 1
0 35 36 34 0 0 0 1
0 30 37 31 0 0 0 1
0 37 38 31 0 0 0 1
0 38 39 31 0 0 0 1
0 31 39 35 0 0 0 1
0 39 40 35 0 0 0 1
0 35 40 41 0 0 0 1
0 40 42 41 0 0 0 1
0 41 42 43 0 0 0 1
0 42 44 43 0 0 0 1
0 44 45 43 0 0 0 1
0 45 46 43 0 0 0 1
0 43 46 41 0 0 0 1
0 46 36 41 0 0 0 1
0 41 36 35 0 0 0 1
0 47 48 49 0 0 0 1
0 49 48 50 0 0 0 1
0 48 51 50 0 0 0 1
0 51 52 50 0 0 0 1
0 52 32 50 0 0 0 1
0 50 32 4 0 0 0 1
0 49 53 47 0 0 0 1
0 47 53 54 0 0 0 1
0 53 55 54 0 0 0 1
0 54 55 56 0 0 0 1
0 56 55 57 0 0 0 1
0 57 55 58 0 0 0 1
0 55 53 58 0 0 0 1
0 58 53 59 0 0 0 1
0 53 49 59 0 0 0 1
0 59 49 60 0 0 0 1
0 49 50 60 0 0 0 1
0 60 50 61 0 0 0 1
0 61 50 62 0 0 0 1
0 50 4 62 0 0 0 1
0 63 64 65 0 0 0 1
0 65 64 66 0 0 0 1
0 64 67 66 0 0 0 1
0 66 67 68 0 0 0 1
0 67 69 68 0 0 0 1
0 68 69 30 0 0 0 1
0 65 70 63 0 0 0 1
0 63 70 71 0 0 0 1
0 71 70 72 0 0 0 1
0 72 70 73 0 0 0 1
0 70 65 73 0 0 0 1
0 73 65 74 0 0 0 1
0 65 66 74 0 0 0 1
0 74 66 75 0 0 0 1
0 66 68 75 0 0 0 1
0 75 68 76 0 0 0 1
0 76 68 77 0 0 0 1
0 77 68 52 0 0 0 1
0 52 68 5 0 0 0 1
0 68 30 5 0 0 0 1

Materials: 1
"Material01"
0.200000 0.200000 0.200000 0.630000
0.800000 0.800000 0.800000 0.630000
0.000000 0.000000 0.000000 0.630000
1.000000 1.000000 1.000000 0.630000
0.000000
0.630000
"Tex_0008_0.png"
""

Bones: 0
GroupComments: 0
MaterialComments: 0
BoneComments: 0
ModelComment: 0
