// MilkShape 3D ASCII

Frames: 30
Frame: 1

Meshes: 1
"Tex_0008_0_dds1" 0 0
300
0 8.804814 6.293573 -0.702691 0.102600 1.505859 0
0 8.808240 6.041747 -0.674871 0.077087 1.563477 0
0 8.831347 6.003545 -0.486546 0.060150 1.560059 0
0 8.768214 7.188712 -1.000840 0.161377 1.324951 0
0 8.784469 7.463651 -0.868466 0.138062 1.281494 0
0 8.768214 7.636754 -1.000840 0.161377 1.248657 0
0 8.784195 6.943139 -0.870707 0.135132 1.378418 0
0 8.835254 7.092263 -0.454874 0.060638 1.353271 0
0 8.801781 7.120866 -0.727470 0.113770 1.345703 0
0 8.728189 6.041746 -1.326799 0.077087 1.563477 0
0 8.731604 6.293571 -1.298980 0.102600 1.505859 0
0 8.705062 6.003544 -1.515131 0.060150 1.560059 0
0 8.669675 6.925712 -1.803338 0.003752 1.379883 0
0 8.709701 6.898025 -1.477356 0.063538 1.387695 0
0 8.670138 7.046083 -1.799562 0.002008 1.364014 0
0 8.707031 6.272071 -1.499130 0.065002 1.516113 0
0 8.737022 6.673263 -1.254905 0.107666 1.437012 0
0 8.713864 6.592962 -1.443378 0.078613 1.448975 0
0 8.751967 7.463651 -1.133208 0.138062 1.281494 0
0 8.701179 7.092263 -1.546798 0.060638 1.353271 0
0 8.752221 6.943139 -1.130962 0.135132 1.378418 0
0 8.734645 7.120866 -1.274203 0.113770 1.345703 0
0 -5.352101 4.147664 -4.143295 0.265625 1.505859 0
0 -5.341188 3.964451 -4.160522 0.240234 1.563477 0
0 -5.267351 3.936657 -4.277157 0.223267 1.560059 0
0 -5.369379 4.423903 -4.115988 0.270752 1.437012 0
0 -5.273631 4.132021 -4.267251 0.228149 1.516113 0
0 -5.295486 4.365481 -4.232721 0.241699 1.448975 0
0 -5.417961 4.620248 -4.039227 0.298340 1.378418 0
0 -5.254937 4.728741 -4.296777 0.223755 1.353271 0
0 -5.361802 4.749552 -4.127942 0.276855 1.345703 0
0 -5.596776 3.964450 -3.756745 0.240234 1.563477 0
0 -5.585864 4.147663 -3.773974 0.265625 1.505859 0
0 -5.670602 3.936656 -3.640106 0.223267 1.560059 0
0 -5.783592 4.607569 -3.461599 0.166870 1.379883 0
0 -5.655795 4.587425 -3.663495 0.226685 1.387695 0
0 -5.782115 4.695144 -3.463939 0.165161 1.364014 0
0 -5.664335 4.132021 -3.650015 0.228149 1.516113 0
0 -5.568589 4.423903 -3.801274 0.270752 1.437012 0
0 -5.642475 4.365481 -3.684544 0.241699 1.448975 0
0 -5.683019 4.728741 -3.620490 0.223755 1.353271 0
0 -5.519997 4.620248 -3.878033 0.298340 1.378418 0
0 -5.576157 4.749552 -3.789326 0.276855 1.345703 0
0 0.309229 4.147664 7.425770 0.265625 1.505859 0
0 0.288856 3.964451 7.424944 0.240234 1.563477 0
0 0.150926 3.936657 7.419322 0.223267 1.560059 0
0 0.178590 4.587425 7.420453 0.226685 1.387695 0
0 -0.060158 4.607569 7.410725 0.166870 1.379883 0
0 -0.057385 4.695144 7.410836 0.165161 1.364014 0
0 0.341518 4.423903 7.427087 0.270752 1.437012 0
0 0.162647 4.132021 7.419815 0.228149 1.516113 0
0 0.203477 4.365481 7.421463 0.241699 1.448975 0
0 0.527590 4.798910 7.434666 0.324463 1.324951 0
0 0.430641 4.998939 7.430715 0.301270 1.281494 0
0 0.527590 5.124879 7.434666 0.324463 1.248657 0
0 0.432278 4.620248 7.430779 0.298340 1.378418 0
0 0.127730 4.728741 7.418386 0.223755 1.353271 0
0 0.327380 4.749552 7.426512 0.276855 1.345703 0
0 0.766331 3.964450 7.444399 0.240234 1.563477 0
0 0.745952 4.147663 7.443575 0.265625 1.505859 0
0 0.904253 3.936656 7.450023 0.223267 1.560059 0
0 1.115341 4.607569 7.458622 0.166870 1.379883 0
0 0.876593 4.587425 7.448896 0.226685 1.387695 0
0 1.112579 4.695144 7.458508 0.165161 1.364014 0
0 0.892538 4.132021 7.449546 0.228149 1.516113 0
0 0.713667 4.423903 7.442260 0.270752 1.437012 0
0 0.851709 4.365481 7.447872 0.241699 1.448975 0
0 0.624544 4.998939 7.438625 0.301270 1.281494 0
0 0.927458 4.728741 7.450967 0.223755 1.353271 0
0 0.622903 4.620248 7.438551 0.298340 1.378418 0
0 0.727808 4.749552 7.442827 0.276855 1.345703 0
0 7.497675 4.147664 -3.261613 0.265625 1.505859 0
0 7.507142 3.964451 -3.243550 0.240234 1.563477 0
0 7.571236 3.936657 -3.121295 0.223267 1.560059 0
0 7.558382 4.587425 -3.145815 0.226685 1.387695 0
0 7.669328 4.607569 -2.934192 0.166870 1.379883 0
0 7.668044 4.695144 -2.936643 0.165161 1.364014 0
0 7.482676 4.423903 -3.290237 0.270752 1.437012 0
0 7.565787 4.132021 -3.131681 0.228149 1.516113 0
0 7.546807 4.365481 -3.167869 0.241699 1.448975 0
0 7.396194 4.798910 -3.455167 0.324463 1.324951 0
0 7.441252 4.998939 -3.369230 0.301270 1.281494 0
0 7.396194 5.124879 -3.455167 0.324463 1.248657 0
0 7.440487 4.620248 -3.370689 0.298340 1.378418 0
0 7.582017 4.728741 -3.100734 0.223755 1.353271 0
0 7.489236 4.749552 -3.277702 0.276855 1.345703 0
0 7.285250 3.964450 -3.666790 0.240234 1.563477 0
0 7.294716 4.147663 -3.648721 0.265625 1.505859 0
0 7.221152 3.936656 -3.789037 0.223267 1.560059 0
0 7.123056 4.607569 -3.976144 0.166870 1.379883 0
0 7.234008 4.587425 -3.764517 0.226685 1.387695 0
0 7.124345 4.695144 -3.973702 0.165161 1.364014 0
0 7.226600 4.132021 -3.778660 0.228149 1.516113 0
0 7.309728 4.423903 -3.620106 0.270752 1.437012 0
0 7.245575 4.365481 -3.742467 0.241699 1.448975 0
0 7.351144 4.998939 -3.541104 0.301270 1.281494 0
0 7.210376 4.728741 -3.809607 0.223755 1.353271 0
0 7.351901 4.620248 -3.539652 0.298340 1.378418 0
0 7.303154 4.749552 -3.632639 0.276855 1.345703 0
0 -1.500449 7.586418 5.688419 0.429932 1.505859 0
0 -1.512022 7.475089 5.683980 0.404297 1.563477 0
0 -1.590332 7.458201 5.653928 0.387451 1.560059 0
0 -1.574628 7.853644 5.659953 0.390869 1.387695 0
0 -1.710170 7.865884 5.607911 0.331055 1.379883 0
0 -1.708606 7.919100 5.608512 0.329346 1.364014 0
0 -1.482125 7.754279 5.695460 0.435059 1.437012 0
0 -1.583678 7.576911 5.656475 0.392334 1.516113 0
0 -1.560496 7.718778 5.665375 0.406006 1.448975 0
0 -1.376470 7.982156 5.736013 0.488770 1.324951 0
0 -1.431521 8.103703 5.714885 0.465332 1.281494 0
0 -1.376470 8.180229 5.736013 0.488770 1.248657 0
0 -1.430588 7.873589 5.715238 0.462402 1.378418 0
0 -1.603500 7.939517 5.648867 0.387939 1.353271 0
0 -1.490150 7.952161 5.692383 0.441162 1.345703 0
0 -1.240931 7.475089 5.788042 0.404297 1.563477 0
0 -1.252497 7.586418 5.783605 0.429932 1.505859 0
0 -1.162617 7.458201 5.818101 0.387451 1.560059 0
0 -1.042774 7.865884 5.864107 0.331055 1.379883 0
0 -1.178328 7.853644 5.812078 0.390869 1.387695 0
0 -1.044343 7.919100 5.863509 0.329346 1.364014 0
0 -1.169275 7.576911 5.815553 0.392334 1.516113 0
0 -1.270828 7.754279 5.776573 0.435059 1.437012 0
0 -1.192455 7.718778 5.806662 0.406006 1.448975 0
0 -1.321434 8.103703 5.757142 0.465332 1.281494 0
0 -1.149451 7.939517 5.823158 0.387939 1.353271 0
0 -1.322366 7.873589 5.756783 0.462402 1.378418 0
0 -1.262802 7.952161 5.779648 0.441162 1.345703 0
0 6.497173 5.292392 2.327438 0.429932 1.505859 0
0 6.492736 5.181063 2.339009 0.404297 1.563477 0
0 6.462678 5.164174 2.417320 0.387451 1.560059 0
0 6.468706 5.559613 2.401611 0.390869 1.387695 0
0 6.416676 5.571853 2.537160 0.331055 1.379883 0
0 6.417266 5.625069 2.535593 0.329346 1.364014 0
0 6.504218 5.460250 2.309108 0.435059 1.437012 0
0 6.465226 5.282886 2.410664 0.392334 1.516113 0
0 6.474128 5.424749 2.387485 0.406006 1.448975 0
0 6.544768 5.688123 2.203460 0.488770 1.324951 0
0 6.523636 5.809670 2.258506 0.465332 1.281494 0
0 6.544768 5.886198 2.203460 0.488770 1.248657 0
0 6.523993 5.579558 2.257576 0.462402 1.378418 0
0 6.457612 5.645484 2.430488 0.387939 1.353271 0
0 6.501136 5.658130 2.317134 0.441162 1.345703 0
0 6.596794 5.181063 2.067912 0.404297 1.563477 0
0 6.592360 5.292392 2.079484 0.429932 1.505859 0
0 6.626859 5.164174 1.989606 0.387451 1.560059 0
0 6.672866 5.571853 1.869765 0.331055 1.379883 0
0 6.620835 5.559613 2.005313 0.390869 1.387695 0
0 6.672254 5.625069 1.871328 0.329346 1.364014 0
0 6.624304 5.282886 1.996256 0.392334 1.516113 0
0 6.585327 5.460250 2.097814 0.435059 1.437012 0
0 6.615401 5.424749 2.019436 0.406006 1.448975 0
0 6.565899 5.809670 2.148417 0.465332 1.281494 0
0 6.631915 5.645484 1.976435 0.387939 1.353271 0
0 6.565543 5.579558 2.149350 0.462402 1.378418 0
0 6.588403 5.658130 2.089785 0.441162 1.345703 0
0 3.136190 7.586418 -5.670186 0.429932 1.505859 0
0 3.147762 7.475089 -5.665746 0.404297 1.563477 0
0 3.226068 7.458201 -5.635677 0.387451 1.560059 0
0 3.210364 7.853644 -5.641711 0.390869 1.387695 0
0 3.345915 7.865884 -5.589679 0.331055 1.379883 0
0 3.344345 7.919100 -5.590285 0.329346 1.364014 0
0 3.117864 7.754279 -5.677227 0.435059 1.437012 0
0 3.219418 7.576911 -5.638238 0.392334 1.516113 0
0 3.196239 7.718778 -5.647136 0.406006 1.448975 0
0 3.012217 7.982156 -5.717777 0.488770 1.324951 0
0 3.067256 8.103703 -5.696649 0.465332 1.281494 0
0 3.012217 8.180229 -5.717777 0.488770 1.248657 0
0 3.066334 7.873589 -5.697008 0.462402 1.378418 0
0 3.239239 7.939517 -5.630622 0.387939 1.353271 0
0 3.125887 7.952161 -5.674137 0.441162 1.345703 0
0 2.876668 7.475089 -5.769813 0.404297 1.563477 0
0 2.888242 7.586418 -5.765360 0.429932 1.505859 0
0 2.798358 7.458201 -5.799881 0.387451 1.560059 0
0 2.678519 7.865884 -5.845882 0.331055 1.379883 0
0 2.814069 7.853644 -5.793842 0.390869 1.387695 0
0 2.680088 7.919100 -5.845273 0.329346 1.364014 0
0 2.805016 7.576911 -5.797316 0.392334 1.516113 0
0 2.906569 7.754279 -5.758329 0.435059 1.437012 0
0 2.828189 7.718778 -5.788410 0.406006 1.448975 0
0 2.957171 8.103703 -5.738904 0.465332 1.281494 0
0 2.785190 7.939517 -5.804925 0.387939 1.353271 0
0 2.958102 7.873589 -5.738549 0.462402 1.378418 0
0 2.898541 7.952161 -5.761410 0.441162 1.345703 0
0 -4.861439 5.292392 -2.309206 0.429932 1.505859 0
0 -4.856997 5.181063 -2.320774 0.404297 1.563477 0
0 -4.826933 5.164174 -2.399082 0.387451 1.560059 0
0 -4.832966 5.559613 -2.383377 0.390869 1.387695 0
0 -4.780933 5.571853 -2.518928 0.331055 1.379883 0
0 -4.781537 5.625069 -2.517362 0.329346 1.364014 0
0 -4.868472 5.460250 -2.290875 0.435059 1.437012 0
0 -4.829489 5.282886 -2.392431 0.392334 1.516113 0
0 -4.838387 5.424749 -2.369249 0.406006 1.448975 0
0 -4.909019 5.688123 -2.185227 0.488770 1.324951 0
0 -4.887893 5.809670 -2.240267 0.465332 1.281494 0
0 -4.909019 5.886198 -2.185227 0.488770 1.248657 0
0 -4.888253 5.579558 -2.239338 0.462402 1.378418 0
0 -4.821881 5.645484 -2.412255 0.387939 1.353271 0
0 -4.865387 5.658130 -2.298902 0.441162 1.345703 0
0 -4.961051 5.181063 -2.049680 0.404297 1.563477 0
0 -4.956616 5.292392 -2.061251 0.429932 1.505859 0
0 -4.991111 5.164174 -1.971374 0.387451 1.560059 0
0 -5.037122 5.571853 -1.851530 0.331055 1.379883 0
0 -4.985087 5.559613 -1.987077 0.390869 1.387695 0
0 -5.036520 5.625069 -1.853095 0.329346 1.364014 0
0 -4.988561 5.282886 -1.978023 0.392334 1.516113 0
0 -4.949580 5.460250 -2.079578 0.435059 1.437012 0
0 -4.979672 5.424749 -2.001209 0.406006 1.448975 0
0 -4.930152 5.809670 -2.130185 0.465332 1.281494 0
0 -4.996170 5.645484 -1.958201 0.387939 1.353271 0
0 -4.929796 5.579558 -2.131117 0.462402 1.378418 0
0 -4.952663 5.658130 -2.071553 0.441162 1.345703 0
0 -4.240941 5.577964 -6.659191 0.497070 1.379883 0
0 -4.011112 5.557211 -6.747401 0.556641 1.387695 0
0 -4.238283 5.668189 -6.660197 0.495117 1.364014 0
0 -4.026474 5.088029 -6.741511 0.558105 1.516113 0
0 -3.854283 5.388742 -6.807617 0.601074 1.437012 0
0 -3.987165 5.328553 -6.756590 0.571777 1.448975 0
0 -3.768477 5.981177 -6.840536 0.631348 1.281494 0
0 -3.675162 5.775095 -6.876369 0.654785 1.324951 0
0 -3.675162 6.110926 -6.876369 0.654785 1.250488 0
0 -3.464967 5.104145 -6.957053 0.595703 1.505859 0
0 -3.445348 4.915389 -6.964581 0.570312 1.563477 0
0 -3.312580 4.886754 -7.015548 0.553223 1.560059 0
0 -3.339199 5.557211 -7.005325 0.556641 1.387695 0
0 -3.109377 5.577964 -7.093550 0.497070 1.379883 0
0 -3.112045 5.668189 -7.092528 0.495117 1.364014 0
0 -3.496037 5.388742 -6.945123 0.601074 1.437012 0
0 -3.323852 5.088029 -7.011214 0.558105 1.516113 0
0 -3.363153 5.328553 -6.996126 0.571777 1.448975 0
0 -3.581831 5.981176 -6.912186 0.631348 1.281494 0
0 -3.583411 5.591027 -6.911583 0.628418 1.378418 0
0 -3.290245 5.702803 -7.024117 0.553711 1.353271 0
0 -3.482429 5.724243 -6.950346 0.606934 1.345703 0
0 -7.184340 6.293573 0.695745 0.102600 1.505859 0
0 -7.187756 6.041747 0.667922 0.077087 1.563477 0
0 -7.210882 6.003545 0.479600 0.060150 1.560059 0
0 -7.178933 6.673263 0.739823 0.107666 1.437012 0
0 -7.208911 6.272071 0.495596 0.065002 1.516113 0
0 -7.202075 6.592962 0.551344 0.078613 1.448975 0
0 -7.147730 7.188712 0.993890 0.161377 1.324951 0
0 -7.163995 7.463651 0.861517 0.138062 1.281494 0
0 -7.147730 7.636754 0.993890 0.161377 1.248657 0
0 -7.163708 6.943139 0.863756 0.135132 1.378418 0
0 -7.214767 7.092263 0.447927 0.060638 1.353271 0
0 -7.181298 7.120866 0.720522 0.113770 1.345703 0
0 -7.107712 6.041746 1.319861 0.077087 1.563477 0
0 -7.111128 6.293571 1.292031 0.102600 1.505859 0
0 -7.084591 6.003544 1.508173 0.060150 1.560059 0
0 -7.049197 6.925712 1.796390 0.003752 1.379883 0
0 -7.089224 6.898025 1.470410 0.063538 1.387695 0
0 -7.049671 7.046083 1.792614 0.002008 1.364014 0
0 -7.086547 6.272071 1.492177 0.065002 1.516113 0
0 -7.116544 6.673263 1.247950 0.107666 1.437012 0
0 -7.093391 6.592962 1.436431 0.078613 1.448975 0
0 -7.131486 7.463651 1.126264 0.138062 1.281494 0
0 -7.080697 7.092263 1.539848 0.060638 1.353271 0
0 -7.131757 6.943139 1.124025 0.135132 1.378418 0
0 -7.114168 7.120866 1.267254 0.113770 1.345703 0
0 8.768214 6.246526 -1.000840 0.161011 1.507324 0
0 8.768214 6.443590 -1.000840 0.161255 1.476562 0
0 8.866289 7.046083 -0.202116 0.002008 1.364014 0
0 8.826718 6.898025 -0.524314 0.063538 1.387695 0
0 -5.468975 4.113437 -3.958632 0.323975 1.507324 0
0 -5.468975 4.256807 -3.958632 0.324219 1.476562 0
0 -5.155848 4.695144 -4.453323 0.165161 1.364014 0
0 -5.282165 4.587425 -4.253765 0.226685 1.387695 0
0 -5.468975 4.798910 -3.958632 0.324463 1.324951 0
0 -5.520874 4.998939 -3.876648 0.301270 1.281494 0
0 0.527590 4.113437 7.434666 0.323975 1.507324 0
0 0.527590 4.256807 7.434666 0.324219 1.476562 0
0 7.396194 4.113437 -3.455167 0.323975 1.507324 0
0 7.396194 4.256807 -3.455167 0.324219 1.476562 0
0 -1.376470 7.565618 5.736013 0.488281 1.507324 0
0 -1.376470 7.652740 5.736013 0.488525 1.476562 0
0 6.544768 5.271593 2.203460 0.488281 1.507324 0
0 6.544768 5.358713 2.203460 0.488525 1.476562 0
0 3.012217 7.565618 -5.717777 0.488281 1.507324 0
0 3.012217 7.652740 -5.717777 0.488525 1.476562 0
0 -4.909019 5.271593 -2.185227 0.488281 1.507324 0
0 -4.909019 5.358713 -2.185227 0.488525 1.476562 0
0 -3.885359 5.104145 -6.795676 0.595703 1.505859 0
0 -4.037741 4.886755 -6.737176 0.553223 1.560059 0
0 -3.766914 5.591027 -6.841146 0.628418 1.378418 0
0 -3.867890 5.724243 -6.802382 0.606934 1.345703 0
0 -7.147730 6.246526 0.993890 0.161011 1.507324 0
0 -7.147730 6.443590 0.993890 0.161255 1.476562 0
0 -7.245802 7.046083 0.195167 0.002008 1.364014 0
0 -7.206246 6.898025 0.517365 0.063538 1.387695 0
0 -7.246275 6.925712 0.191386 0.003752 1.379883 0
0 -4.060071 5.702803 -6.728601 0.553711 1.353271 0
0 -5.154366 4.607569 -4.455664 0.166870 1.379883 0
0 -5.417089 4.998939 -4.040617 0.301270 1.281494 0
0 -5.468975 5.124879 -3.958632 0.324463 1.248657 0
0 -3.904974 4.915390 -6.788139 0.570312 1.563477 0
0 -3.675162 5.216591 -6.876369 0.654297 1.476562 0
0 -3.675162 5.068881 -6.876369 0.654297 1.507324 0
0 8.866746 6.925712 -0.198333 0.003752 1.379883 0
0 8.799418 6.673263 -0.746777 0.107666 1.437012 0
0 8.822546 6.592962 -0.558294 0.078613 1.448975 0
0 8.829388 6.272071 -0.502542 0.065002 1.516113 0
299
-0.992551 -0.000008 0.121831
-0.992552 -0.000031 0.121824
-0.992552 -0.000017 0.121819
-0.992546 0.000010 0.121874
-0.992546 -0.000002 0.121874
-0.992548 0.000000 0.121851
-0.992546 0.000008 0.121868
-0.992546 0.000027 0.121870
-0.992546 -0.000009 0.121869
-0.992544 -0.000005 0.121883
-0.992546 0.000006 0.121870
-0.992546 0.000005 0.121871
-0.992544 0.000013 0.121886
-0.992547 -0.000001 0.121864
-0.992545 0.000013 0.121876
-0.992543 -0.000006 0.121895
-0.992542 0.000001 0.121905
-0.992536 0.000012 0.121950
-0.992547 0.000028 0.121860
-0.992548 0.000029 0.121856
-0.992547 0.000036 0.121860
-0.992549 0.000045 0.121846
0.844945 0.000024 0.534853
0.844962 0.000027 0.534826
0.844929 0.000037 0.534878
0.844942 -0.000011 0.534858
0.844933 0.000001 0.534872
0.844943 0.000000 0.534856
0.844955 -0.000005 0.534838
0.844958 -0.000023 0.534833
0.844943 -0.000010 0.534857
0.844953 -0.000021 0.534840
0.844946 -0.000004 0.534851
0.844951 -0.000004 0.534844
0.844955 0.000001 0.534838
0.844951 0.000008 0.534843
0.844951 0.000025 0.534844
0.844941 0.000011 0.534859
0.844951 -0.000007 0.534844
0.844962 -0.000007 0.534827
0.844956 0.000038 0.534836
0.844941 0.000026 0.534860
0.844938 0.000043 0.534864
0.040655 0.000014 -0.999173
0.040713 -0.000016 -0.999171
0.040656 0.000031 -0.999173
0.040708 0.000020 -0.999171
0.040709 0.000006 -0.999171
0.040726 0.000013 -0.999170
0.040686 -0.000003 -0.999172
0.040635 0.000012 -0.999174
0.040720 -0.000032 -0.999171
0.040753 0.000006 -0.999169
0.040704 0.000005 -0.999171
0.040759 0.000000 -0.999169
0.040681 0.000013 -0.999172
0.040691 0.000028 -0.999172
0.040660 0.000011 -0.999173
0.040757 0.000027 -0.999169
0.040734 0.000020 -0.999170
0.040726 0.000019 -0.999170
0.040690 0.000022 -0.999172
0.040713 -0.000013 -0.999171
0.040703 -0.000012 -0.999171
0.040665 -0.000021 -0.999173
0.040665 0.000004 -0.999173
0.040629 0.000013 -0.999174
0.040754 0.000012 -0.999169
0.040726 -0.000011 -0.999170
0.040735 0.000003 -0.999170
0.040721 0.000007 -0.999171
-0.885671 0.000007 0.464314
-0.885657 0.000010 0.464341
-0.885675 -0.000005 0.464305
-0.885665 -0.000010 0.464325
-0.885679 0.000031 0.464299
-0.885666 0.000006 0.464323
-0.885699 0.000011 0.464259
-0.885705 -0.000020 0.464249
-0.885725 0.000040 0.464211
-0.885662 0.000003 0.464331
-0.885655 0.000001 0.464345
-0.885664 0.000000 0.464327
-0.885660 -0.000003 0.464334
-0.885663 -0.000003 0.464329
-0.885665 -0.000007 0.464325
-0.885652 -0.000027 0.464350
-0.885664 -0.000001 0.464326
-0.885661 -0.000001 0.464332
-0.885657 0.000009 0.464339
-0.885661 0.000032 0.464332
-0.885661 0.000065 0.464332
-0.885676 0.000025 0.464304
-0.885664 -0.000006 0.464327
-0.885654 -0.000006 0.464347
-0.885675 0.000006 0.464306
-0.885664 0.000036 0.464326
-0.885668 0.000021 0.464320
-0.885669 0.000013 0.464318
0.358333 -0.000015 -0.933594
0.358351 -0.000018 -0.933587
0.358306 -0.000036 -0.933604
0.358416 0.000014 -0.933562
0.358428 0.000025 -0.933558
0.358440 -0.000001 -0.933553
0.358382 0.000031 -0.933575
0.358338 0.000001 -0.933592
0.358382 -0.000013 -0.933575
0.358364 0.000007 -0.933582
0.358308 0.000014 -0.933604
0.358356 0.000000 -0.933585
0.358336 0.000029 -0.933592
0.358387 0.000022 -0.933573
0.358334 0.000070 -0.933594
0.358371 0.000016 -0.933579
0.358383 0.000035 -0.933575
0.358368 0.000043 -0.933581
0.358348 -0.000001 -0.933588
0.358360 -0.000010 -0.933583
0.358360 0.000006 -0.933583
0.358408 0.000051 -0.933565
0.358386 0.000002 -0.933574
0.358407 -0.000015 -0.933565
0.358392 0.000003 -0.933571
0.358377 -0.000037 -0.933577
0.358377 -0.000010 -0.933577
0.358363 0.000009 -0.933582
-0.933579 -0.000021 -0.358371
-0.933577 -0.000027 -0.358376
-0.933585 -0.000045 -0.358355
-0.933584 -0.000112 -0.358359
-0.933583 -0.000068 -0.358361
-0.933583 -0.000148 -0.358362
-0.933577 0.000017 -0.358376
-0.933578 0.000006 -0.358375
-0.933569 0.000034 -0.358398
-0.933568 -0.000003 -0.358401
-0.933583 -0.000000 -0.358362
-0.933570 0.000000 -0.358396
-0.933578 0.000004 -0.358373
-0.933570 -0.000026 -0.358395
-0.933580 0.000059 -0.358368
-0.933569 0.000049 -0.358399
-0.933577 0.000034 -0.358378
-0.933574 0.000026 -0.358384
-0.933589 -0.000015 -0.358346
-0.933586 -0.000071 -0.358353
-0.933591 -0.000118 -0.358341
-0.933612 -0.000025 -0.358286
-0.933607 0.000028 -0.358298
-0.933625 0.000048 -0.358252
-0.933577 -0.000006 -0.358376
-0.933589 -0.000046 -0.358346
-0.933581 -0.000032 -0.358367
-0.933591 -0.000033 -0.358341
-0.358399 0.000012 0.933568
-0.358414 -0.000018 0.933563
-0.358421 0.000017 0.933560
-0.358364 -0.000037 0.933582
-0.358379 0.000002 0.933576
-0.358339 -0.000010 0.933592
-0.358389 -0.000006 0.933572
-0.358383 0.000032 0.933575
-0.358419 0.000014 0.933561
-0.358343 -0.000008 0.933590
-0.358398 -0.000014 0.933569
-0.358348 0.000000 0.933588
-0.358412 -0.000044 0.933564
-0.358378 -0.000072 0.933577
-0.358447 -0.000059 0.933550
-0.358368 -0.000059 0.933581
-0.358404 -0.000052 0.933567
-0.358439 -0.000073 0.933553
-0.358397 0.000008 0.933569
-0.358401 -0.000044 0.933568
-0.358404 -0.000074 0.933567
-0.358391 -0.000040 0.933571
-0.358374 0.000021 0.933578
-0.358314 0.000022 0.933601
-0.358339 -0.000007 0.933592
-0.358386 -0.000037 0.933573
-0.358366 -0.000025 0.933581
-0.358368 -0.000028 0.933580
0.933579 0.000008 0.358372
0.933593 0.000011 0.358335
0.933567 0.000016 0.358404
0.933584 0.000015 0.358358
0.933580 0.000028 0.358368
0.933584 0.000023 0.358358
0.933577 -0.000001 0.358376
0.933573 -0.000002 0.358388
0.933580 0.000002 0.358368
0.933575 -0.000006 0.358382
0.933591 -0.000009 0.358341
0.933574 0.000000 0.358384
0.933591 -0.000022 0.358340
0.933591 -0.000022 0.358340
0.933586 -0.000034 0.358353
0.933568 0.000041 0.358401
0.933577 0.000034 0.358378
0.933582 0.000039 0.358365
0.933568 -0.000050 0.358399
0.933575 -0.000021 0.358383
0.933572 -0.000020 0.358390
0.933571 0.000036 0.358392
0.933564 -0.000011 0.358411
0.933546 -0.000002 0.358458
0.933557 -0.000006 0.358429
0.933582 0.000005 0.358364
0.933572 0.000005 0.358389
0.933578 0.000021 0.358374
0.358350 -0.000053 0.933587
0.358342 -0.000094 0.933591
0.358332 -0.000099 0.933594
0.358398 0.000008 0.933569
0.358398 -0.000008 0.933569
0.358469 0.000034 0.933542
0.358425 -0.000016 0.933558
0.358375 -0.000008 0.933578
0.358383 0.000000 0.933575
0.358347 -0.000005 0.933589
0.358367 0.000011 0.933581
0.358351 -0.000010 0.933587
0.358382 -0.000005 0.933575
0.358374 0.000012 0.933578
0.358390 0.000006 0.933572
0.358345 -0.000004 0.933589
0.358319 -0.000023 0.933599
0.358336 0.000020 0.933593
0.358321 -0.000005 0.933598
0.358350 -0.000002 0.933587
0.358373 0.000000 0.933579
0.358368 -0.000002 0.933580
0.992547 -0.000003 -0.121865
0.992545 0.000001 -0.121880
0.992547 -0.000013 -0.121866
0.992546 0.000007 -0.121870
0.992548 0.000004 -0.121858
0.992545 0.000018 -0.121875
0.992546 0.000007 -0.121869
0.992541 0.000015 -0.121908
0.992545 0.000000 -0.121877
0.992545 0.000008 -0.121880
0.992546 -0.000012 -0.121872
0.992547 0.000020 -0.121863
0.992548 -0.000002 -0.121857
0.992545 -0.000008 -0.121880
0.992544 -0.000018 -0.121884
0.992544 0.000037 -0.121885
0.992547 0.000011 -0.121866
0.992548 0.000034 -0.121857
0.992541 -0.000013 -0.121910
0.992542 0.000005 -0.121900
0.992541 0.000018 -0.121915
0.992550 0.000005 -0.121836
0.992547 -0.000010 -0.121861
0.992547 0.000001 -0.121864
0.992544 -0.000001 -0.121884
-0.992545 0.000000 0.121875
-0.992547 -0.000013 0.121864
-0.992545 0.000053 0.121875
-0.992546 0.000020 0.121871
0.844949 0.000000 0.534847
0.844962 0.000004 0.534827
0.844954 -0.000008 0.534839
0.844954 -0.000012 0.534838
0.844959 0.000004 0.534831
0.844925 0.000000 0.534885
0.040712 0.000000 -0.999171
0.040732 0.000005 -0.999170
-0.885664 0.000000 0.464327
-0.885656 -0.000006 0.464342
0.358368 0.000000 -0.933580
0.358386 -0.000002 -0.933574
-0.933587 0.000000 -0.358350
-0.933575 0.000007 -0.358383
-0.358379 0.000000 0.933576
-0.358357 -0.000030 0.933585
0.933591 0.000000 0.358340
0.933587 0.000022 0.358352
0.358352 0.000042 0.933587
0.358346 0.000044 0.933589
0.358399 -0.000017 0.933568
0.358386 -0.000005 0.933574
0.992547 0.000000 -0.121864
0.992547 -0.000000 -0.121865
0.992545 -0.000047 -0.121876
0.992545 -0.000036 -0.121879
0.992545 -0.000028 -0.121880
0.358384 -0.000023 0.933574
0.844950 -0.000002 0.534845
0.844965 0.000011 0.534821
0.844964 0.000000 0.534824
0.358379 0.000027 0.933576
0.358376 0.000014 0.933577
-0.992548 0.000016 0.121857
-0.992550 0.000007 0.121838
-0.992554 0.000031 0.121803
-0.992550 0.000019 0.121839
300
0 0 1 2 0 1 2 1
0 3 4 5 3 4 5 1
0 6 7 8 6 7 8 1
0 9 10 11 9 10 11 1
0 12 13 14 12 13 14 1
0 15 16 17 15 16 17 1
0 18 3 5 18 3 5 1
0 19 20 21 19 20 21 1
0 22 23 24 22 23 24 1
0 25 26 27 25 26 27 1
0 28 29 30 28 29 30 1
0 31 32 33 31 32 33 1
0 34 35 36 34 35 36 1
0 37 38 39 37 38 39 1
0 40 41 42 40 41 42 1
0 43 44 45 43 44 45 1
0 46 47 48 46 47 48 1
0 49 50 51 49 50 51 1
0 52 53 54 52 53 54 1
0 55 56 57 55 56 57 1
0 58 59 60 58 59 60 1
0 61 62 63 61 62 63 1
0 64 65 66 64 65 66 1
0 67 52 54 67 52 54 1
0 68 69 70 68 69 70 1
0 71 72 73 71 72 73 1
0 74 75 76 74 75 76 1
0 77 78 79 77 78 79 1
0 80 81 82 80 81 82 1
0 83 84 85 83 84 85 1
0 86 87 88 86 87 88 1
0 89 90 91 89 90 91 1
0 92 93 94 92 93 94 1
0 95 80 82 95 80 82 1
0 96 97 98 96 97 98 1
0 99 100 101 99 100 101 1
0 102 103 104 102 103 104 1
0 105 106 107 105 106 107 1
0 108 109 110 108 109 110 1
0 111 112 113 111 112 113 1
0 114 115 116 114 115 116 1
0 117 118 119 117 118 119 1
0 120 121 122 120 121 122 1
0 123 108 110 123 108 110 1
0 124 125 126 124 125 126 1
0 127 128 129 127 128 129 1
0 130 131 132 130 131 132 1
0 133 134 135 133 134 135 1
0 136 137 138 136 137 138 1
0 139 140 141 139 140 141 1
0 142 143 144 142 143 144 1
0 145 146 147 145 146 147 1
0 148 149 150 148 149 150 1
0 151 136 138 151 136 138 1
0 152 153 154 152 153 154 1
0 155 156 157 155 156 157 1
0 158 159 160 158 159 160 1
0 161 162 163 161 162 163 1
0 164 165 166 164 165 166 1
0 167 168 169 167 168 169 1
0 170 171 172 170 171 172 1
0 173 174 175 173 174 175 1
0 176 177 178 176 177 178 1
0 179 164 166 179 164 166 1
0 180 181 182 180 181 182 1
0 183 184 185 183 184 185 1
0 186 187 188 186 187 188 1
0 189 190 191 189 190 191 1
0 192 193 194 192 193 194 1
0 195 196 197 195 196 197 1
0 198 199 200 198 199 200 1
0 201 202 203 201 202 203 1
0 204 205 206 204 205 206 1
0 207 192 194 207 192 194 1
0 208 209 210 208 209 210 1
0 211 212 213 211 212 213 1
0 214 215 216 214 215 216 1
0 217 218 219 217 218 219 1
0 220 221 222 220 221 222 1
0 223 224 225 223 224 225 1
0 226 227 228 226 227 228 1
0 218 229 219 218 229 219 1
0 230 231 232 230 231 232 1
0 233 234 235 233 234 235 1
0 236 237 238 236 237 238 1
0 239 240 241 239 240 241 1
0 242 243 244 242 243 244 1
0 245 246 247 245 246 247 1
0 248 249 250 248 249 250 1
0 251 252 253 251 252 253 1
0 254 239 241 254 239 241 1
0 255 256 257 255 256 257 1
0 252 251 246 252 251 246 1
0 251 247 246 251 247 246 1
0 239 254 256 239 254 256 1
0 254 257 256 254 257 256 1
0 256 255 249 256 255 249 1
0 255 250 249 255 250 249 1
0 258 1 259 258 1 259 1
0 1 0 259 1 0 259 1
0 8 4 6 8 4 6 1
0 4 3 6 4 3 6 1
0 260 7 261 260 7 261 1
0 7 6 261 7 6 261 1
0 10 9 259 10 9 259 1
0 9 258 259 9 258 259 1
0 13 12 16 13 12 16 1
0 12 17 16 12 17 16 1
0 16 15 10 16 15 10 1
0 15 11 10 15 11 10 1
0 3 18 20 3 18 20 1
0 18 21 20 18 21 20 1
0 20 19 13 20 19 13 1
0 19 14 13 19 14 13 1
0 262 23 263 262 23 263 1
0 23 22 263 23 22 263 1
0 24 26 22 24 26 22 1
0 26 25 22 26 25 22 1
0 264 29 265 264 29 265 1
0 29 28 265 29 28 265 1
0 32 31 263 32 31 263 1
0 31 262 263 31 262 263 1
0 35 34 38 35 34 38 1
0 34 39 38 34 39 38 1
0 38 37 32 38 37 32 1
0 37 33 32 37 33 32 1
0 266 267 41 266 267 41 1
0 267 42 41 267 42 41 1
0 41 40 35 41 40 35 1
0 40 36 35 40 36 35 1
0 268 44 269 268 44 269 1
0 44 43 269 44 43 269 1
0 51 47 49 51 47 49 1
0 47 46 49 47 46 49 1
0 45 50 43 45 50 43 1
0 50 49 43 50 49 43 1
0 57 53 55 57 53 55 1
0 53 52 55 53 52 55 1
0 48 56 46 48 56 46 1
0 56 55 46 56 55 46 1
0 59 58 269 59 58 269 1
0 58 268 269 58 268 269 1
0 62 61 65 62 61 65 1
0 61 66 65 61 66 65 1
0 65 64 59 65 64 59 1
0 64 60 59 64 60 59 1
0 52 67 69 52 67 69 1
0 67 70 69 67 70 69 1
0 69 68 62 69 68 62 1
0 68 63 62 68 63 62 1
0 270 72 271 270 72 271 1
0 72 71 271 72 71 271 1
0 79 75 77 79 75 77 1
0 75 74 77 75 74 77 1
0 73 78 71 73 78 71 1
0 78 77 71 78 77 71 1
0 85 81 83 85 81 83 1
0 81 80 83 81 80 83 1
0 76 84 74 76 84 74 1
0 84 83 74 84 83 74 1
0 87 86 271 87 86 271 1
0 86 270 271 86 270 271 1
0 90 89 93 90 89 93 1
0 89 94 93 89 94 93 1
0 93 92 87 93 92 87 1
0 92 88 87 92 88 87 1
0 80 95 97 80 95 97 1
0 95 98 97 95 98 97 1
0 97 96 90 97 96 90 1
0 96 91 90 96 91 90 1
0 272 100 273 272 100 273 1
0 100 99 273 100 99 273 1
0 107 103 105 107 103 105 1
0 103 102 105 103 102 105 1
0 101 106 99 101 106 99 1
0 106 105 99 106 105 99 1
0 113 109 111 113 109 111 1
0 109 108 111 109 108 111 1
0 104 112 102 104 112 102 1
0 112 111 102 112 111 102 1
0 115 114 273 115 114 273 1
0 114 272 273 114 272 273 1
0 118 117 121 118 117 121 1
0 117 122 121 117 122 121 1
0 121 120 115 121 120 115 1
0 120 116 115 120 116 115 1
0 108 123 125 108 123 125 1
0 123 126 125 123 126 125 1
0 125 124 118 125 124 118 1
0 124 119 118 124 119 118 1
0 274 128 275 274 128 275 1
0 128 127 275 128 127 275 1
0 135 131 133 135 131 133 1
0 131 130 133 131 130 133 1
0 129 134 127 129 134 127 1
0 134 133 127 134 133 127 1
0 141 137 139 141 137 139 1
0 137 136 139 137 136 139 1
0 132 140 130 132 140 130 1
0 140 139 130 140 139 130 1
0 143 142 275 143 142 275 1
0 142 274 275 142 274 275 1
0 146 145 149 146 145 149 1
0 145 150 149 145 150 149 1
0 149 148 143 149 148 143 1
0 148 144 143 148 144 143 1
0 136 151 153 136 151 153 1
0 151 154 153 151 154 153 1
0 153 152 146 153 152 146 1
0 152 147 146 152 147 146 1
0 276 156 277 276 156 277 1
0 156 155 277 156 155 277 1
0 163 159 161 163 159 161 1
0 159 158 161 159 158 161 1
0 157 162 155 157 162 155 1
0 162 161 155 162 161 155 1
0 169 165 167 169 165 167 1
0 165 164 167 165 164 167 1
0 160 168 158 160 168 158 1
0 168 167 158 168 167 158 1
0 171 170 277 171 170 277 1
0 170 276 277 170 276 277 1
0 174 173 177 174 173 177 1
0 173 178 177 173 178 177 1
0 177 176 171 177 176 171 1
0 176 172 171 176 172 171 1
0 164 179 181 164 179 181 1
0 179 182 181 179 182 181 1
0 181 180 174 181 180 174 1
0 180 175 174 180 175 174 1
0 278 184 279 278 184 279 1
0 184 183 279 184 183 279 1
0 191 187 189 191 187 189 1
0 187 186 189 187 186 189 1
0 185 190 183 185 190 183 1
0 190 189 183 190 189 183 1
0 197 193 195 197 193 195 1
0 193 192 195 193 192 195 1
0 188 196 186 188 196 186 1
0 196 195 186 196 195 186 1
0 199 198 279 199 198 279 1
0 198 278 279 198 278 279 1
0 202 201 205 202 201 205 1
0 201 206 205 201 206 205 1
0 205 204 199 205 204 199 1
0 204 200 199 204 200 199 1
0 192 207 209 192 207 209 1
0 207 210 209 207 210 209 1
0 209 208 202 209 208 202 1
0 208 203 202 208 203 202 1
0 212 211 215 212 211 215 1
0 211 216 215 211 216 215 1
0 215 214 280 215 214 280 1
0 214 281 280 214 281 280 1
0 218 217 282 218 217 282 1
0 217 283 282 217 283 282 1
0 228 224 226 228 224 226 1
0 224 223 226 224 223 226 1
0 222 227 220 222 227 220 1
0 227 226 220 227 226 220 1
0 232 229 230 232 229 230 1
0 229 218 230 229 218 230 1
0 225 231 223 225 231 223 1
0 231 230 223 231 230 223 1
0 284 234 285 284 234 285 1
0 234 233 285 234 233 285 1
0 235 237 233 235 237 233 1
0 237 236 233 237 236 233 1
0 286 287 288 286 287 288 1
0 287 236 288 287 236 288 1
0 288 236 238 288 236 238 1
0 244 240 242 244 240 242 1
0 240 239 242 240 239 242 1
0 286 243 287 286 243 287 1
0 243 242 287 243 242 287 1
0 246 245 285 246 245 285 1
0 245 284 285 245 284 285 1
0 249 248 252 249 248 252 1
0 248 253 252 248 253 252 1
0 213 212 289 213 212 289 1
0 212 282 289 212 282 289 1
0 289 282 283 289 282 283 1
0 264 265 290 264 265 290 1
0 265 25 290 265 25 290 1
0 290 25 27 290 25 27 1
0 30 291 28 30 291 28 1
0 28 291 266 28 291 266 1
0 291 292 266 291 292 266 1
0 266 292 267 266 292 267 1
0 281 293 280 281 293 280 1
0 280 293 294 280 293 294 1
0 293 295 294 293 219 294 1
0 295 221 294 219 221 294 1
0 294 221 220 294 221 220 1
0 260 261 296 260 261 295 1
0 261 297 296 261 296 295 1
0 296 297 298 295 296 297 1
0 298 297 299 297 296 298 1
0 297 0 299 296 0 298 1
0 299 0 2 298 0 2 1

Materials: 1
"Tex_0008_0_dds"
1.000000 1.000000 1.000000 1.000000
0.800000 0.800000 0.800000 1.000000
0.498039 0.498039 0.498039 1.000000
1.000000 1.000000 1.000000 1.000000
0.185600
1.000000
"Tex_0008_0.png"
""

Bones: 1
"Rotacion2"
""
8 0.000000 0.000000 0.000000 0.000000 -0.000000 0.000000
9
0.000000 0.000000 0.000000 0.000000
100.000000 0.000000 0.000000 0.000000
200.000000 0.000000 0.000000 0.000000
300.000000 0.000000 0.000000 0.000000
400.000000 0.000000 0.000000 0.000000
499.999969 0.000000 0.000000 0.000000
600.000000 0.000000 0.000000 0.000000
700.000000 0.000000 0.000000 0.000000
800.000000 0.000000 0.000000 0.000000
9
0.000000 0.000000 -0.000000 0.000000
100.000000 0.000000 -1.570796 0.000000
200.000000 3.141592 -0.000001 3.141592
300.000000 -0.000000 1.570795 0.000000
400.000000 0.000000 0.000001 0.000000
499.999969 0.000000 -1.570795 0.000000
600.000000 3.141592 -0.000002 3.141592
700.000000 -0.000000 1.570794 0.000000
800.000000 0.000000 0.000003 0.000000
GroupComments: 0
MaterialComments: 0
BoneComments: 0
ModelComment: 0
