// MilkShape 3D ASCII

Frames: 30
Frame: 1

Meshes: 1
"default" 0 0
396
0 -2.465059 4.769806 6.867510 0.125366 1.545410 0
0 -2.953379 4.935431 6.929470 0.147705 1.500000 0
0 -2.601573 4.604180 7.119819 0.125366 1.591309 0
0 -2.465059 5.101057 6.867510 0.125366 1.454346 0
0 -2.601573 5.266682 7.119819 0.125366 1.408936 0
0 -2.738088 5.101057 7.372127 0.125366 1.454346 0
0 -2.738088 4.769806 7.372127 0.125366 1.545410 0
0 -4.399992 4.769806 5.820592 0.248047 1.545410 0
0 -4.536506 4.604180 6.072900 0.248047 1.591309 0
0 -4.184700 4.935431 6.263249 0.225708 1.500000 0
0 -4.399992 5.101057 5.820592 0.248047 1.454346 0
0 -4.536506 5.266682 6.072900 0.248047 1.408936 0
0 -4.673020 5.101057 6.325208 0.248047 1.454346 0
0 -4.673020 4.769806 6.325208 0.248047 1.545410 0
0 7.179968 6.155544 -1.298953 0.125366 1.545410 0
0 7.477786 6.321169 -0.907035 0.147705 1.500000 0
0 7.466730 5.989918 -1.306883 0.125366 1.591309 0
0 7.179968 6.486794 -1.298953 0.125366 1.454346 0
0 7.466730 6.652419 -1.306883 0.125366 1.408936 0
0 7.753492 6.486794 -1.314812 0.125366 1.454346 0
0 7.753492 6.155544 -1.314812 0.125366 1.545410 0
0 7.240777 6.155544 0.900206 0.248047 1.545410 0
0 7.527539 5.989918 0.892277 0.248047 1.591309 0
0 7.516483 6.321169 0.492430 0.225708 1.500000 0
0 7.240777 6.486794 0.900206 0.248047 1.454346 0
0 7.527539 6.652419 0.892277 0.248047 1.408936 0
0 7.814301 6.486794 0.884348 0.248047 1.454346 0
0 7.814301 6.155544 0.884348 0.248047 1.545410 0
0 -4.714909 5.846927 -5.568560 0.126221 1.545410 0
0 -4.524407 6.012553 -6.022437 0.148560 1.500000 0
0 -4.865157 5.681302 -5.812938 0.126221 1.591309 0
0 -4.714909 6.178179 -5.568560 0.126221 1.454346 0
0 -4.865157 6.343804 -5.812938 0.126221 1.408936 0
0 -5.015405 6.178179 -6.057317 0.126221 1.454346 0
0 -5.015405 5.846927 -6.057317 0.126221 1.545410 0
0 -2.840785 5.846927 -6.720801 0.248901 1.545410 0
0 -2.991033 5.681302 -6.965179 0.248901 1.591309 0
0 -3.331783 6.012553 -6.755681 0.226562 1.500000 0
0 -2.840785 6.178179 -6.720801 0.248901 1.454346 0
0 -2.991033 6.343804 -6.965179 0.248901 1.408936 0
0 -3.141281 6.178179 -7.209558 0.248901 1.454346 0
0 -3.141281 5.846927 -7.209558 0.248901 1.545410 0
0 7.546147 3.293359 -5.457380 0.000000 1.545410 0
0 7.900378 3.422653 -5.304020 0.022293 1.500000 0
0 7.741502 3.164063 -5.572839 0.000000 1.591309 0
0 7.546147 3.551948 -5.457380 0.000000 1.454346 0
0 7.741502 3.681244 -5.572839 0.000000 1.408936 0
0 7.936857 3.551948 -5.688296 0.000000 1.454346 0
0 7.936857 3.293359 -5.688296 0.000000 1.545410 0
0 8.419967 3.293359 -3.978882 0.122620 1.545410 0
0 8.615321 3.164063 -4.094340 0.122620 1.591309 0
0 8.456445 3.422653 -4.363158 0.100342 1.500000 0
0 8.419967 3.551948 -3.978882 0.122620 1.454346 0
0 8.615321 3.681244 -4.094340 0.122620 1.408936 0
0 8.810676 3.551948 -4.209798 0.122620 1.454346 0
0 8.810676 3.293359 -4.209798 0.122620 1.545410 0
0 -5.465677 3.293359 -7.560184 0.000000 1.545410 0
0 -5.304020 3.422653 -7.900378 0.022293 1.500000 0
0 -5.572839 3.164063 -7.741502 0.000000 1.591309 0
0 -5.465677 3.551948 -7.560184 0.000000 1.454346 0
0 -5.572839 3.681244 -7.741502 0.000000 1.408936 0
0 -5.680000 3.551948 -7.922818 0.000000 1.454346 0
0 -5.680000 3.293359 -7.922818 0.000000 1.545410 0
0 -3.987179 3.293359 -8.434004 0.122620 1.545410 0
0 -4.094340 3.164063 -8.615321 0.122620 1.591309 0
0 -4.363158 3.422653 -8.456445 0.100342 1.500000 0
0 -3.987179 3.551948 -8.434004 0.122620 1.454346 0
0 -4.094340 3.681244 -8.615321 0.122620 1.408936 0
0 -4.201502 3.551948 -8.796638 0.122620 1.454346 0
0 -4.201502 3.293359 -8.796638 0.122620 1.545410 0
0 -7.543136 3.293359 5.455600 0.000000 1.545410 0
0 -7.900378 3.422653 5.304020 0.022293 1.500000 0
0 -7.741502 3.164063 5.572839 0.000000 1.591309 0
0 -7.543136 3.551948 5.455600 0.000000 1.454346 0
0 -7.741502 3.681244 5.572839 0.000000 1.408936 0
0 -7.939868 3.551948 5.690076 0.000000 1.454346 0
0 -7.939868 3.293359 5.690076 0.000000 1.545410 0
0 -8.416955 3.293359 3.977103 0.122620 1.545410 0
0 -8.615321 3.164063 4.094340 0.122620 1.591309 0
0 -8.456445 3.422653 4.363158 0.100342 1.500000 0
0 -8.416955 3.551948 3.977103 0.122620 1.454346 0
0 -8.615321 3.681244 4.094340 0.122620 1.408936 0
0 -8.813687 3.551948 4.211578 0.122620 1.454346 0
0 -8.813687 3.293359 4.211578 0.122620 1.545410 0
0 5.902645 7.180350 -0.686869 0.125366 1.545410 0
0 6.103211 7.290224 -0.420052 0.147705 1.500000 0
0 6.105139 7.070475 -0.685399 0.125366 1.591309 0
0 5.902645 7.400095 -0.686869 0.125366 1.454346 0
0 6.105139 7.509969 -0.685399 0.125366 1.408936 0
0 6.307633 7.400095 -0.683928 0.125366 1.454346 0
0 6.307633 7.180350 -0.683928 0.125366 1.545410 0
0 5.892045 7.180350 0.772538 0.248047 1.545410 0
0 6.094539 7.070475 0.774009 0.248047 1.591309 0
0 6.096466 7.290224 0.508662 0.225708 1.500000 0
0 5.892045 7.400095 0.772538 0.248047 1.454346 0
0 6.094539 7.509969 0.774009 0.248047 1.408936 0
0 6.297033 7.400095 0.775479 0.248047 1.454346 0
0 6.297033 7.180350 0.775479 0.248047 1.545410 0
0 -5.921740 6.279124 0.686731 0.125366 1.545410 0
0 -6.103211 6.388996 0.420052 0.147705 1.500000 0
0 -6.105139 6.169249 0.685399 0.125366 1.591309 0
0 -5.921740 6.498870 0.686731 0.125366 1.454346 0
0 -6.105139 6.608744 0.685399 0.125366 1.408936 0
0 -6.288538 6.498870 0.684066 0.125366 1.454346 0
0 -6.288538 6.279124 0.684066 0.125366 1.545410 0
0 -5.911139 6.279124 -0.772677 0.248047 1.545410 0
0 -6.094539 6.169249 -0.774009 0.248047 1.591309 0
0 -6.096466 6.388996 -0.508662 0.225708 1.500000 0
0 -5.911139 6.498870 -0.772677 0.248047 1.454346 0
0 -6.094539 6.608744 -0.774009 0.248047 1.408936 0
0 -6.277938 6.498870 -0.775341 0.248047 1.454346 0
0 -6.277938 6.279124 -0.775341 0.248047 1.545410 0
0 5.455600 3.293359 7.543136 0.000000 1.545410 0
0 5.304020 3.422653 7.900378 0.022293 1.500000 0
0 5.572839 3.164063 7.741502 0.000000 1.591309 0
0 5.455600 3.551948 7.543136 0.000000 1.454346 0
0 5.572839 3.681244 7.741502 0.000000 1.408936 0
0 5.690076 3.551948 7.939868 0.000000 1.454346 0
0 5.690076 3.293359 7.939868 0.000000 1.545410 0
0 3.977103 3.293359 8.416955 0.122620 1.545410 0
0 4.094340 3.164063 8.615321 0.122620 1.591309 0
0 4.363158 3.422653 8.456445 0.100342 1.500000 0
0 3.977103 3.551948 8.416955 0.122620 1.454346 0
0 4.094340 3.681244 8.615321 0.122620 1.408936 0
0 4.211578 3.551948 8.813687 0.122620 1.454346 0
0 4.211578 3.293359 8.813687 0.122620 1.545410 0
0 8.178411 3.032331 -4.833590 0.061310 1.722656 0
0 8.039394 3.099778 -5.068805 0.041809 1.684082 0
0 8.473286 3.227491 -5.007865 0.061310 1.611328 0
0 8.283315 3.261215 -5.212967 0.041809 1.592285 0
0 7.940097 3.333517 -5.236816 0.027863 1.597168 0
0 8.007437 3.378086 -5.276615 0.027863 1.548340 0
0 8.007437 3.467221 -5.276615 0.027863 1.451416 0
0 8.283315 3.584091 -5.212967 0.041809 1.407959 0
0 8.473286 3.617814 -5.007865 0.061310 1.388672 0
0 7.940097 3.511789 -5.236816 0.027863 1.402832 0
0 8.039394 3.745529 -5.068805 0.041809 1.315918 0
0 8.178411 3.812976 -4.833590 0.061310 1.277344 0
0 7.872758 3.467221 -5.197017 0.027863 1.451416 0
0 7.795475 3.584091 -4.924644 0.041809 1.407959 0
0 7.883537 3.617814 -4.659313 0.061310 1.388672 0
0 7.872758 3.378086 -5.197017 0.027863 1.548340 0
0 7.795475 3.261215 -4.924644 0.041809 1.592285 0
0 7.883537 3.227491 -4.659313 0.061310 1.611328 0
0 8.317429 3.099778 -4.598373 0.080811 1.684082 0
0 8.561349 3.261215 -4.742535 0.080811 1.592285 0
0 8.416726 3.333517 -4.430363 0.094788 1.597168 0
0 8.484066 3.378086 -4.470162 0.094788 1.548340 0
0 8.484066 3.467221 -4.470162 0.094788 1.451416 0
0 8.561349 3.584091 -4.742535 0.080811 1.407959 0
0 8.416726 3.511789 -4.430363 0.094788 1.402832 0
0 8.317429 3.745529 -4.598373 0.080811 1.315918 0
0 8.349386 3.467221 -4.390563 0.094788 1.451416 0
0 8.073508 3.584091 -4.454212 0.080811 1.407959 0
0 8.349386 3.378086 -4.390563 0.094788 1.548340 0
0 8.073508 3.261215 -4.454212 0.080811 1.592285 0
0 -4.833590 3.032331 -8.178411 0.061310 1.722656 0
0 -5.068805 3.099778 -8.039394 0.041809 1.684082 0
0 -4.995342 3.227491 -8.452096 0.061310 1.611328 0
0 -5.202607 3.261215 -8.265787 0.041809 1.592285 0
0 -5.236816 3.333517 -7.940097 0.027863 1.597168 0
0 -5.273754 3.378086 -8.002598 0.027863 1.548340 0
0 -5.273754 3.467221 -8.002598 0.027863 1.451416 0
0 -5.202607 3.584091 -8.265787 0.041809 1.407959 0
0 -4.995342 3.617814 -8.452096 0.061310 1.388672 0
0 -5.236816 3.511789 -7.940097 0.027863 1.402832 0
0 -5.068805 3.745529 -8.039394 0.041809 1.315918 0
0 -4.833590 3.812976 -8.178411 0.061310 1.277344 0
0 -5.199877 3.467221 -7.877597 0.027863 1.451416 0
0 -4.935003 3.584091 -7.813003 0.041809 1.407959 0
0 -4.671837 3.617814 -7.904727 0.061310 1.388672 0
0 -5.199877 3.378086 -7.877597 0.027863 1.548340 0
0 -4.935003 3.261215 -7.813003 0.041809 1.592285 0
0 -4.671837 3.227491 -7.904727 0.061310 1.611328 0
0 -4.598373 3.099778 -8.317429 0.080811 1.684082 0
0 -4.732175 3.261215 -8.543820 0.080811 1.592285 0
0 -4.430363 3.333517 -8.416726 0.094788 1.597168 0
0 -4.467301 3.378086 -8.479225 0.094788 1.548340 0
0 -4.467301 3.467221 -8.479225 0.094788 1.451416 0
0 -4.732175 3.584091 -8.543820 0.080811 1.407959 0
0 -4.430363 3.511789 -8.416726 0.094788 1.402832 0
0 -4.598373 3.745529 -8.317429 0.080811 1.315918 0
0 -4.393424 3.467221 -8.354225 0.094788 1.451416 0
0 -4.464572 3.584091 -8.091037 0.080811 1.407959 0
0 -4.393424 3.378086 -8.354225 0.094788 1.548340 0
0 -4.464572 3.261215 -8.091037 0.080811 1.592285 0
0 -8.178411 3.032331 4.833590 0.061310 1.722656 0
0 -8.039394 3.099778 5.068805 0.041809 1.684082 0
0 -8.477831 3.227491 5.010552 0.061310 1.611328 0
0 -8.287074 3.261215 5.215189 0.041809 1.592285 0
0 -7.940097 3.333517 5.236816 0.027863 1.597168 0
0 -8.008473 3.378086 5.277228 0.027863 1.548340 0
0 -8.008473 3.467221 5.277228 0.027863 1.451416 0
0 -8.287074 3.584091 5.215189 0.041809 1.407959 0
0 -8.477831 3.617814 5.010552 0.061310 1.388672 0
0 -7.940097 3.511789 5.236816 0.027863 1.402832 0
0 -8.039394 3.745529 5.068805 0.041809 1.315918 0
0 -8.178411 3.812976 4.833590 0.061310 1.277344 0
0 -7.871720 3.467221 5.196404 0.027863 1.451416 0
0 -7.791714 3.584091 4.922421 0.041809 1.407959 0
0 -7.878992 3.617814 4.656627 0.061310 1.388672 0
0 -7.871720 3.378086 5.196404 0.027863 1.548340 0
0 -7.791714 3.261215 4.922421 0.041809 1.592285 0
0 -7.878992 3.227491 4.656627 0.061310 1.611328 0
0 -8.317429 3.099778 4.598373 0.080811 1.684082 0
0 -8.565108 3.261215 4.744757 0.080811 1.592285 0
0 -8.416726 3.333517 4.430363 0.094788 1.597168 0
0 -8.485103 3.378086 4.470775 0.094788 1.548340 0
0 -8.485103 3.467221 4.470775 0.094788 1.451416 0
0 -8.565108 3.584091 4.744757 0.080811 1.407959 0
0 -8.416726 3.511789 4.430363 0.094788 1.402832 0
0 -8.317429 3.745529 4.598373 0.080811 1.315918 0
0 -8.348349 3.467221 4.389950 0.094788 1.451416 0
0 -8.069748 3.584091 4.451990 0.080811 1.407959 0
0 -8.348349 3.378086 4.389950 0.094788 1.548340 0
0 -8.069748 3.261215 4.451990 0.080811 1.592285 0
0 6.099839 6.958529 0.044305 0.186646 1.722656 0
0 6.101525 7.015847 -0.187873 0.167236 1.684082 0
0 6.405488 7.124377 0.046525 0.186646 1.611328 0
0 6.354359 7.153035 -0.186037 0.167236 1.592285 0
0 6.102730 7.214478 -0.353715 0.153198 1.597168 0
0 6.172530 7.252350 -0.353208 0.153198 1.548340 0
0 6.172530 7.328095 -0.353208 0.153198 1.451416 0
0 6.354359 7.427411 -0.186037 0.167236 1.407959 0
0 6.405488 7.456069 0.046525 0.186646 1.388672 0
0 6.102730 7.365970 -0.353715 0.153198 1.402832 0
0 6.101525 7.564597 -0.187873 0.167236 1.315918 0
0 6.099839 7.621915 0.044305 0.186646 1.277344 0
0 6.032930 7.328095 -0.354222 0.153198 1.451416 0
0 5.848691 7.427411 -0.189710 0.167236 1.407959 0
0 5.794188 7.456069 0.042085 0.186646 1.388672 0
0 6.032930 7.252350 -0.354222 0.153198 1.548340 0
0 5.848691 7.153035 -0.189710 0.167236 1.592285 0
0 5.794188 7.124377 0.042085 0.186646 1.611328 0
0 6.098153 7.015847 0.276484 0.206177 1.684082 0
0 6.350986 7.153035 0.278320 0.206177 1.592285 0
0 6.096948 7.214478 0.442325 0.220093 1.597168 0
0 6.166748 7.252350 0.442832 0.220093 1.548340 0
0 6.166748 7.328095 0.442832 0.220093 1.451416 0
0 6.350986 7.427411 0.278320 0.206177 1.407959 0
0 6.096948 7.365970 0.442325 0.220093 1.402832 0
0 6.098153 7.564597 0.276484 0.206177 1.315918 0
0 6.027148 7.328095 0.441818 0.220093 1.451416 0
0 5.845319 7.427411 0.274647 0.206177 1.407959 0
0 6.027148 7.252350 0.441818 0.220093 1.548340 0
0 5.845319 7.153035 0.274647 0.206177 1.592285 0
0 -6.099839 6.057304 -0.044305 0.186646 1.722656 0
0 -6.101525 6.114621 0.187873 0.167236 1.684082 0
0 -6.376666 6.223151 -0.046316 0.186646 1.611328 0
0 -6.330517 6.251808 0.186210 0.167236 1.592285 0
0 -6.102730 6.313249 0.353715 0.153198 1.597168 0
0 -6.165947 6.351123 0.353256 0.153198 1.548340 0
0 -6.165947 6.426870 0.353256 0.153198 1.451416 0
0 -6.330517 6.526185 0.186210 0.167236 1.407959 0
0 -6.376666 6.554842 -0.046316 0.186646 1.388672 0
0 -6.102730 6.464743 0.353715 0.153198 1.402832 0
0 -6.101525 6.663373 0.187873 0.167236 1.315918 0
0 -6.099839 6.720689 -0.044305 0.186646 1.277344 0
0 -6.039512 6.426870 0.354174 0.153198 1.451416 0
0 -5.872534 6.526185 0.189537 0.167236 1.407959 0
0 -5.823011 6.554842 -0.042294 0.186646 1.388672 0
0 -6.039512 6.351123 0.354174 0.153198 1.548340 0
0 -5.872534 6.251808 0.189537 0.167236 1.592285 0
0 -5.823011 6.223151 -0.042294 0.186646 1.611328 0
0 -6.098153 6.114621 -0.276484 0.206177 1.684082 0
0 -6.327144 6.251808 -0.278147 0.206177 1.592285 0
0 -6.096948 6.313249 -0.442325 0.220093 1.597168 0
0 -6.160166 6.351123 -0.442784 0.220093 1.548340 0
0 -6.160166 6.426870 -0.442784 0.220093 1.451416 0
0 -6.327144 6.526185 -0.278147 0.206177 1.407959 0
0 -6.096948 6.464743 -0.442325 0.220093 1.402832 0
0 -6.098153 6.663373 -0.276484 0.206177 1.315918 0
0 -6.033730 6.426870 -0.441866 0.220093 1.451416 0
0 -5.869161 6.526185 -0.274820 0.206177 1.407959 0
0 -6.033730 6.351123 -0.441866 0.220093 1.548340 0
0 -5.869161 6.251808 -0.274820 0.206177 1.592285 0
0 4.833590 3.032331 8.178411 0.061310 1.722656 0
0 5.068805 3.099778 8.039394 0.041809 1.684082 0
0 5.010552 3.227491 8.477831 0.061310 1.611328 0
0 5.215189 3.261215 8.287074 0.041809 1.592285 0
0 5.236816 3.333517 7.940097 0.027863 1.597168 0
0 5.277228 3.378086 8.008473 0.027863 1.548340 0
0 5.277228 3.467221 8.008473 0.027863 1.451416 0
0 5.215189 3.584091 8.287074 0.041809 1.407959 0
0 5.010552 3.617814 8.477831 0.061310 1.388672 0
0 5.236816 3.511789 7.940097 0.027863 1.402832 0
0 5.068805 3.745529 8.039394 0.041809 1.315918 0
0 4.833590 3.812976 8.178411 0.061310 1.277344 0
0 5.196404 3.467221 7.871720 0.027863 1.451416 0
0 4.922421 3.584091 7.791714 0.041809 1.407959 0
0 4.656627 3.617814 7.878992 0.061310 1.388672 0
0 5.196404 3.378086 7.871720 0.027863 1.548340 0
0 4.922421 3.261215 7.791714 0.041809 1.592285 0
0 4.656627 3.227491 7.878992 0.061310 1.611328 0
0 4.598373 3.099778 8.317429 0.080811 1.684082 0
0 4.744757 3.261215 8.565108 0.080811 1.592285 0
0 4.430363 3.333517 8.416726 0.094788 1.597168 0
0 4.470775 3.378086 8.485103 0.094788 1.548340 0
0 4.470775 3.467221 8.485103 0.094788 1.451416 0
0 4.744757 3.584091 8.565108 0.080811 1.407959 0
0 4.430363 3.511789 8.416726 0.094788 1.402832 0
0 4.598373 3.745529 8.317429 0.080811 1.315918 0
0 4.389950 3.467221 8.348349 0.094788 1.451416 0
0 4.451990 3.584091 8.069748 0.080811 1.407959 0
0 4.389950 3.378086 8.348349 0.094788 1.548340 0
0 4.451990 3.261215 8.069748 0.080811 1.592285 0
0 -3.569040 4.435431 6.596359 0.186646 1.722656 0
0 -3.261209 4.521830 6.762915 0.167236 1.684082 0
0 -3.775098 4.685431 6.977200 0.186646 1.611328 0
0 -3.431661 4.728631 7.077946 0.167236 1.592285 0
0 -3.041331 4.821248 6.881883 0.153198 1.597168 0
0 -3.088388 4.878340 6.968854 0.153198 1.548340 0
0 -3.088388 4.992523 6.968854 0.153198 1.451416 0
0 -3.431661 5.142231 7.077946 0.167236 1.407959 0
0 -3.775098 5.185431 6.977200 0.186646 1.388672 0
0 -3.041331 5.049614 6.881883 0.153198 1.402832 0
0 -3.261209 5.349030 6.762915 0.167236 1.315918 0
0 -3.569040 5.435431 6.596359 0.186646 1.277344 0
0 -2.994274 4.992523 6.794911 0.153198 1.451416 0
0 -3.090758 5.142231 6.447882 0.167236 1.407959 0
0 -3.362981 5.185431 6.215518 0.186646 1.388672 0
0 -2.994274 4.878340 6.794911 0.153198 1.548340 0
0 -3.090758 4.728631 6.447882 0.167236 1.592285 0
0 -3.362981 4.685431 6.215518 0.186646 1.611328 0
0 -3.876870 4.521830 6.429804 0.206177 1.684082 0
0 -4.047321 4.728631 6.744836 0.206177 1.592285 0
0 -4.096748 4.821248 6.310836 0.220093 1.597168 0
0 -4.143805 4.878340 6.397808 0.220093 1.548340 0
0 -4.143805 4.992523 6.397808 0.220093 1.451416 0
0 -4.047321 5.142231 6.744836 0.206177 1.407959 0
0 -4.096748 5.049614 6.310836 0.220093 1.402832 0
0 -3.876870 5.349030 6.429804 0.206177 1.315918 0
0 -4.049692 4.992523 6.223865 0.220093 1.451416 0
0 -3.706418 5.142231 6.114772 0.206177 1.407959 0
0 -4.049692 4.878340 6.223865 0.220093 1.548340 0
0 -3.706418 4.728631 6.114772 0.206177 1.592285 0
0 7.497135 5.821169 -0.207303 0.186646 1.722656 0
0 7.487461 5.907569 -0.557169 0.167236 1.684082 0
0 7.929982 6.071169 -0.219271 0.186646 1.611328 0
0 7.845512 6.114368 -0.567069 0.167236 1.592285 0
0 7.480550 6.206985 -0.807073 0.153198 1.597168 0
0 7.579398 6.264078 -0.809807 0.153198 1.548340 0
0 7.579398 6.378261 -0.809807 0.153198 1.451416 0
0 7.845512 6.527969 -0.567069 0.167236 1.407959 0
0 7.929982 6.571169 -0.219271 0.186646 1.388672 0
0 7.480550 6.435352 -0.807073 0.153198 1.402832 0
0 7.487461 6.734769 -0.557169 0.167236 1.315918 0
0 7.497135 6.821170 -0.207303 0.186646 1.277344 0
0 7.381702 6.378261 -0.804340 0.153198 1.451416 0
0 7.129409 6.527969 -0.547269 0.167236 1.407959 0
0 7.064287 6.571169 -0.195334 0.186646 1.388672 0
0 7.381702 6.264078 -0.804340 0.153198 1.548340 0
0 7.129409 6.114368 -0.547269 0.167236 1.592285 0
0 7.064287 6.071169 -0.195334 0.186646 1.611328 0
0 7.506809 5.907569 0.142564 0.206177 1.684082 0
0 7.864860 6.114368 0.132663 0.206177 1.592285 0
0 7.513719 6.206985 0.392468 0.220093 1.597168 0
0 7.612566 6.264078 0.389735 0.220093 1.548340 0
0 7.612566 6.378261 0.389735 0.220093 1.451416 0
0 7.864860 6.527969 0.132663 0.206177 1.407959 0
0 7.513719 6.435352 0.392468 0.220093 1.402832 0
0 7.506809 6.734769 0.142564 0.206177 1.315918 0
0 7.414871 6.378261 0.395201 0.220093 1.451416 0
0 7.148757 6.527969 0.152464 0.206177 1.407959 0
0 7.414871 6.264078 0.395201 0.220093 1.548340 0
0 7.148757 6.114368 0.152464 0.206177 1.592285 0
0 -3.928095 5.512553 -6.389059 0.187622 1.722656 0
0 -4.226251 5.598953 -6.205748 0.168091 1.684082 0
0 -4.154883 5.762553 -6.757931 0.187622 1.611328 0
0 -4.413850 5.805753 -6.510879 0.168091 1.592285 0
0 -4.439219 5.898370 -6.074811 0.154175 1.597168 0
0 -4.491010 5.955461 -6.159050 0.154175 1.548340 0
0 -4.491010 6.069645 -6.159050 0.154175 1.451416 0
0 -4.413850 6.219353 -6.510879 0.168091 1.407959 0
0 -4.154883 6.262553 -6.757931 0.187622 1.388672 0
0 -4.439219 6.126736 -6.074811 0.154175 1.402832 0
0 -4.226251 6.426153 -6.205748 0.168091 1.315918 0
0 -3.928095 6.512553 -6.389059 0.187622 1.277344 0
0 -4.387428 6.069645 -5.990573 0.154175 1.451416 0
0 -4.038651 6.219353 -5.900616 0.168091 1.407959 0
0 -3.701306 6.262553 -6.020186 0.187622 1.388672 0
0 -4.387428 5.955461 -5.990573 0.154175 1.548340 0
0 -4.038651 5.805753 -5.900616 0.168091 1.592285 0
0 -3.701306 5.762553 -6.020186 0.187622 1.611328 0
0 -3.629939 5.598953 -6.572370 0.207031 1.684082 0
0 -3.817538 5.805753 -6.877501 0.207031 1.592285 0
0 -3.416970 5.898370 -6.703307 0.221069 1.597168 0
0 -3.468761 5.955461 -6.787545 0.221069 1.548340 0
0 -3.468761 6.069645 -6.787545 0.221069 1.451416 0
0 -3.817538 6.219353 -6.877501 0.207031 1.407959 0
0 -3.416970 6.126736 -6.703307 0.221069 1.402832 0
0 -3.629939 6.426153 -6.572370 0.207031 1.315918 0
0 -3.365179 6.069645 -6.619069 0.221069 1.451416 0
0 -3.442339 6.219353 -6.267238 0.207031 1.407959 0
0 -3.365179 5.955461 -6.619069 0.221069 1.548340 0
0 -3.442339 5.805753 -6.267238 0.207031 1.592285 0
396
0.360029 -0.810824 -0.461459
0.879515 -0.000000 0.475871
-0.111459 -0.905271 0.409953
0.556850 0.094450 -0.825226
0.282176 0.905276 -0.317573
-0.189304 0.810825 0.553830
-0.386126 -0.094449 0.917598
0.386129 -0.094449 -0.917597
0.111461 -0.905269 -0.409956
-0.879515 -0.000000 -0.475871
0.189308 0.810823 -0.553832
-0.282176 0.905276 0.317573
-0.556851 0.094450 0.825225
-0.360030 -0.810824 0.461458
-0.579660 -0.810816 -0.081064
-0.027641 -0.000000 -0.999618
0.410766 -0.905268 -0.108453
-0.993091 0.094449 -0.069634
-0.416119 0.905273 -0.085587
0.574282 0.810825 -0.112974
0.987726 -0.094449 -0.124403
-0.987726 -0.094449 0.124403
-0.410765 -0.905268 0.108453
0.027640 -0.000000 0.999618
-0.574281 0.810826 0.112974
0.416121 0.905272 0.085587
0.993092 0.094450 0.069631
0.579662 -0.810815 0.081061
0.219617 -0.810824 0.542525
-0.851874 -0.000000 0.523746
-0.299296 -0.905275 -0.301496
0.436238 0.094449 0.894861
0.133940 0.905273 0.403164
-0.384977 0.810826 -0.440855
-0.601601 -0.094450 -0.793193
0.601598 -0.094450 0.793195
0.299297 -0.905273 0.301500
0.851874 -0.000000 -0.523746
0.384976 0.810824 0.440860
-0.133942 0.905273 -0.403163
-0.436242 0.094449 -0.894859
-0.219620 -0.810824 -0.542523
-0.543676 -0.813002 0.208432
-0.508798 0.000000 -0.860886
0.302839 -0.907516 -0.291039
-0.901204 0.095159 0.422819
-0.400999 0.907518 0.124943
0.444771 0.813008 -0.375762
0.805007 -0.095158 -0.585584
-0.805006 -0.095158 0.585585
-0.302838 -0.907516 0.291040
0.508799 0.000000 0.860886
-0.444770 0.813008 0.375762
0.400999 0.907518 -0.124940
0.901208 0.095159 -0.422812
0.543677 -0.813003 -0.208426
0.218463 -0.800128 0.558632
-0.860885 0.000000 0.508800
-0.308010 -0.894173 -0.324937
0.410800 0.091054 0.907167
0.136117 0.894176 0.426523
-0.384027 0.800134 -0.460770
-0.596605 -0.091052 -0.797353
0.596604 -0.091052 0.797354
0.308011 -0.894173 0.324936
0.860886 0.000000 -0.508798
0.384027 0.800133 0.460772
-0.136120 0.894171 -0.426532
-0.410803 0.091053 -0.907166
-0.218469 -0.800121 -0.558638
0.540688 -0.815480 -0.206515
0.508800 0.000000 0.860885
-0.298428 -0.910052 0.287657
0.899853 0.095971 -0.425504
0.395906 0.910056 -0.122707
-0.441656 0.815484 0.374067
-0.806711 -0.095970 0.583101
0.806708 -0.095970 -0.583105
0.298424 -0.910053 -0.287657
-0.508798 0.000000 -0.860886
0.441651 0.815485 -0.374069
-0.395907 0.910056 0.122705
-0.899854 0.095971 0.425502
-0.540690 -0.815480 0.206513
-0.562179 -0.820752 -0.101587
0.007263 -0.000003 -0.999974
0.391975 -0.915413 -0.091517
-0.990968 0.097717 -0.091832
-0.390635 0.915398 -0.097210
0.563619 0.820736 -0.093410
0.992197 -0.097721 -0.077438
-0.992197 -0.097720 0.077436
-0.391974 -0.915413 0.091517
-0.007262 -0.000003 0.999974
-0.563619 0.820737 0.093408
0.390636 0.915398 0.097210
0.990968 0.097717 0.091835
0.562180 -0.820752 0.101589
0.585342 -0.804494 0.100819
-0.007266 0.000000 0.999974
-0.427972 -0.898721 0.095610
0.989520 0.092424 0.110944
0.426528 0.898726 0.101813
-0.586746 0.804493 0.092305
-0.991027 -0.092424 0.096558
0.991027 -0.092424 -0.096558
0.427965 -0.898724 -0.095609
0.007264 0.000000 -0.999974
0.586740 0.804497 -0.092305
-0.426529 0.898725 -0.101813
-0.989519 0.092425 -0.110947
-0.585343 -0.804493 -0.100821
-0.206515 -0.815480 -0.540688
0.860885 0.000000 -0.508800
0.287657 -0.910052 0.298428
-0.425504 0.095971 -0.899853
-0.122707 0.910056 -0.395906
0.374067 0.815484 0.441656
0.583101 -0.095970 0.806711
-0.583105 -0.095970 -0.806708
-0.287657 -0.910053 -0.298424
-0.860886 0.000000 0.508798
-0.374069 0.815485 -0.441651
0.122705 0.910056 0.395907
0.425502 0.095971 0.899854
0.206513 -0.815480 0.540690
-0.000001 -1.000000 -0.000001
-0.251075 -0.841499 -0.478373
0.744463 -0.502579 -0.439533
0.360424 -0.398157 -0.843543
-0.151633 -0.967424 -0.202726
0.577810 -0.510772 -0.636590
0.603214 0.462401 -0.649860
0.335837 0.446261 -0.829497
0.744062 0.502577 -0.440213
-0.104476 0.967424 -0.230597
-0.297996 0.841498 -0.450643
-0.000000 1.000000 -0.000000
-0.836322 0.510773 0.199189
-0.912788 0.398156 -0.091052
-0.744063 0.502577 0.440213
-0.860200 -0.462397 0.215047
-0.888624 -0.446261 -0.105820
-0.744464 -0.502579 0.439532
0.251074 -0.841498 0.478375
0.888624 -0.446262 0.105818
0.151633 -0.967424 0.202727
0.860200 -0.462398 -0.215044
0.836322 0.510774 -0.199188
0.912787 0.398158 0.091050
0.104476 0.967424 0.230597
0.297996 0.841498 0.450643
-0.603213 0.462401 0.649861
-0.335838 0.446261 0.829496
-0.577811 -0.510773 0.636589
-0.360423 -0.398158 0.843543
-0.000001 -1.000000 0.000001
-0.480107 -0.840662 0.250569
-0.445619 -0.487828 -0.750631
-0.837007 -0.390655 -0.383155
-0.204386 -0.966669 0.154196
-0.634494 -0.492725 -0.595516
-0.652109 0.447316 -0.612096
-0.823195 0.435936 -0.363744
-0.442680 0.487827 -0.752369
-0.233643 0.966670 0.104690
-0.451036 0.840661 0.299758
0.000000 1.000000 0.000001
0.215713 0.492728 0.843022
-0.067986 0.390656 0.918023
0.442681 0.487826 0.752369
0.221745 -0.447314 0.866452
-0.078331 -0.435936 0.896562
0.445620 -0.487828 0.750631
0.480108 -0.840661 -0.250568
0.078333 -0.435937 -0.896562
0.204384 -0.966670 -0.154198
-0.221745 -0.447312 -0.866453
-0.215711 0.492726 -0.843024
0.067988 0.390656 -0.918023
0.233643 0.966670 -0.104695
0.451036 0.840661 -0.299758
0.652108 0.447317 0.612097
0.823195 0.435935 0.363746
0.634492 -0.492727 0.595517
0.837007 -0.390655 0.383154
0.000001 -1.000000 0.000000
0.251189 -0.841661 0.478029
-0.743212 -0.505544 0.438248
-0.355741 -0.399617 0.844840
0.151120 -0.967569 0.202417
-0.574115 -0.514470 0.636956
-0.601423 0.465510 0.649300
-0.330077 0.448293 0.830712
-0.742333 0.505543 0.439737
0.104447 0.967570 0.229999
0.297637 0.841660 0.450577
0.000001 1.000000 0.000001
0.834858 0.514474 -0.195775
0.911664 0.399619 0.095776
0.742333 0.505542 -0.439736
0.858845 -0.465508 -0.213746
0.886911 -0.448294 0.111448
0.743212 -0.505544 -0.438249
-0.251189 -0.841661 -0.478029
-0.886911 -0.448294 -0.111449
-0.151122 -0.967569 -0.202414
-0.858846 -0.465507 0.213746
-0.834859 0.514473 0.195774
-0.911665 0.399617 -0.095778
-0.104452 0.967569 -0.229999
-0.297639 0.841660 -0.450576
0.601421 0.465511 -0.649301
0.330080 0.448293 -0.830710
0.574115 -0.514473 -0.636953
0.355743 -0.399619 -0.844838
0.000001 -1.000000 -0.000001
0.030291 -0.842004 -0.538621
0.858958 -0.511981 0.008179
0.732662 -0.402740 -0.548641
-0.024670 -0.967878 -0.250205
0.813512 -0.522605 -0.255113
0.845897 0.472363 -0.247651
0.701241 0.452655 -0.550785
0.858985 0.511983 0.004299
0.028303 0.967877 -0.249825
-0.022458 0.842007 -0.538999
0.000001 1.000000 0.000000
-0.809726 0.522593 -0.266908
-0.724616 0.402736 -0.559228
-0.858984 0.511985 -0.004297
-0.842205 -0.472369 -0.259919
-0.693167 -0.452653 -0.560915
-0.858957 -0.511983 -0.008179
-0.030290 -0.842003 0.538622
0.693169 -0.452652 0.560913
0.024670 -0.967878 0.250206
0.842206 -0.472368 0.259919
0.809727 0.522593 0.266907
0.724617 0.402736 0.559226
-0.028302 0.967877 0.249826
0.022459 0.842006 0.539000
-0.845898 0.472362 0.247652
-0.701240 0.452654 0.550787
-0.813512 -0.522605 0.255113
-0.732661 -0.402739 0.548644
-0.000001 -1.000000 0.000001
-0.032065 -0.840945 0.540169
-0.870178 -0.492709 -0.005267
-0.754278 -0.393182 0.525806
0.026467 -0.966926 0.253681
-0.832710 -0.498635 0.240743
-0.857681 0.452242 0.244663
-0.729061 0.439392 0.524789
-0.870163 0.492709 -0.007372
-0.030149 0.966926 0.253270
0.024216 0.840945 0.540578
-0.000001 1.000000 0.000000
0.829124 0.498637 0.252814
0.746560 0.393181 0.536710
0.870162 0.492710 0.007371
0.854037 -0.452242 0.257096
0.721360 -0.439393 0.535326
0.870178 -0.492710 0.005268
0.032065 -0.840945 -0.540170
-0.721361 -0.439392 -0.535325
-0.026468 -0.966926 -0.253681
-0.854037 -0.452241 -0.257097
-0.829124 0.498637 -0.252814
-0.746561 0.393180 -0.536708
0.030146 0.966926 -0.253271
-0.024217 0.840945 -0.540579
0.857680 0.452243 -0.244664
0.729062 0.439392 -0.524789
0.832709 -0.498637 -0.240742
0.754278 -0.393182 -0.525807
0.000000 -1.000000 -0.000001
0.478029 -0.841661 -0.251189
0.438248 -0.505544 0.743212
0.844840 -0.399617 0.355741
0.202417 -0.967569 -0.151120
0.636956 -0.514470 0.574115
0.649300 0.465510 0.601423
0.830712 0.448293 0.330077
0.439737 0.505543 0.742333
0.229999 0.967570 -0.104447
0.450577 0.841660 -0.297637
0.000001 1.000000 -0.000001
-0.195775 0.514474 -0.834858
0.095776 0.399619 -0.911664
-0.439736 0.505542 -0.742333
-0.213746 -0.465508 -0.858845
0.111448 -0.448294 -0.886911
-0.438249 -0.505544 -0.743212
-0.478029 -0.841661 0.251189
-0.111449 -0.448294 0.886911
-0.202414 -0.967569 0.151122
0.213746 -0.465507 0.858846
0.195774 0.514473 0.834859
-0.095778 0.399617 0.911665
-0.229999 0.967569 0.104452
-0.450576 0.841660 0.297639
-0.649301 0.465511 -0.601421
-0.830710 0.448293 -0.330080
-0.636953 -0.514473 -0.574115
-0.844838 -0.399619 -0.355743
-0.000000 -1.000000 -0.000000
0.461665 -0.841357 0.281042
-0.412118 -0.500000 0.761682
0.121467 -0.396873 0.909801
0.234908 -0.967296 0.095687
-0.170306 -0.507576 0.844608
-0.183454 0.459721 0.868908
0.134547 0.444483 0.885625
-0.412118 0.500000 0.761681
0.208608 0.967297 0.144288
0.487825 0.841357 0.232692
-0.000000 1.000000 0.000000
0.613823 0.507581 -0.604635
0.828022 0.396876 -0.396067
0.412118 0.500000 -0.761681
0.626974 -0.459719 -0.628937
0.814942 -0.444482 -0.371893
0.412118 -0.500000 -0.761682
-0.461665 -0.841356 -0.281042
-0.814942 -0.444482 0.371894
-0.234909 -0.967296 -0.095687
-0.626974 -0.459719 0.628937
-0.613823 0.507581 0.604635
-0.828022 0.396876 0.396067
-0.208608 0.967297 -0.144288
-0.487826 0.841357 -0.232690
0.183454 0.459721 -0.868908
-0.134548 0.444483 -0.885625
0.170306 -0.507576 -0.844608
-0.121468 -0.396874 -0.909800
0.000001 -1.000000 -0.000000
0.012556 -0.841357 -0.540334
0.865694 -0.500000 -0.023937
0.727176 -0.396874 -0.560094
-0.034591 -0.967296 -0.251279
0.816605 -0.507575 -0.274815
0.844223 0.459721 -0.275580
0.699701 0.444482 -0.559334
0.865695 0.499999 -0.023937
0.020650 0.967296 -0.252807
-0.042397 0.841356 -0.538816
0.000001 1.000000 -0.000000
-0.830541 0.507580 -0.229270
-0.757015 0.396876 -0.519055
-0.865695 0.500000 0.023937
-0.858164 -0.459717 -0.228505
-0.729539 -0.444483 -0.519815
-0.865694 -0.500001 0.023937
-0.012554 -0.841357 0.540334
0.729539 -0.444483 0.519815
0.034592 -0.967296 0.251280
0.858165 -0.459715 0.228504
0.830542 0.507579 0.229270
0.757015 0.396875 0.519055
-0.020649 0.967297 0.252806
0.042397 0.841356 0.538816
-0.844223 0.459721 0.275580
-0.699700 0.444483 0.559335
-0.816606 -0.507574 0.274817
-0.727177 -0.396873 0.560095
-0.000000 -1.000000 -0.000001
-0.474222 -0.841357 0.259292
-0.453577 -0.500000 -0.737745
-0.848643 -0.396874 -0.349707
-0.200318 -0.967297 0.155595
-0.646297 -0.507579 -0.569792
-0.660770 0.459720 -0.593329
-0.834248 0.444482 -0.326292
-0.453577 0.500000 -0.737745
-0.229262 0.967297 0.108520
-0.445430 0.841357 0.306123
-0.000001 1.000000 -0.000001
0.216716 0.507578 0.833905
-0.071007 0.396874 0.915122
0.453577 0.500000 0.737745
0.231188 -0.459720 0.857444
-0.085403 -0.444483 0.891707
0.453577 -0.500000 0.737745
0.474220 -0.841357 -0.259293
0.085401 -0.444482 -0.891707
0.200318 -0.967297 -0.155594
-0.231190 -0.459720 -0.857443
-0.216719 0.507578 -0.833905
0.071006 0.396875 -0.915122
0.229261 0.967297 -0.108518
0.445429 0.841357 -0.306124
0.660769 0.459720 0.593330
0.834248 0.444483 0.326291
0.646297 -0.507578 0.569793
0.848643 -0.396875 0.349706
756
0 0 1 2 0 1 2 1
0 3 1 0 3 1 0 1
0 4 1 3 4 1 3 1
0 5 1 4 5 1 4 1
0 6 1 5 6 1 5 1
0 2 1 6 2 1 6 1
0 7 8 9 7 8 9 1
0 10 7 9 10 7 9 1
0 11 10 9 11 10 9 1
0 12 11 9 12 11 9 1
0 13 12 9 13 12 9 1
0 8 13 9 8 13 9 1
0 14 15 16 14 15 16 1
0 17 15 14 17 15 14 1
0 18 15 17 18 15 17 1
0 19 15 18 19 15 18 1
0 20 15 19 20 15 19 1
0 16 15 20 16 15 20 1
0 21 22 23 21 22 23 1
0 24 21 23 24 21 23 1
0 25 24 23 25 24 23 1
0 26 25 23 26 25 23 1
0 27 26 23 27 26 23 1
0 22 27 23 22 27 23 1
0 28 29 30 28 29 30 1
0 31 29 28 31 29 28 1
0 32 29 31 32 29 31 1
0 33 29 32 33 29 32 1
0 34 29 33 34 29 33 1
0 30 29 34 30 29 34 1
0 35 36 37 35 36 37 1
0 38 35 37 38 35 37 1
0 39 38 37 39 38 37 1
0 40 39 37 40 39 37 1
0 41 40 37 41 40 37 1
0 36 41 37 36 41 37 1
0 42 43 44 42 43 44 1
0 45 43 42 45 43 42 1
0 46 43 45 46 43 45 1
0 47 43 46 47 43 46 1
0 48 43 47 48 43 47 1
0 44 43 48 44 43 48 1
0 49 50 51 49 50 51 1
0 52 49 51 52 49 51 1
0 53 52 51 53 52 51 1
0 54 53 51 54 53 51 1
0 55 54 51 55 54 51 1
0 50 55 51 50 55 51 1
0 56 57 58 56 57 58 1
0 59 57 56 59 57 56 1
0 60 57 59 60 57 59 1
0 61 57 60 61 57 60 1
0 62 57 61 62 57 61 1
0 58 57 62 58 57 62 1
0 63 64 65 63 64 65 1
0 66 63 65 66 63 65 1
0 67 66 65 67 66 65 1
0 68 67 65 68 67 65 1
0 69 68 65 69 68 65 1
0 64 69 65 64 69 65 1
0 70 71 72 70 71 72 1
0 73 71 70 73 71 70 1
0 74 71 73 74 71 73 1
0 75 71 74 75 71 74 1
0 76 71 75 76 71 75 1
0 72 71 76 72 71 76 1
0 77 78 79 77 78 79 1
0 80 77 79 80 77 79 1
0 81 80 79 81 80 79 1
0 82 81 79 82 81 79 1
0 83 82 79 83 82 79 1
0 78 83 79 78 83 79 1
0 84 85 86 84 85 86 1
0 87 85 84 87 85 84 1
0 88 85 87 88 85 87 1
0 89 85 88 89 85 88 1
0 90 85 89 90 85 89 1
0 86 85 90 86 85 90 1
0 91 92 93 91 92 93 1
0 94 91 93 94 91 93 1
0 95 94 93 95 94 93 1
0 96 95 93 96 95 93 1
0 97 96 93 97 96 93 1
0 92 97 93 92 97 93 1
0 98 99 100 98 99 100 1
0 101 99 98 101 99 98 1
0 102 99 101 102 99 101 1
0 103 99 102 103 99 102 1
0 104 99 103 104 99 103 1
0 100 99 104 100 99 104 1
0 105 106 107 105 106 107 1
0 108 105 107 108 105 107 1
0 109 108 107 109 108 107 1
0 110 109 107 110 109 107 1
0 111 110 107 111 110 107 1
0 106 111 107 106 111 107 1
0 112 113 114 112 113 114 1
0 115 113 112 115 113 112 1
0 116 113 115 116 113 115 1
0 117 113 116 117 113 116 1
0 118 113 117 118 113 117 1
0 114 113 118 114 113 118 1
0 119 120 121 119 120 121 1
0 122 119 121 122 119 121 1
0 123 122 121 123 122 121 1
0 124 123 121 124 123 121 1
0 125 124 121 125 124 121 1
0 120 125 121 120 125 121 1
0 126 127 128 126 127 128 1
0 127 129 128 127 129 128 1
0 127 130 129 127 130 129 1
0 130 131 129 130 131 129 1
0 130 44 131 130 44 131 1
0 44 48 131 44 48 131 1
0 131 48 132 131 48 132 1
0 48 47 132 48 47 132 1
0 129 131 133 129 131 133 1
0 131 132 133 131 132 133 1
0 128 129 134 128 129 134 1
0 129 133 134 129 133 134 1
0 132 47 135 132 47 135 1
0 47 46 135 47 46 135 1
0 133 132 136 133 132 136 1
0 132 135 136 132 135 136 1
0 134 133 137 134 133 137 1
0 133 136 137 133 136 137 1
0 135 46 138 135 46 138 1
0 46 45 138 46 45 138 1
0 136 135 139 136 135 139 1
0 135 138 139 135 138 139 1
0 137 136 140 137 136 140 1
0 136 139 140 136 139 140 1
0 138 45 141 138 45 141 1
0 45 42 141 45 42 141 1
0 139 138 142 139 138 142 1
0 138 141 142 138 141 142 1
0 143 142 126 143 142 126 1
0 142 127 126 142 127 126 1
0 142 141 127 142 141 127 1
0 141 130 127 141 130 127 1
0 141 42 130 141 42 130 1
0 42 44 130 42 44 130 1
0 140 139 143 140 139 143 1
0 139 142 143 139 142 143 1
0 144 126 145 144 126 145 1
0 126 128 145 126 128 145 1
0 146 144 147 146 144 147 1
0 144 145 147 144 145 147 1
0 50 146 55 50 146 55 1
0 146 147 55 146 147 55 1
0 55 147 54 55 147 54 1
0 147 148 54 147 148 54 1
0 147 145 148 147 145 148 1
0 145 149 148 145 149 148 1
0 145 128 149 145 128 149 1
0 128 134 149 128 134 149 1
0 54 148 53 54 148 53 1
0 148 150 53 148 150 53 1
0 148 149 150 148 149 150 1
0 149 151 150 149 151 150 1
0 149 134 151 149 134 151 1
0 134 137 151 134 137 151 1
0 53 150 52 53 150 52 1
0 150 152 52 150 152 52 1
0 150 151 152 150 151 152 1
0 151 153 152 151 153 152 1
0 151 137 153 151 137 153 1
0 137 140 153 137 140 153 1
0 52 152 49 52 152 49 1
0 152 154 49 152 154 49 1
0 152 153 154 152 153 154 1
0 153 155 154 153 155 154 1
0 155 143 144 155 143 144 1
0 143 126 144 143 126 144 1
0 154 155 146 154 155 146 1
0 155 144 146 155 144 146 1
0 49 154 50 49 154 50 1
0 154 146 50 154 146 50 1
0 153 140 155 153 140 155 1
0 140 143 155 140 143 155 1
0 156 157 158 156 157 158 1
0 157 159 158 157 159 158 1
0 157 160 159 157 160 159 1
0 160 161 159 160 161 159 1
0 160 58 161 160 58 161 1
0 58 62 161 58 62 161 1
0 161 62 162 161 62 162 1
0 62 61 162 62 61 162 1
0 159 161 163 159 161 163 1
0 161 162 163 161 162 163 1
0 158 159 164 158 159 164 1
0 159 163 164 159 163 164 1
0 162 61 165 162 61 165 1
0 61 60 165 61 60 165 1
0 163 162 166 163 162 166 1
0 162 165 166 162 165 166 1
0 164 163 167 164 163 167 1
0 163 166 167 163 166 167 1
0 165 60 168 165 60 168 1
0 60 59 168 60 59 168 1
0 166 165 169 166 165 169 1
0 165 168 169 165 168 169 1
0 167 166 170 167 166 170 1
0 166 169 170 166 169 170 1
0 168 59 171 168 59 171 1
0 59 56 171 59 56 171 1
0 169 168 172 169 168 172 1
0 168 171 172 168 171 172 1
0 173 172 156 173 172 156 1
0 172 157 156 172 157 156 1
0 172 171 157 172 171 157 1
0 171 160 157 171 160 157 1
0 171 56 160 171 56 160 1
0 56 58 160 56 58 160 1
0 170 169 173 170 169 173 1
0 169 172 173 169 172 173 1
0 174 156 175 174 156 175 1
0 156 158 175 156 158 175 1
0 176 174 177 176 174 177 1
0 174 175 177 174 175 177 1
0 64 176 69 64 176 69 1
0 176 177 69 176 177 69 1
0 69 177 68 69 177 68 1
0 177 178 68 177 178 68 1
0 177 175 178 177 175 178 1
0 175 179 178 175 179 178 1
0 175 158 179 175 158 179 1
0 158 164 179 158 164 179 1
0 68 178 67 68 178 67 1
0 178 180 67 178 180 67 1
0 178 179 180 178 179 180 1
0 179 181 180 179 181 180 1
0 179 164 181 179 164 181 1
0 164 167 181 164 167 181 1
0 67 180 66 67 180 66 1
0 180 182 66 180 182 66 1
0 180 181 182 180 181 182 1
0 181 183 182 181 183 182 1
0 181 167 183 181 167 183 1
0 167 170 183 167 170 183 1
0 66 182 63 66 182 63 1
0 182 184 63 182 184 63 1
0 182 183 184 182 183 184 1
0 183 185 184 183 185 184 1
0 185 173 174 185 173 174 1
0 173 156 174 173 156 174 1
0 184 185 176 184 185 176 1
0 185 174 176 185 174 176 1
0 63 184 64 63 184 64 1
0 184 176 64 184 176 64 1
0 183 170 185 183 170 185 1
0 170 173 185 170 173 185 1
0 186 187 188 186 187 188 1
0 187 189 188 187 189 188 1
0 187 190 189 187 190 189 1
0 190 191 189 190 191 189 1
0 190 72 191 190 72 191 1
0 72 76 191 72 76 191 1
0 191 76 192 191 76 192 1
0 76 75 192 76 75 192 1
0 189 191 193 189 191 193 1
0 191 192 193 191 192 193 1
0 188 189 194 188 189 194 1
0 189 193 194 189 193 194 1
0 192 75 195 192 75 195 1
0 75 74 195 75 74 195 1
0 193 192 196 193 192 196 1
0 192 195 196 192 195 196 1
0 194 193 197 194 193 197 1
0 193 196 197 193 196 197 1
0 195 74 198 195 74 198 1
0 74 73 198 74 73 198 1
0 196 195 199 196 195 199 1
0 195 198 199 195 198 199 1
0 197 196 200 197 196 200 1
0 196 199 200 196 199 200 1
0 198 73 201 198 73 201 1
0 73 70 201 73 70 201 1
0 199 198 202 199 198 202 1
0 198 201 202 198 201 202 1
0 203 202 186 203 202 186 1
0 202 187 186 202 187 186 1
0 202 201 187 202 201 187 1
0 201 190 187 201 190 187 1
0 201 70 190 201 70 190 1
0 70 72 190 70 72 190 1
0 200 199 203 200 199 203 1
0 199 202 203 199 202 203 1
0 204 186 205 204 186 205 1
0 186 188 205 186 188 205 1
0 206 204 207 206 204 207 1
0 204 205 207 204 205 207 1
0 78 206 83 78 206 83 1
0 206 207 83 206 207 83 1
0 83 207 82 83 207 82 1
0 207 208 82 207 208 82 1
0 207 205 208 207 205 208 1
0 205 209 208 205 209 208 1
0 205 188 209 205 188 209 1
0 188 194 209 188 194 209 1
0 82 208 81 82 208 81 1
0 208 210 81 208 210 81 1
0 208 209 210 208 209 210 1
0 209 211 210 209 211 210 1
0 209 194 211 209 194 211 1
0 194 197 211 194 197 211 1
0 81 210 80 81 210 80 1
0 210 212 80 210 212 80 1
0 210 211 212 210 211 212 1
0 211 213 212 211 213 212 1
0 211 197 213 211 197 213 1
0 197 200 213 197 200 213 1
0 80 212 77 80 212 77 1
0 212 214 77 212 214 77 1
0 212 213 214 212 213 214 1
0 213 215 214 213 215 214 1
0 215 203 204 215 203 204 1
0 203 186 204 203 186 204 1
0 214 215 206 214 215 206 1
0 215 204 206 215 204 206 1
0 77 214 78 77 214 78 1
0 214 206 78 214 206 78 1
0 213 200 215 213 200 215 1
0 200 203 215 200 203 215 1
0 216 217 218 216 217 218 1
0 217 219 218 217 219 218 1
0 217 220 219 217 220 219 1
0 220 221 219 220 221 219 1
0 220 86 221 220 86 221 1
0 86 90 221 86 90 221 1
0 221 90 222 221 90 222 1
0 90 89 222 90 89 222 1
0 219 221 223 219 221 223 1
0 221 222 223 221 222 223 1
0 218 219 224 218 219 224 1
0 219 223 224 219 223 224 1
0 222 89 225 222 89 225 1
0 89 88 225 89 88 225 1
0 223 222 226 223 222 226 1
0 222 225 226 222 225 226 1
0 224 223 227 224 223 227 1
0 223 226 227 223 226 227 1
0 225 88 228 225 88 228 1
0 88 87 228 88 87 228 1
0 226 225 229 226 225 229 1
0 225 228 229 225 228 229 1
0 227 226 230 227 226 230 1
0 226 229 230 226 229 230 1
0 228 87 231 228 87 231 1
0 87 84 231 87 84 231 1
0 229 228 232 229 228 232 1
0 228 231 232 228 231 232 1
0 233 232 216 233 232 216 1
0 232 217 216 232 217 216 1
0 232 231 217 232 231 217 1
0 231 220 217 231 220 217 1
0 231 84 220 231 84 220 1
0 84 86 220 84 86 220 1
0 230 229 233 230 229 233 1
0 229 232 233 229 232 233 1
0 234 216 235 234 216 235 1
0 216 218 235 216 218 235 1
0 236 234 237 236 234 237 1
0 234 235 237 234 235 237 1
0 92 236 97 92 236 97 1
0 236 237 97 236 237 97 1
0 97 237 96 97 237 96 1
0 237 238 96 237 238 96 1
0 237 235 238 237 235 238 1
0 235 239 238 235 239 238 1
0 235 218 239 235 218 239 1
0 218 224 239 218 224 239 1
0 96 238 95 96 238 95 1
0 238 240 95 238 240 95 1
0 238 239 240 238 239 240 1
0 239 241 240 239 241 240 1
0 239 224 241 239 224 241 1
0 224 227 241 224 227 241 1
0 95 240 94 95 240 94 1
0 240 242 94 240 242 94 1
0 240 241 242 240 241 242 1
0 241 243 242 241 243 242 1
0 241 227 243 241 227 243 1
0 227 230 243 227 230 243 1
0 94 242 91 94 242 91 1
0 242 244 91 242 244 91 1
0 242 243 244 242 243 244 1
0 243 245 244 243 245 244 1
0 245 233 234 245 233 234 1
0 233 216 234 233 216 234 1
0 244 245 236 244 245 236 1
0 245 234 236 245 234 236 1
0 91 244 92 91 244 92 1
0 244 236 92 244 236 92 1
0 243 230 245 243 230 245 1
0 230 233 245 230 233 245 1
0 246 247 248 246 247 248 1
0 247 249 248 247 249 248 1
0 247 250 249 247 250 249 1
0 250 251 249 250 251 249 1
0 250 100 251 250 100 251 1
0 100 104 251 100 104 251 1
0 251 104 252 251 104 252 1
0 104 103 252 104 103 252 1
0 249 251 253 249 251 253 1
0 251 252 253 251 252 253 1
0 248 249 254 248 249 254 1
0 249 253 254 249 253 254 1
0 252 103 255 252 103 255 1
0 103 102 255 103 102 255 1
0 253 252 256 253 252 256 1
0 252 255 256 252 255 256 1
0 254 253 257 254 253 257 1
0 253 256 257 253 256 257 1
0 255 102 258 255 102 258 1
0 102 101 258 102 101 258 1
0 256 255 259 256 255 259 1
0 255 258 259 255 258 259 1
0 257 256 260 257 256 260 1
0 256 259 260 256 259 260 1
0 258 101 261 258 101 261 1
0 101 98 261 101 98 261 1
0 259 258 262 259 258 262 1
0 258 261 262 258 261 262 1
0 263 262 246 263 262 246 1
0 262 247 246 262 247 246 1
0 262 261 247 262 261 247 1
0 261 250 247 261 250 247 1
0 261 98 250 261 98 250 1
0 98 100 250 98 100 250 1
0 260 259 263 260 259 263 1
0 259 262 263 259 262 263 1
0 264 246 265 264 246 265 1
0 246 248 265 246 248 265 1
0 266 264 267 266 264 267 1
0 264 265 267 264 265 267 1
0 106 266 111 106 266 111 1
0 266 267 111 266 267 111 1
0 111 267 110 111 267 110 1
0 267 268 110 267 268 110 1
0 267 265 268 267 265 268 1
0 265 269 268 265 269 268 1
0 265 248 269 265 248 269 1
0 248 254 269 248 254 269 1
0 110 268 109 110 268 109 1
0 268 270 109 268 270 109 1
0 268 269 270 268 269 270 1
0 269 271 270 269 271 270 1
0 269 254 271 269 254 271 1
0 254 257 271 254 257 271 1
0 109 270 108 109 270 108 1
0 270 272 108 270 272 108 1
0 270 271 272 270 271 272 1
0 271 273 272 271 273 272 1
0 271 257 273 271 257 273 1
0 257 260 273 257 260 273 1
0 108 272 105 108 272 105 1
0 272 274 105 272 274 105 1
0 272 273 274 272 273 274 1
0 273 275 274 273 275 274 1
0 275 263 264 275 263 264 1
0 263 246 264 263 246 264 1
0 274 275 266 274 275 266 1
0 275 264 266 275 264 266 1
0 105 274 106 105 274 106 1
0 274 266 106 274 266 106 1
0 273 260 275 273 260 275 1
0 260 263 275 260 263 275 1
0 276 277 278 276 277 278 1
0 277 279 278 277 279 278 1
0 277 280 279 277 280 279 1
0 280 281 279 280 281 279 1
0 280 114 281 280 114 281 1
0 114 118 281 114 118 281 1
0 281 118 282 281 118 282 1
0 118 117 282 118 117 282 1
0 279 281 283 279 281 283 1
0 281 282 283 281 282 283 1
0 278 279 284 278 279 284 1
0 279 283 284 279 283 284 1
0 282 117 285 282 117 285 1
0 117 116 285 117 116 285 1
0 283 282 286 283 282 286 1
0 282 285 286 282 285 286 1
0 284 283 287 284 283 287 1
0 283 286 287 283 286 287 1
0 285 116 288 285 116 288 1
0 116 115 288 116 115 288 1
0 286 285 289 286 285 289 1
0 285 288 289 285 288 289 1
0 287 286 290 287 286 290 1
0 286 289 290 286 289 290 1
0 288 115 291 288 115 291 1
0 115 112 291 115 112 291 1
0 289 288 292 289 288 292 1
0 288 291 292 288 291 292 1
0 293 292 276 293 292 276 1
0 292 277 276 292 277 276 1
0 292 291 277 292 291 277 1
0 291 280 277 291 280 277 1
0 291 112 280 291 112 280 1
0 112 114 280 112 114 280 1
0 290 289 293 290 289 293 1
0 289 292 293 289 292 293 1
0 294 276 295 294 276 295 1
0 276 278 295 276 278 295 1
0 296 294 297 296 294 297 1
0 294 295 297 294 295 297 1
0 120 296 125 120 296 125 1
0 296 297 125 296 297 125 1
0 125 297 124 125 297 124 1
0 297 298 124 297 298 124 1
0 297 295 298 297 295 298 1
0 295 299 298 295 299 298 1
0 295 278 299 295 278 299 1
0 278 284 299 278 284 299 1
0 124 298 123 124 298 123 1
0 298 300 123 298 300 123 1
0 298 299 300 298 299 300 1
0 299 301 300 299 301 300 1
0 299 284 301 299 284 301 1
0 284 287 301 284 287 301 1
0 123 300 122 123 300 122 1
0 300 302 122 300 302 122 1
0 300 301 302 300 301 302 1
0 301 303 302 301 303 302 1
0 301 287 303 301 287 303 1
0 287 290 303 287 290 303 1
0 122 302 119 122 302 119 1
0 302 304 119 302 304 119 1
0 302 303 304 302 303 304 1
0 303 305 304 303 305 304 1
0 305 293 294 305 293 294 1
0 293 276 294 293 276 294 1
0 304 305 296 304 305 296 1
0 305 294 296 305 294 296 1
0 119 304 120 119 304 120 1
0 304 296 120 304 296 120 1
0 303 290 305 303 290 305 1
0 290 293 305 290 293 305 1
0 306 307 308 306 307 308 1
0 307 309 308 307 309 308 1
0 307 310 309 307 310 309 1
0 310 311 309 310 311 309 1
0 310 2 311 310 2 311 1
0 2 6 311 2 6 311 1
0 311 6 312 311 6 312 1
0 6 5 312 6 5 312 1
0 309 311 313 309 311 313 1
0 311 312 313 311 312 313 1
0 308 309 314 308 309 314 1
0 309 313 314 309 313 314 1
0 312 5 315 312 5 315 1
0 5 4 315 5 4 315 1
0 313 312 316 313 312 316 1
0 312 315 316 312 315 316 1
0 314 313 317 314 313 317 1
0 313 316 317 313 316 317 1
0 315 4 318 315 4 318 1
0 4 3 318 4 3 318 1
0 316 315 319 316 315 319 1
0 315 318 319 315 318 319 1
0 317 316 320 317 316 320 1
0 316 319 320 316 319 320 1
0 318 3 321 318 3 321 1
0 3 0 321 3 0 321 1
0 319 318 322 319 318 322 1
0 318 321 322 318 321 322 1
0 323 322 306 323 322 306 1
0 322 307 306 322 307 306 1
0 322 321 307 322 321 307 1
0 321 310 307 321 310 307 1
0 321 0 310 321 0 310 1
0 0 2 310 0 2 310 1
0 320 319 323 320 319 323 1
0 319 322 323 319 322 323 1
0 324 306 325 324 306 325 1
0 306 308 325 306 308 325 1
0 326 324 327 326 324 327 1
0 324 325 327 324 325 327 1
0 8 326 13 8 326 13 1
0 326 327 13 326 327 13 1
0 13 327 12 13 327 12 1
0 327 328 12 327 328 12 1
0 327 325 328 327 325 328 1
0 325 329 328 325 329 328 1
0 325 308 329 325 308 329 1
0 308 314 329 308 314 329 1
0 12 328 11 12 328 11 1
0 328 330 11 328 330 11 1
0 328 329 330 328 329 330 1
0 329 331 330 329 331 330 1
0 329 314 331 329 314 331 1
0 314 317 331 314 317 331 1
0 11 330 10 11 330 10 1
0 330 332 10 330 332 10 1
0 330 331 332 330 331 332 1
0 331 333 332 331 333 332 1
0 331 317 333 331 317 333 1
0 317 320 333 317 320 333 1
0 10 332 7 10 332 7 1
0 332 334 7 332 334 7 1
0 332 333 334 332 333 334 1
0 333 335 334 333 335 334 1
0 335 323 324 335 323 324 1
0 323 306 324 323 306 324 1
0 334 335 326 334 335 326 1
0 335 324 326 335 324 326 1
0 7 334 8 7 334 8 1
0 334 326 8 334 326 8 1
0 333 320 335 333 320 335 1
0 320 323 335 320 323 335 1
0 336 337 338 336 337 338 1
0 337 339 338 337 339 338 1
0 337 340 339 337 340 339 1
0 340 341 339 340 341 339 1
0 340 16 341 340 16 341 1
0 16 20 341 16 20 341 1
0 341 20 342 341 20 342 1
0 20 19 342 20 19 342 1
0 339 341 343 339 341 343 1
0 341 342 343 341 342 343 1
0 338 339 344 338 339 344 1
0 339 343 344 339 343 344 1
0 342 19 345 342 19 345 1
0 19 18 345 19 18 345 1
0 343 342 346 343 342 346 1
0 342 345 346 342 345 346 1
0 344 343 347 344 343 347 1
0 343 346 347 343 346 347 1
0 345 18 348 345 18 348 1
0 18 17 348 18 17 348 1
0 346 345 349 346 345 349 1
0 345 348 349 345 348 349 1
0 347 346 350 347 346 350 1
0 346 349 350 346 349 350 1
0 348 17 351 348 17 351 1
0 17 14 351 17 14 351 1
0 349 348 352 349 348 352 1
0 348 351 352 348 351 352 1
0 353 352 336 353 352 336 1
0 352 337 336 352 337 336 1
0 352 351 337 352 351 337 1
0 351 340 337 351 340 337 1
0 351 14 340 351 14 340 1
0 14 16 340 14 16 340 1
0 350 349 353 350 349 353 1
0 349 352 353 349 352 353 1
0 354 336 355 354 336 355 1
0 336 338 355 336 338 355 1
0 356 354 357 356 354 357 1
0 354 355 357 354 355 357 1
0 22 356 27 22 356 27 1
0 356 357 27 356 357 27 1
0 27 357 26 27 357 26 1
0 357 358 26 357 358 26 1
0 357 355 358 357 355 358 1
0 355 359 358 355 359 358 1
0 355 338 359 355 338 359 1
0 338 344 359 338 344 359 1
0 26 358 25 26 358 25 1
0 358 360 25 358 360 25 1
0 358 359 360 358 359 360 1
0 359 361 360 359 361 360 1
0 359 344 361 359 344 361 1
0 344 347 361 344 347 361 1
0 25 360 24 25 360 24 1
0 360 362 24 360 362 24 1
0 360 361 362 360 361 362 1
0 361 363 362 361 363 362 1
0 361 347 363 361 347 363 1
0 347 350 363 347 350 363 1
0 24 362 21 24 362 21 1
0 362 364 21 362 364 21 1
0 362 363 364 362 363 364 1
0 363 365 364 363 365 364 1
0 365 353 354 365 353 354 1
0 353 336 354 353 336 354 1
0 364 365 356 364 365 356 1
0 365 354 356 365 354 356 1
0 21 364 22 21 364 22 1
0 364 356 22 364 356 22 1
0 363 350 365 363 350 365 1
0 350 353 365 350 353 365 1
0 366 367 368 366 367 368 1
0 367 369 368 367 369 368 1
0 367 370 369 367 370 369 1
0 370 371 369 370 371 369 1
0 370 30 371 370 30 371 1
0 30 34 371 30 34 371 1
0 371 34 372 371 34 372 1
0 34 33 372 34 33 372 1
0 369 371 373 369 371 373 1
0 371 372 373 371 372 373 1
0 368 369 374 368 369 374 1
0 369 373 374 369 373 374 1
0 372 33 375 372 33 375 1
0 33 32 375 33 32 375 1
0 373 372 376 373 372 376 1
0 372 375 376 372 375 376 1
0 374 373 377 374 373 377 1
0 373 376 377 373 376 377 1
0 375 32 378 375 32 378 1
0 32 31 378 32 31 378 1
0 376 375 379 376 375 379 1
0 375 378 379 375 378 379 1
0 377 376 380 377 376 380 1
0 376 379 380 376 379 380 1
0 378 31 381 378 31 381 1
0 31 28 381 31 28 381 1
0 379 378 382 379 378 382 1
0 378 381 382 378 381 382 1
0 383 382 366 383 382 366 1
0 382 367 366 382 367 366 1
0 382 381 367 382 381 367 1
0 381 370 367 381 370 367 1
0 381 28 370 381 28 370 1
0 28 30 370 28 30 370 1
0 380 379 383 380 379 383 1
0 379 382 383 379 382 383 1
0 384 366 385 384 366 385 1
0 366 368 385 366 368 385 1
0 386 384 387 386 384 387 1
0 384 385 387 384 385 387 1
0 36 386 41 36 386 41 1
0 386 387 41 386 387 41 1
0 41 387 40 41 387 40 1
0 387 388 40 387 388 40 1
0 387 385 388 387 385 388 1
0 385 389 388 385 389 388 1
0 385 368 389 385 368 389 1
0 368 374 389 368 374 389 1
0 40 388 39 40 388 39 1
0 388 390 39 388 390 39 1
0 388 389 390 388 389 390 1
0 389 391 390 389 391 390 1
0 389 374 391 389 374 391 1
0 374 377 391 374 377 391 1
0 39 390 38 39 390 38 1
0 390 392 38 390 392 38 1
0 390 391 392 390 391 392 1
0 391 393 392 391 393 392 1
0 391 377 393 391 377 393 1
0 377 380 393 377 380 393 1
0 38 392 35 38 392 35 1
0 392 394 35 392 394 35 1
0 392 393 394 392 393 394 1
0 393 395 394 393 395 394 1
0 395 383 384 395 383 384 1
0 383 366 384 383 366 384 1
0 394 395 386 394 395 386 1
0 395 384 386 395 384 386 1
0 35 394 36 35 394 36 1
0 394 386 36 394 386 36 1
0 393 380 395 393 380 395 1
0 380 383 395 380 383 395 1

Materials: 1
"Tex_0002_0_dds"
1.000000 1.000000 1.000000 1.000000
0.800000 0.800000 0.800000 1.000000
0.498039 0.498039 0.498039 1.000000
1.000000 1.000000 1.000000 1.000000
0.185600
1.000000
"Tex_0002_0.png"
""

Bones: 1
"Rotacion1"
""
8 0.000000 0.000000 0.000000 0.000000 -0.000000 0.000000
5
0.000000 0.000000 0.000000 0.000000
200.000000 0.000000 0.000000 0.000000
400.000000 0.000000 0.000000 0.000000
600.000000 0.000000 0.000000 0.000000
800.000000 0.000000 0.000000 0.000000
5
0.000000 0.000000 -0.000000 0.000000
200.000000 -0.000000 1.570796 0.000000
400.000000 3.141592 0.000001 3.141592
600.000000 0.000000 -1.570795 0.000000
800.000000 0.000000 -0.000001 0.000000
GroupComments: 0
MaterialComments: 0
BoneComments: 0
ModelComment: 0
