// MilkShape 3D ASCII

Frames: 30
Frame: 1

Meshes: 1
"Tex_0008_0_dds" 0 0
288
0 -4.944611 3.317421 3.662985 0.207031 1.152100 0
0 -5.094511 3.395901 3.392558 0.263916 1.136353 0
0 -5.095898 3.584172 3.390076 0.262207 1.109619 0
0 -4.811508 3.601437 3.903115 0.169800 1.105103 0
0 -5.189235 3.693345 3.221670 0.297607 1.093384 0
0 -5.301371 3.500282 3.019372 0.325195 1.118225 0
0 -5.301371 3.798142 3.019372 0.324707 1.070129 0
0 -5.125926 3.034599 3.335887 0.269531 1.190918 0
0 -5.195047 3.181094 3.211183 0.296143 1.170288 0
0 -5.118590 3.325295 3.349118 0.271484 1.146851 0
0 -5.508286 3.395901 2.646216 0.263916 1.136353 0
0 -5.658225 3.317421 2.375812 0.207031 1.152100 0
0 -5.506918 3.584172 2.648705 0.262207 1.109619 0
0 -5.791366 3.601437 2.135701 0.169800 1.105103 0
0 -5.413534 3.693345 2.817089 0.297607 1.093384 0
0 -5.407719 3.181094 2.827577 0.296143 1.170288 0
0 -5.476866 3.034599 2.702883 0.269531 1.190918 0
0 -5.484202 3.325295 2.689651 0.271484 1.146851 0
0 -9.947263 5.494664 -0.158356 0.534668 1.152100 0
0 -9.955182 5.552598 -0.386482 0.591309 1.136353 0
0 -9.955263 5.691594 -0.388577 0.589844 1.109619 0
0 -9.940236 5.704339 0.044212 0.497314 1.105103 0
0 -9.960183 5.772191 -0.530642 0.625000 1.093384 0
0 -9.966092 5.629659 -0.701300 0.652832 1.118225 0
0 -9.966092 5.849561 -0.701300 0.652344 1.070129 0
0 -9.956840 5.285863 -0.434289 0.597168 1.190918 0
0 -9.960487 5.394017 -0.539484 0.624023 1.170288 0
0 -9.956449 5.500474 -0.423131 0.599121 1.146851 0
0 -9.977065 5.552598 -1.016108 0.591309 1.136353 0
0 -9.985001 5.494664 -1.244237 0.534668 1.152100 0
0 -9.976990 5.691594 -1.014015 0.589844 1.109619 0
0 -9.992072 5.704339 -1.446800 0.497314 1.105103 0
0 -9.972053 5.772191 -0.871949 0.625000 1.093384 0
0 -9.971733 5.394017 -0.863103 0.624023 1.170288 0
0 -9.975396 5.285863 -0.968303 0.597168 1.190918 0
0 -9.975785 5.500474 -0.979468 0.599121 1.146851 0
0 -0.440906 5.080205 -8.757490 0.370361 1.152100 0
0 -0.137005 5.157350 -8.752114 0.427246 1.136353 0
0 -0.134211 5.342427 -8.752067 0.425537 1.109619 0
0 -0.710759 5.359403 -8.762267 0.333008 1.105103 0
0 0.055038 5.449750 -8.748709 0.460938 1.093384 0
0 0.282377 5.259961 -8.744690 0.488525 1.118225 0
0 0.282377 5.552770 -8.744690 0.488037 1.070129 0
0 -0.073321 4.802178 -8.750979 0.432617 1.190918 0
0 0.066823 4.946187 -8.748498 0.459473 1.170288 0
0 -0.088191 5.087945 -8.751240 0.434570 1.146851 0
0 0.701763 5.157350 -8.737322 0.427246 1.136353 0
0 1.005663 5.080205 -8.731990 0.370361 1.152100 0
0 0.698967 5.342427 -8.737384 0.425537 1.109619 0
0 1.275511 5.359403 -8.727245 0.333008 1.105103 0
0 0.509715 5.449750 -8.740687 0.460938 1.093384 0
0 0.497928 4.946187 -8.740896 0.459473 1.170288 0
0 0.638076 4.802178 -8.738441 0.432617 1.190918 0
0 0.652946 5.087945 -8.738183 0.434570 1.146851 0
0 5.637292 7.179709 2.677387 0.534668 1.152100 0
0 5.442255 7.270597 2.977713 0.591797 1.136353 0
0 5.440471 7.488645 2.980479 0.589844 1.109619 0
0 5.810475 7.508645 2.410708 0.497559 1.105103 0
0 5.319008 7.615088 3.167494 0.625488 1.093384 0
0 5.173111 7.391489 3.392160 0.652832 1.118225 0
0 5.173111 7.736465 3.392160 0.652344 1.070129 0
0 5.401387 6.852149 3.040649 0.597168 1.190918 0
0 5.311446 7.021813 3.179141 0.624023 1.170288 0
0 5.410929 7.188827 3.025955 0.599121 1.146851 0
0 4.904026 7.270597 3.806646 0.591797 1.136353 0
0 4.709036 7.179709 4.107004 0.534668 1.152100 0
0 4.905824 7.488645 3.803892 0.589844 1.109619 0
0 4.535891 7.508645 4.373707 0.497559 1.105103 0
0 5.027242 7.615088 3.616846 0.625488 1.093384 0
0 5.034801 7.021813 3.605197 0.624023 1.170288 0
0 4.944886 6.852149 3.743706 0.597168 1.190918 0
0 4.935349 7.188827 3.758401 0.599121 1.146851 0
0 -5.817755 7.179709 -2.468703 0.534668 1.152100 0
0 -5.622722 7.270597 -2.769031 0.591797 1.136353 0
0 -5.620935 7.488645 -2.771794 0.589844 1.109619 0
0 -5.990938 7.508645 -2.202025 0.497559 1.105103 0
0 -5.499474 7.615088 -2.958811 0.625488 1.093384 0
0 -5.353574 7.391489 -3.183477 0.652832 1.118225 0
0 -5.353574 7.736465 -3.183477 0.652344 1.070129 0
0 -5.581850 6.852149 -2.831969 0.597168 1.190918 0
0 -5.491909 7.021813 -2.970457 0.624023 1.170288 0
0 -5.591392 7.188827 -2.817273 0.599121 1.146851 0
0 -5.084491 7.270597 -3.597965 0.591797 1.136353 0
0 -4.889502 7.179709 -3.898320 0.534668 1.152100 0
0 -5.086290 7.488645 -3.595208 0.589844 1.109619 0
0 -4.716359 7.508645 -4.165024 0.497559 1.105103 0
0 -5.207705 7.615088 -3.408164 0.625488 1.093384 0
0 -5.215270 7.021813 -3.396516 0.624023 1.170288 0
0 -5.125352 6.852149 -3.535023 0.597168 1.190918 0
0 -5.115811 7.188827 -3.549720 0.599121 1.146851 0
0 -8.436935 6.235623 -4.100566 0.052460 1.149292 0
0 -8.324210 6.292844 -4.295812 0.101074 1.136353 0
0 -8.323174 6.430123 -4.297608 0.095581 1.109619 0
0 -8.537030 6.442716 -3.927194 0.006905 1.105103 0
0 -8.252971 6.509728 -4.419188 0.137695 1.086182 0
0 -8.168646 6.368955 -4.565248 0.162354 1.110596 0
0 -8.168649 6.586144 -4.565248 0.161865 1.070129 0
0 -8.300581 6.029401 -4.336726 0.111145 1.186401 0
0 -8.248601 6.136216 -4.426760 0.133301 1.170288 0
0 -8.306098 6.241364 -4.327173 0.108582 1.146851 0
0 -8.013126 6.292844 -4.834707 0.101074 1.136353 0
0 -7.900427 6.235623 -5.029969 0.052460 1.149292 0
0 -8.014168 6.430123 -4.832915 0.095581 1.109619 0
0 -7.800357 6.442716 -5.203356 0.006905 1.105103 0
0 -8.084340 6.509728 -4.711317 0.137695 1.086182 0
0 -8.088708 6.136216 -4.703743 0.133301 1.170288 0
0 -8.036745 6.029401 -4.793790 0.111145 1.186401 0
0 -8.031229 6.241364 -4.803343 0.108582 1.146851 0
0 -4.309216 6.235623 8.452582 0.052460 1.149292 0
0 -4.504462 6.292844 8.339855 0.101074 1.136353 0
0 -4.506258 6.430123 8.338821 0.095581 1.109619 0
0 -4.135843 6.442716 8.552672 0.006905 1.105103 0
0 -4.627841 6.509728 8.268617 0.137695 1.086182 0
0 -4.773898 6.368955 8.184292 0.162354 1.110596 0
0 -4.773898 6.586144 8.184294 0.161865 1.070129 0
0 -4.545378 6.029401 8.316231 0.111145 1.186401 0
0 -4.635411 6.136216 8.264249 0.133301 1.170288 0
0 -4.535827 6.241364 8.321744 0.108582 1.146851 0
0 -5.043358 6.292844 8.028769 0.101074 1.136353 0
0 -5.238620 6.235623 7.916078 0.052460 1.149292 0
0 -5.041567 6.430123 8.029814 0.095581 1.109619 0
0 -5.412009 6.442716 7.816009 0.006905 1.105103 0
0 -4.919969 6.509728 8.099988 0.137695 1.086182 0
0 -4.912396 6.136216 8.104362 0.133301 1.170288 0
0 -5.002439 6.029401 8.052389 0.111145 1.186401 0
0 -5.011994 6.241364 8.046880 0.108582 1.146851 0
0 8.243924 6.235623 4.324861 0.052460 1.149292 0
0 8.131200 6.292844 4.520106 0.101074 1.136353 0
0 8.130173 6.430123 4.521905 0.095581 1.109619 0
0 8.344027 6.442716 4.151488 0.006905 1.105103 0
0 8.059972 6.509728 4.643487 0.137695 1.086182 0
0 7.975643 6.368955 4.789545 0.162354 1.110596 0
0 7.975644 6.586144 4.789545 0.161865 1.070129 0
0 8.107580 6.029401 4.561024 0.111145 1.186401 0
0 8.055596 6.136216 4.651059 0.133301 1.170288 0
0 8.113099 6.241364 4.551472 0.108582 1.146851 0
0 7.820122 6.292844 5.059003 0.101074 1.136353 0
0 7.707426 6.235623 5.254266 0.052460 1.149292 0
0 7.821161 6.430123 5.057213 0.095581 1.109619 0
0 7.607358 6.442716 5.427655 0.006905 1.105103 0
0 7.891337 6.509728 4.935613 0.137695 1.086182 0
0 7.895711 6.136216 4.928041 0.133301 1.170288 0
0 7.843740 6.029401 5.018086 0.111145 1.186401 0
0 7.838228 6.241364 5.027638 0.108582 1.146851 0
0 4.116212 6.235623 -8.228284 0.052460 1.149292 0
0 4.311459 6.292844 -8.115561 0.101074 1.136353 0
0 4.313254 6.430123 -8.114529 0.095581 1.109619 0
0 3.942841 6.442716 -8.328384 0.006905 1.105103 0
0 4.434835 6.509728 -8.044325 0.137695 1.086182 0
0 4.580894 6.368955 -7.960000 0.162354 1.110596 0
0 4.580894 6.586144 -7.960000 0.161865 1.070129 0
0 4.352372 6.029401 -8.091931 0.111145 1.186401 0
0 4.442407 6.136216 -8.039952 0.133301 1.170288 0
0 4.342818 6.241364 -8.097448 0.108582 1.146851 0
0 4.850356 6.292844 -7.804477 0.101074 1.136353 0
0 5.045614 6.235623 -7.691779 0.052460 1.149292 0
0 4.848561 6.430123 -7.805514 0.095581 1.109619 0
0 5.219004 6.442716 -7.591712 0.006905 1.105103 0
0 4.726964 6.509728 -7.875692 0.137695 1.086182 0
0 4.719389 6.136216 -7.880059 0.133301 1.170288 0
0 4.809434 6.029401 -7.828093 0.111145 1.186401 0
0 4.818987 6.241364 -7.822581 0.108582 1.146851 0
0 -4.307876 6.861289 8.453353 0.048004 1.003906 0
0 -4.194789 6.773049 8.518641 0.019577 1.023132 0
0 -4.555699 6.861289 8.310273 0.095459 1.003906 0
0 -4.694993 6.723729 8.229851 0.137451 1.036163 0
0 -4.773898 5.989614 8.184294 0.161255 1.192505 0
0 -4.773898 5.789784 8.184294 0.161255 1.235474 0
0 -4.543549 6.494946 8.317286 0.104004 1.090515 0
0 -4.125725 6.667466 8.558520 0.005615 1.048462 0
0 -4.852812 6.723729 8.138752 0.137451 1.036163 0
0 -5.353056 6.773049 7.850025 0.019577 1.023132 0
0 -4.992121 6.861289 8.058351 0.095459 1.003906 0
0 -5.239967 6.861289 7.915306 0.048004 1.003906 0
0 -5.004271 6.494946 8.051335 0.104004 1.090515 0
0 -5.422129 6.667466 7.810165 0.005615 1.048462 0
0 8.244701 6.861289 4.323518 0.048004 1.003906 0
0 8.309991 6.773049 4.210435 0.019577 1.023132 0
0 8.101626 6.861289 4.571348 0.095459 1.003906 0
0 8.021204 6.723729 4.710641 0.137451 1.036163 0
0 7.975644 5.989614 4.789545 0.161255 1.192505 0
0 7.975644 5.789784 4.789545 0.161255 1.235474 0
0 8.108636 6.494946 4.559194 0.104004 1.090515 0
0 8.349870 6.667466 4.141372 0.005615 1.048462 0
0 7.930102 6.723729 4.868460 0.137451 1.036163 0
0 7.641376 6.773049 5.368703 0.019577 1.023132 0
0 7.849701 6.861289 5.007765 0.095459 1.003906 0
0 7.706649 6.861289 5.255610 0.048004 1.003906 0
0 7.842684 6.494946 5.019914 0.104004 1.090515 0
0 7.601512 6.667466 5.437772 0.005615 1.048462 0
0 4.114865 6.861289 -8.229057 0.048004 1.003906 0
0 4.001783 6.773049 -8.294342 0.019577 1.023132 0
0 4.362695 6.861289 -8.085978 0.095459 1.003906 0
0 4.501987 6.723729 -8.005556 0.137451 1.036163 0
0 4.580894 5.989614 -7.960000 0.161255 1.192505 0
0 4.580894 5.789784 -7.960000 0.161255 1.235474 0
0 4.350543 6.494946 -8.092988 0.104004 1.090515 0
0 3.932719 6.667466 -8.334227 0.005615 1.048462 0
0 4.659808 6.723729 -7.914454 0.137451 1.036163 0
0 5.160052 6.773049 -7.625728 0.019577 1.023132 0
0 4.799113 6.861289 -7.834050 0.095459 1.003906 0
0 5.046959 6.861289 -7.691006 0.048004 1.003906 0
0 4.811265 6.494946 -7.827040 0.104004 1.090515 0
0 5.229125 6.667466 -7.585869 0.005615 1.048462 0
0 -4.943585 4.175485 3.664844 0.210815 1.003906 0
0 -4.856760 4.054475 3.821472 0.182373 1.023132 0
0 -5.133856 4.175485 3.321592 0.258301 1.003906 0
0 -5.240794 3.986836 3.128663 0.300293 1.036163 0
0 -5.301371 2.980038 3.019372 0.326416 1.192505 0
0 -5.301371 2.705982 3.019372 0.327148 1.244507 0
0 -5.124521 3.673074 3.338422 0.276123 1.097107 0
0 -4.803738 3.909673 3.917132 0.168457 1.048462 0
0 -5.361971 3.986836 2.910091 0.300293 1.036163 0
0 -5.746096 4.054475 2.217335 0.182373 1.023132 0
0 -5.468941 4.175485 2.717179 0.258301 1.003906 0
0 -5.659257 4.175485 2.373951 0.210815 1.003906 0
0 -5.478271 3.673074 2.700349 0.276123 1.097107 0
0 -5.799136 3.909673 2.121684 0.168457 1.048462 0
0 -9.947216 6.128137 -0.156784 0.538574 1.003906 0
0 -9.942632 6.038800 -0.024659 0.510254 1.023132 0
0 -9.957262 6.128137 -0.446346 0.585938 1.003906 0
0 -9.962892 5.988862 -0.609103 0.627930 1.036163 0
0 -9.966092 5.245584 -0.701300 0.653809 1.192505 0
0 -9.966092 5.043260 -0.701300 0.654785 1.244507 0
0 -9.956764 5.757226 -0.432153 0.603516 1.097107 0
0 -9.939832 5.931897 0.056040 0.496094 1.048462 0
0 -9.969317 5.988862 -0.793491 0.627930 1.036163 0
0 -9.989660 6.038800 -1.377935 0.510254 1.023132 0
0 -9.974981 6.128137 -0.956241 0.585938 1.003906 0
0 -9.985058 6.128137 -1.245806 0.538574 1.003906 0
0 -9.975485 5.757226 -0.970437 0.603516 1.097107 0
0 -9.992476 5.931897 -1.458630 0.496094 1.048462 0
0 -0.442991 5.923711 -8.757528 0.374023 1.003906 0
0 -0.619007 5.804753 -8.760638 0.345703 1.023132 0
0 -0.057246 5.923711 -8.750702 0.421631 1.003906 0
0 0.159559 5.738259 -8.746861 0.463623 1.036163 0
0 0.282377 4.748540 -8.744690 0.489746 1.192505 0
0 0.282377 4.479135 -8.744690 0.490479 1.244507 0
0 -0.076168 5.429822 -8.751036 0.439453 1.097107 0
0 -0.726511 5.662408 -8.762545 0.331787 1.048462 0
0 0.405199 5.738259 -8.742534 0.463623 1.036163 0
0 1.183768 5.804753 -8.728861 0.345703 1.023132 0
0 0.622009 5.923711 -8.738731 0.421631 1.003906 0
0 1.007748 5.923711 -8.731947 0.374023 1.003906 0
0 0.640920 5.429822 -8.738394 0.439453 1.097107 0
0 1.291272 5.662408 -8.726973 0.331787 1.048462 0
0 5.638634 8.173494 2.675322 0.538574 1.003906 0
0 5.751593 8.033345 2.501376 0.510254 1.023132 0
0 5.391078 8.173494 3.056528 0.585938 1.003906 0
0 5.251936 7.955005 3.270789 0.627930 1.036163 0
0 5.173111 6.788957 3.392160 0.654297 1.192505 0
0 5.173111 6.471555 3.392160 0.654785 1.244507 0
0 5.403215 7.591612 3.037838 0.604004 1.097107 0
0 5.820585 7.865636 2.395140 0.496338 1.048462 0
0 5.094311 7.955005 3.513551 0.627930 1.036163 0
0 4.594758 8.033345 4.283028 0.510254 1.023132 0
0 4.955200 8.173494 3.727829 0.585938 1.003906 0
0 4.707696 8.173494 4.109068 0.538574 1.003906 0
0 4.943062 7.591612 3.746521 0.604004 1.097107 0
0 4.525783 7.865636 4.389276 0.496338 1.048462 0
0 -5.819098 8.173494 -2.466639 0.538574 1.003906 0
0 -5.932056 8.033345 -2.292691 0.510254 1.023132 0
0 -5.571544 8.173494 -2.847846 0.585938 1.003906 0
0 -5.432399 7.955005 -3.062106 0.627930 1.036163 0
0 -5.353574 6.788957 -3.183477 0.654297 1.192505 0
0 -5.353574 6.471555 -3.183477 0.654785 1.244507 0
0 -5.583681 7.591612 -2.829155 0.604004 1.097107 0
0 -6.001049 7.865636 -2.186457 0.496338 1.048462 0
0 -5.274777 7.955005 -3.304865 0.627930 1.036163 0
0 -4.775222 8.033345 -4.074346 0.510254 1.023132 0
0 -5.135667 8.173494 -3.519147 0.585938 1.003906 0
0 -4.888159 8.173494 -3.900383 0.538574 1.003906 0
0 -5.123528 7.591612 -3.537838 0.604004 1.097107 0
0 -4.706247 7.865636 -4.180593 0.496338 1.048462 0
0 -8.437707 6.861289 -4.099220 0.048004 1.003906 0
0 -8.502995 6.773049 -3.986137 0.019577 1.023132 0
0 -8.294627 6.861289 -4.347050 0.095459 1.003906 0
0 -8.214208 6.723729 -4.486342 0.137451 1.036163 0
0 -8.168649 5.989614 -4.565248 0.161255 1.192505 0
0 -8.168649 5.789784 -4.565248 0.161255 1.235474 0
0 -8.301641 6.494946 -4.334898 0.104004 1.090515 0
0 -8.542876 6.667466 -3.917074 0.005615 1.048462 0
0 -8.123101 6.723729 -4.644161 0.137451 1.036163 0
0 -7.834382 6.773049 -5.144406 0.019577 1.023132 0
0 -8.042705 6.861289 -4.783467 0.095459 1.003906 0
0 -7.899654 6.861289 -5.031313 0.048004 1.003906 0
0 -8.035690 6.494946 -4.795620 0.104004 1.090515 0
0 -7.794523 6.667466 -5.213480 0.005615 1.048462 0
288
0.874620 0.000023 -0.484809
0.874625 0.000014 -0.484801
0.874619 -0.000009 -0.484812
0.874617 -0.000026 -0.484815
0.874623 0.000012 -0.484803
0.874587 0.000000 -0.484869
0.874586 0.000008 -0.484870
0.874625 -0.000007 -0.484800
0.874623 -0.000005 -0.484803
0.874627 -0.000007 -0.484796
0.874548 0.000017 -0.484939
0.874550 0.000023 -0.484936
0.874552 -0.000013 -0.484932
0.874555 -0.000034 -0.484926
0.874545 0.000016 -0.484944
0.874545 -0.000005 -0.484944
0.874546 -0.000005 -0.484942
0.874546 -0.000003 -0.484942
0.999398 0.000034 -0.034691
0.999400 0.000013 -0.034623
0.999398 -0.000028 -0.034692
0.999398 -0.000040 -0.034690
0.999400 -0.000040 -0.034644
0.999396 0.000000 -0.034755
0.999396 -0.000004 -0.034764
0.999400 -0.000006 -0.034627
0.999400 -0.000002 -0.034644
0.999402 -0.000023 -0.034586
0.999394 -0.000000 -0.034815
0.999395 0.000021 -0.034785
0.999394 0.000083 -0.034803
0.999394 0.000078 -0.034815
0.999391 0.000008 -0.034885
0.999394 0.000005 -0.034818
0.999393 0.000008 -0.034824
0.999392 -0.000001 -0.034858
-0.017690 0.000014 0.999844
-0.017776 0.000003 0.999842
-0.017690 -0.000009 0.999844
-0.017692 -0.000013 0.999843
-0.017695 0.000008 0.999843
-0.017639 0.000000 0.999844
-0.017636 0.000007 0.999844
-0.017755 -0.000006 0.999842
-0.017683 -0.000007 0.999844
-0.017819 -0.000016 0.999841
-0.017576 0.000026 0.999846
-0.017550 0.000022 0.999846
-0.017562 -0.000016 0.999846
-0.017575 -0.000035 0.999846
-0.017554 0.000032 0.999846
-0.017548 -0.000007 0.999846
-0.017562 -0.000003 0.999846
-0.017582 0.000011 0.999845
-0.838669 0.000017 -0.544642
-0.838674 0.000014 -0.544634
-0.838671 -0.000001 -0.544638
-0.838675 -0.000017 -0.544632
-0.838664 0.000020 -0.544650
-0.838711 0.000000 -0.544577
-0.838711 0.000012 -0.544577
-0.838672 -0.000003 -0.544636
-0.838667 -0.000003 -0.544645
-0.838678 -0.000000 -0.544627
-0.838746 0.000016 -0.544523
-0.838752 0.000016 -0.544514
-0.838749 -0.000007 -0.544518
-0.838746 -0.000020 -0.544523
-0.838755 0.000020 -0.544509
-0.838754 -0.000003 -0.544510
-0.838751 -0.000000 -0.544516
-0.838747 0.000007 -0.544522
0.838673 0.000013 0.544635
0.838666 0.000007 0.544647
0.838674 0.000002 0.544633
0.838676 -0.000006 0.544631
0.838661 0.000015 0.544654
0.838708 0.000000 0.544581
0.838709 0.000011 0.544580
0.838661 -0.000006 0.544653
0.838664 -0.000005 0.544650
0.838656 -0.000006 0.544662
0.838755 0.000012 0.544510
0.838752 0.000016 0.544514
0.838750 -0.000003 0.544517
0.838747 -0.000019 0.544521
0.838759 0.000023 0.544504
0.838752 0.000000 0.544514
0.838753 0.000001 0.544513
0.838753 0.000000 0.544512
0.866025 0.000010 0.500000
0.866001 0.000010 0.500042
0.866027 -0.000015 0.499997
0.866027 -0.000013 0.499998
0.866022 0.000031 0.500005
0.866064 0.000011 0.499933
0.866063 0.000012 0.499936
0.866009 0.000007 0.500028
0.866031 0.000001 0.499990
0.865991 0.000003 0.500060
0.866096 0.000009 0.499878
0.866093 0.000020 0.499882
0.866093 0.000008 0.499883
0.866091 0.000005 0.499886
0.866102 0.000013 0.499867
0.866106 -0.000016 0.499860
0.866107 -0.000017 0.499858
0.866111 -0.000012 0.499851
0.500001 0.000003 -0.866025
0.500026 0.000005 -0.866010
0.499995 -0.000027 -0.866028
0.499991 -0.000026 -0.866031
0.500002 0.000017 -0.866024
0.499930 0.000008 -0.866066
0.499929 0.000012 -0.866066
0.500020 -0.000004 -0.866014
0.500004 -0.000003 -0.866023
0.500033 -0.000007 -0.866006
0.499935 0.000031 -0.866063
0.499857 0.000025 -0.866108
0.499864 0.000013 -0.866104
0.499875 -0.000016 -0.866098
0.499862 0.000017 -0.866105
0.499876 0.000012 -0.866097
0.499934 0.000014 -0.866064
0.499995 0.000029 -0.866028
-0.866026 0.000032 -0.499999
-0.866065 0.000030 -0.499932
-0.866027 -0.000001 -0.499998
-0.866029 -0.000022 -0.499994
-0.866025 0.000010 -0.500000
-0.866057 0.000004 -0.499946
-0.866057 0.000014 -0.499945
-0.866052 0.000005 -0.499954
-0.866021 0.000002 -0.500008
-0.866079 0.000022 -0.499907
-0.866083 0.000013 -0.499901
-0.866101 0.000016 -0.499869
-0.866101 0.000001 -0.499869
-0.866099 -0.000021 -0.499872
-0.866099 0.000023 -0.499873
-0.866098 0.000003 -0.499875
-0.866084 0.000002 -0.499899
-0.866070 0.000008 -0.499923
-0.499997 0.000027 0.866027
-0.500050 0.000016 0.865996
-0.499998 -0.000035 0.866027
-0.500003 -0.000046 0.866023
-0.499986 -0.000001 0.866034
-0.499938 0.000000 0.866061
-0.499938 0.000002 0.866061
-0.500030 0.000007 0.866008
-0.499984 0.000002 0.866035
-0.500071 -0.000001 0.865984
-0.499874 0.000006 0.866098
-0.499881 0.000012 0.866094
-0.499876 0.000013 0.866097
-0.499872 0.000010 0.866099
-0.499873 0.000010 0.866099
-0.499872 -0.000007 0.866099
-0.499860 -0.000002 0.866106
-0.499846 0.000004 0.866115
0.499998 0.000020 -0.866027
0.499998 -0.000003 -0.866027
0.499997 0.000015 -0.866027
0.500003 0.000005 -0.866023
0.499929 0.000000 -0.866066
0.499938 0.000002 -0.866061
0.500004 -0.000007 -0.866023
0.500001 -0.000002 -0.866025
0.499872 0.000004 -0.866099
0.499879 0.000029 -0.866095
0.499878 0.000070 -0.866096
0.499871 0.000112 -0.866100
0.499868 -0.000010 -0.866101
0.499876 -0.000021 -0.866097
-0.866040 -0.000055 -0.499974
-0.866034 -0.000026 -0.499986
-0.866036 -0.000015 -0.499981
-0.866028 0.000005 -0.499995
-0.866066 0.000000 -0.499929
-0.866063 -0.000002 -0.499936
-0.866029 -0.000018 -0.499994
-0.866026 -0.000006 -0.499999
-0.866097 0.000017 -0.499877
-0.866091 -0.000006 -0.499887
-0.866090 -0.000006 -0.499888
-0.866088 -0.000025 -0.499892
-0.866100 -0.000008 -0.499870
-0.866096 -0.000006 -0.499878
-0.499986 0.000008 0.866033
-0.499991 -0.000019 0.866031
-0.499988 0.000015 0.866032
-0.499992 -0.000009 0.866030
-0.499948 0.000000 0.866055
-0.499936 -0.000006 0.866062
-0.499999 -0.000037 0.866026
-0.500006 -0.000025 0.866022
-0.499873 -0.000008 0.866098
-0.499877 -0.000001 0.866097
-0.499876 0.000028 0.866097
-0.499869 0.000065 0.866101
-0.499866 0.000006 0.866103
-0.499875 -0.000023 0.866097
0.874616 0.000023 -0.484816
0.874617 0.000009 -0.484814
0.874616 0.000024 -0.484816
0.874621 0.000009 -0.484807
0.874585 0.000000 -0.484872
0.874585 -0.000005 -0.484873
0.874621 -0.000019 -0.484807
0.874620 -0.000006 -0.484810
0.874548 0.000010 -0.484939
0.874553 0.000006 -0.484930
0.874554 0.000016 -0.484929
0.874554 0.000017 -0.484929
0.874548 -0.000022 -0.484939
0.874552 -0.000007 -0.484932
0.999399 0.000004 -0.034673
0.999399 0.000042 -0.034657
0.999399 0.000052 -0.034663
0.999399 -0.000006 -0.034656
0.999397 0.000000 -0.034729
0.999397 0.000007 -0.034728
0.999398 -0.000065 -0.034681
0.999399 0.000005 -0.034657
0.999393 -0.000016 -0.034824
0.999395 -0.000041 -0.034785
0.999395 -0.000029 -0.034782
0.999395 -0.000050 -0.034778
0.999394 0.000035 -0.034810
0.999394 -0.000043 -0.034794
-0.017694 0.000042 0.999843
-0.017693 0.000013 0.999843
-0.017692 0.000033 0.999843
-0.017699 0.000003 0.999843
-0.017630 0.000000 0.999845
-0.017623 -0.000010 0.999845
-0.017705 -0.000008 0.999843
-0.017695 -0.000013 0.999843
-0.017548 0.000026 0.999846
-0.017569 -0.000016 0.999846
-0.017573 -0.000026 0.999846
-0.017585 -0.000082 0.999845
-0.017542 -0.000009 0.999846
-0.017561 0.000006 0.999846
-0.838672 0.000013 -0.544636
-0.838673 0.000003 -0.544635
-0.838673 0.000009 -0.544635
-0.838667 0.000011 -0.544645
-0.838705 0.000000 -0.544585
-0.838708 -0.000005 -0.544581
-0.838667 -0.000006 -0.544645
-0.838673 -0.000003 -0.544636
-0.838752 0.000012 -0.544514
-0.838746 -0.000000 -0.544523
-0.838746 0.000005 -0.544523
-0.838746 0.000007 -0.544523
-0.838752 -0.000006 -0.544514
-0.838748 -0.000001 -0.544521
0.838675 0.000018 0.544631
0.838674 0.000006 0.544633
0.838675 0.000020 0.544632
0.838666 0.000008 0.544645
0.838713 0.000000 0.544574
0.838709 -0.000003 0.544579
0.838667 -0.000002 0.544644
0.838673 -0.000009 0.544635
0.838754 0.000016 0.544511
0.838744 -0.000005 0.544526
0.838743 -0.000004 0.544528
0.838740 -0.000025 0.544531
0.838755 -0.000006 0.544510
0.838748 -0.000006 0.544520
0.866033 -0.000015 0.499986
0.866030 -0.000025 0.499991
0.866032 -0.000003 0.499989
0.866022 0.000007 0.500006
0.866057 0.000000 0.499946
0.866065 -0.000009 0.499931
0.866018 0.000007 0.500014
0.866025 -0.000016 0.500001
0.866103 -0.000001 0.499865
0.866096 -0.000017 0.499877
0.866094 0.000003 0.499881
0.866091 -0.000025 0.499886
0.866104 0.000003 0.499864
0.866099 -0.000010 0.499872
288
0 0 1 2 0 1 2 1
0 0 2 3 0 2 3 1
0 4 5 6 4 5 6 1
0 7 8 9 7 8 9 1
0 10 11 12 10 11 12 1
0 12 11 13 12 11 13 1
0 5 14 6 5 14 6 1
0 15 16 17 15 16 17 1
0 18 19 20 18 19 20 1
0 18 20 21 18 20 21 1
0 22 23 24 22 23 24 1
0 25 26 27 25 26 27 1
0 28 29 30 28 29 30 1
0 30 29 31 30 29 31 1
0 23 32 24 23 32 24 1
0 33 34 35 33 34 35 1
0 36 37 38 36 37 38 1
0 36 38 39 36 38 39 1
0 40 41 42 40 41 42 1
0 43 44 45 43 44 45 1
0 46 47 48 46 47 48 1
0 48 47 49 48 47 49 1
0 41 50 42 41 50 42 1
0 51 52 53 51 52 53 1
0 54 55 56 54 55 56 1
0 54 56 57 54 56 57 1
0 58 59 60 58 59 60 1
0 61 62 63 61 62 63 1
0 64 65 66 64 65 66 1
0 66 65 67 66 65 67 1
0 59 68 60 59 68 60 1
0 69 70 71 69 70 71 1
0 72 73 74 72 73 74 1
0 72 74 75 72 74 75 1
0 76 77 78 76 77 78 1
0 79 80 81 79 80 81 1
0 82 83 84 82 83 84 1
0 84 83 85 84 83 85 1
0 77 86 78 77 86 78 1
0 87 88 89 87 88 89 1
0 90 91 92 90 91 92 1
0 90 92 93 90 92 93 1
0 94 95 96 94 95 96 1
0 97 98 99 97 98 99 1
0 100 101 102 100 101 102 1
0 102 101 103 102 101 103 1
0 95 104 96 95 104 96 1
0 105 106 107 105 106 107 1
0 108 109 110 108 109 110 1
0 108 110 111 108 110 111 1
0 112 113 114 112 113 114 1
0 115 116 117 115 116 117 1
0 118 119 120 118 119 120 1
0 120 119 121 120 119 121 1
0 113 122 114 113 122 114 1
0 123 124 125 123 124 125 1
0 126 127 128 126 127 128 1
0 126 128 129 126 128 129 1
0 130 131 132 130 131 132 1
0 133 134 135 133 134 135 1
0 136 137 138 136 137 138 1
0 138 137 139 138 137 139 1
0 131 140 132 131 140 132 1
0 141 142 143 141 142 143 1
0 144 145 146 144 145 146 1
0 144 146 147 144 146 147 1
0 148 149 150 148 149 150 1
0 151 152 153 151 152 153 1
0 154 155 156 154 155 156 1
0 156 155 157 156 155 157 1
0 149 158 150 149 158 150 1
0 159 160 161 159 160 161 1
0 162 163 164 162 163 164 1
0 163 165 164 163 165 164 1
0 166 116 167 166 116 167 1
0 116 115 167 116 115 167 1
0 114 165 112 114 165 112 1
0 165 168 112 165 168 112 1
0 163 169 165 163 169 165 1
0 169 168 165 169 168 165 1
0 169 111 168 169 111 168 1
0 111 110 168 111 110 168 1
0 117 109 115 117 109 115 1
0 109 108 115 109 108 115 1
0 170 171 172 170 171 172 1
0 171 173 172 171 173 172 1
0 124 123 167 124 123 167 1
0 123 166 167 123 166 167 1
0 174 170 122 174 170 122 1
0 170 114 122 170 114 122 1
0 174 175 170 174 175 170 1
0 175 171 170 175 171 170 1
0 120 121 174 120 121 174 1
0 121 175 174 121 175 174 1
0 119 118 124 119 118 124 1
0 118 125 124 118 125 124 1
0 176 177 178 176 177 178 1
0 177 179 178 177 179 178 1
0 180 134 181 180 134 181 1
0 134 133 181 134 133 181 1
0 132 179 130 132 179 130 1
0 179 182 130 179 182 130 1
0 177 183 179 177 183 179 1
0 183 182 179 183 182 179 1
0 183 129 182 183 129 182 1
0 129 128 182 129 128 182 1
0 135 127 133 135 127 133 1
0 127 126 133 127 126 133 1
0 184 185 186 184 185 186 1
0 185 187 186 185 187 186 1
0 142 141 181 142 141 181 1
0 141 180 181 141 180 181 1
0 188 184 140 188 184 140 1
0 184 132 140 184 132 140 1
0 188 189 184 188 189 184 1
0 189 185 184 189 185 184 1
0 138 139 188 138 139 188 1
0 139 189 188 139 189 188 1
0 137 136 142 137 136 142 1
0 136 143 142 136 143 142 1
0 190 191 192 190 191 192 1
0 191 193 192 191 193 192 1
0 194 152 195 194 152 195 1
0 152 151 195 152 151 195 1
0 150 193 148 150 193 148 1
0 193 196 148 193 196 148 1
0 191 197 193 191 197 193 1
0 197 196 193 197 196 193 1
0 197 147 196 197 147 196 1
0 147 146 196 147 146 196 1
0 153 145 151 153 145 151 1
0 145 144 151 145 144 151 1
0 198 199 200 198 199 200 1
0 199 201 200 199 201 200 1
0 160 159 195 160 159 195 1
0 159 194 195 159 194 195 1
0 202 198 158 202 198 158 1
0 198 150 158 198 150 158 1
0 202 203 198 202 203 198 1
0 203 199 198 203 199 198 1
0 156 157 202 156 157 202 1
0 157 203 202 157 203 202 1
0 155 154 160 155 154 160 1
0 154 161 160 154 161 160 1
0 204 205 206 204 205 206 1
0 205 207 206 205 207 206 1
0 208 8 209 208 8 209 1
0 8 7 209 8 7 209 1
0 6 207 4 6 207 4 1
0 207 210 4 207 210 4 1
0 205 211 207 205 211 207 1
0 211 210 207 211 210 207 1
0 211 3 210 211 3 210 1
0 3 2 210 3 2 210 1
0 9 1 7 9 1 7 1
0 1 0 7 1 0 7 1
0 212 213 214 212 213 214 1
0 213 215 214 213 215 214 1
0 16 15 209 16 15 209 1
0 15 208 209 15 208 209 1
0 216 212 14 216 212 14 1
0 212 6 14 212 6 14 1
0 216 217 212 216 217 212 1
0 217 213 212 217 213 212 1
0 12 13 216 12 13 216 1
0 13 217 216 13 217 216 1
0 11 10 16 11 10 16 1
0 10 17 16 10 17 16 1
0 218 219 220 218 219 220 1
0 219 221 220 219 221 220 1
0 222 26 223 222 26 223 1
0 26 25 223 26 25 223 1
0 24 221 22 24 221 22 1
0 221 224 22 221 224 22 1
0 219 225 221 219 225 221 1
0 225 224 221 225 224 221 1
0 225 21 224 225 21 224 1
0 21 20 224 21 20 224 1
0 27 19 25 27 19 25 1
0 19 18 25 19 18 25 1
0 226 227 228 226 227 228 1
0 227 229 228 227 229 228 1
0 34 33 223 34 33 223 1
0 33 222 223 33 222 223 1
0 230 226 32 230 226 32 1
0 226 24 32 226 24 32 1
0 230 231 226 230 231 226 1
0 231 227 226 231 227 226 1
0 30 31 230 30 31 230 1
0 31 231 230 31 231 230 1
0 29 28 34 29 28 34 1
0 28 35 34 28 35 34 1
0 232 233 234 232 233 234 1
0 233 235 234 233 235 234 1
0 236 44 237 236 44 237 1
0 44 43 237 44 43 237 1
0 42 235 40 42 235 40 1
0 235 238 40 235 238 40 1
0 233 239 235 233 239 235 1
0 239 238 235 239 238 235 1
0 239 39 238 239 39 238 1
0 39 38 238 39 38 238 1
0 45 37 43 45 37 43 1
0 37 36 43 37 36 43 1
0 240 241 242 240 241 242 1
0 241 243 242 241 243 242 1
0 52 51 237 52 51 237 1
0 51 236 237 51 236 237 1
0 244 240 50 244 240 50 1
0 240 42 50 240 42 50 1
0 244 245 240 244 245 240 1
0 245 241 240 245 241 240 1
0 48 49 244 48 49 244 1
0 49 245 244 49 245 244 1
0 47 46 52 47 46 52 1
0 46 53 52 46 53 52 1
0 246 247 248 246 247 248 1
0 247 249 248 247 249 248 1
0 250 62 251 250 62 251 1
0 62 61 251 62 61 251 1
0 60 249 58 60 249 58 1
0 249 252 58 249 252 58 1
0 247 253 249 247 253 249 1
0 253 252 249 253 252 249 1
0 253 57 252 253 57 252 1
0 57 56 252 57 56 252 1
0 63 55 61 63 55 61 1
0 55 54 61 55 54 61 1
0 254 255 256 254 255 256 1
0 255 257 256 255 257 256 1
0 70 69 251 70 69 251 1
0 69 250 251 69 250 251 1
0 258 254 68 258 254 68 1
0 254 60 68 254 60 68 1
0 258 259 254 258 259 254 1
0 259 255 254 259 255 254 1
0 66 67 258 66 67 258 1
0 67 259 258 67 259 258 1
0 65 64 70 65 64 70 1
0 64 71 70 64 71 70 1
0 260 261 262 260 261 262 1
0 261 263 262 261 263 262 1
0 264 80 265 264 80 265 1
0 80 79 265 80 79 265 1
0 78 263 76 78 263 76 1
0 263 266 76 263 266 76 1
0 261 267 263 261 267 263 1
0 267 266 263 267 266 263 1
0 267 75 266 267 75 266 1
0 75 74 266 75 74 266 1
0 81 73 79 81 73 79 1
0 73 72 79 73 72 79 1
0 268 269 270 268 269 270 1
0 269 271 270 269 271 270 1
0 88 87 265 88 87 265 1
0 87 264 265 87 264 265 1
0 272 268 86 272 268 86 1
0 268 78 86 268 78 86 1
0 272 273 268 272 273 268 1
0 273 269 268 273 269 268 1
0 84 85 272 84 85 272 1
0 85 273 272 85 273 272 1
0 83 82 88 83 82 88 1
0 82 89 88 82 89 88 1
0 274 275 276 274 275 276 1
0 275 277 276 275 277 276 1
0 278 98 279 278 98 279 1
0 98 97 279 98 97 279 1
0 96 277 94 96 277 94 1
0 277 280 94 277 280 94 1
0 275 281 277 275 281 277 1
0 281 280 277 281 280 277 1
0 281 93 280 281 93 280 1
0 93 92 280 93 92 280 1
0 99 91 97 99 91 97 1
0 91 90 97 91 90 97 1
0 282 283 284 282 283 284 1
0 283 285 284 283 285 284 1
0 106 105 279 106 105 279 1
0 105 278 279 105 278 279 1
0 286 282 104 286 282 104 1
0 282 96 104 282 96 104 1
0 286 287 282 286 287 282 1
0 287 283 282 287 283 282 1
0 102 103 286 102 103 286 1
0 103 287 286 103 287 286 1
0 101 100 106 101 100 106 1
0 100 107 106 100 107 106 1

Materials: 1
"Tex_0008_0_dds"
1.000000 1.000000 1.000000 1.000000
0.800000 0.800000 0.800000 1.000000
0.498039 0.498039 0.498039 1.000000
1.000000 1.000000 1.000000 1.000000
0.185600
1.000000
"Tex_0008_0.png"
""

Bones: 1
"Rotacion3"
""
8 0.000000 0.000000 0.000000 0.000000 -0.000000 0.000000
1
0.000000 0.000000 0.000000 0.000000
9
0.000000 0.000000 -0.000000 0.000000
100.000000 0.000000 -1.570796 0.000000
200.000000 3.141592 -0.000001 3.141592
300.000000 -0.000000 1.570795 0.000000
400.000000 0.000000 0.000001 0.000000
499.999969 0.000000 -1.570795 0.000000
600.000000 3.141592 -0.000002 3.141592
700.000000 -0.000000 1.570794 0.000000
800.000000 0.000000 0.000003 0.000000
GroupComments: 0
MaterialComments: 0
BoneComments: 0
ModelComment: 0
