// MilkShape 3D ASCII

Frames: 100
Frame: 82

Meshes: 1
"Duplicate03" 0 0
4
0 0.236609 0.000000 0.242222 -0.011719 0.015625 0
0 0.237584 0.000000 -0.241265 -0.011719 0.241455 0
0 -0.237584 0.000000 0.241266 0.290527 0.015625 0
0 -0.236609 0.000000 -0.242222 0.290527 0.241455 0
1
0.000000 1.000000 0.000000
2
0 0 1 2 0 0 0 1
0 1 3 2 0 0 0 1

Materials: 1
"Material02"
0.200000 0.200000 0.200000 1.000000
0.800000 0.800000 0.800000 1.000000
0.000000 0.000000 0.000000 1.000000
1.000000 1.000000 1.000000 1.000000
0.000000
1.000000
"Tex_0007_0.png"
""

Bones: 1
"joint1"
""
0 0.000000 0.000000 0.000000 0.000000 -0.000000 0.000000
1
0 0 0 0
71
0 0 0 0
1 0 0.01292 0
2 0 0.02584 0
3 0 0.081198 0
4 0 0.164208 0
5 0 0.273006 0
6 0 0.40573 0
7 0 0.560516 0
8 0 0.735498 0
9 0 0.928812 0
10 0 1.138596 0
11 0 1.362982 0
12 0 1.600112 0
13 0 1.848116 0
14 0 2.105134 0
15 0 2.3693 0
16 0 2.63875 0
17 0 2.911622 0
18 0 3.18605 0
19 0 3.46017 0
20 0 3.732118 0
21 0 4.00003 0
22 0 4.262042 0
23 0 4.516292 0
24 0 4.760912 0
25 0 4.99404 0
26 0 5.213814 0
27 0 5.418366 0
28 0 5.605836 0
29 0 5.774356 0
30 0 5.922066 0
31 0 6.047098 0
32 0 6.14759 0
33 0 6.221678 0
34 0 6.267498 0
35 0 6.283186 0
36 0 6.267498 0
37 0 6.221678 0
38 0 6.14759 0
39 0 6.047098 0
40 0 5.922066 0
41 0 5.774356 0
42 0 5.605836 0
43 0 5.418366 0
44 0 5.213814 0
45 0 4.99404 0
46 0 4.760912 0
47 0 4.516292 0
48 0 4.262042 0
49 0 4.00003 0
50 0 3.732118 0
51 0 3.46017 0
52 0 3.18605 0
53 0 2.911622 0
54 0 2.63875 0
55 0 2.3693 0
56 0 2.105134 0
57 0 1.848116 0
58 0 1.600112 0
59 0 1.362982 0
60 0 1.138596 0
61 0 0.928812 0
62 0 0.735498 0
63 0 0.560516 0
64 0 0.40573 0
65 0 0.273006 0
66 0 0.164208 0
67 0 0.081198 0
68 0 0.02584 0
69 0 0.01292 0
70 0 0 0
GroupComments: 0
MaterialComments: 0
BoneComments: 0
ModelComment: 0
