// MilkShape 3D ASCII

Frames: 30
Frame: 1

Meshes: 2
"Tex_0001_0_dds" 0 1
192
0 -0.450014 21.769104 36.337563 0 1.625000 -1
0 0.449997 21.544109 36.337559 1 1.875000 -1
0 -0.450014 22.219109 36.337563 0 1.125000 -1
0 0.449997 21.994102 36.337559 1 1.375000 -1
0 0.450001 21.544109 36.112553 0 1.375000 -1
0 0.449997 21.544109 36.337559 0 1.625000 -1
0 -0.449998 21.769104 36.112549 1 1.375000 -1
0 -0.450014 21.769104 36.337563 1 1.625000 -1
0 0.449997 21.994102 36.337559 0.375000 1.375000 -1
0 0.449997 21.544109 36.337559 0.375000 1.875000 -1
0 0.450001 21.994102 36.112553 0.625000 1.375000 -1
0 0.450001 21.544109 36.112553 0.625000 1.875000 -1
0 -0.449998 21.769104 36.112549 0.375000 1.625000 -1
0 -0.450014 21.769104 36.337563 0.625000 1.625000 -1
0 -0.449998 22.219109 36.112549 0.375000 1.125000 -1
0 -0.450014 22.219109 36.337563 0.625000 1.125000 -1
0 -0.450014 22.219109 36.337563 1 1.375000 -1
0 0.449997 21.994102 36.337559 0 1.375000 -1
0 -0.449998 22.219109 36.112549 1 1.625000 -1
0 0.450001 21.994102 36.112553 0 1.625000 -1
0 0.450001 21.994102 36.112553 0 1.375000 -1
0 0.450001 21.544109 36.112553 0 1.875000 -1
0 -0.449998 22.219109 36.112549 1 1.125000 -1
0 -0.449998 21.769104 36.112549 1 1.625000 -1
0 -0.500817 23.794109 35.402111 0 1.625000 -1
0 -0.157141 23.569107 36.233913 1 1.875000 -1
0 -0.500817 24.244102 35.402111 0 1.125000 -1
0 -0.157141 24.019104 36.233913 1 1.375000 -1
0 0.050815 23.569107 36.148006 0 1.375000 -1
0 -0.157141 23.569107 36.233913 0 1.625000 -1
0 -0.292868 23.794109 35.316196 1 1.375000 -1
0 -0.500817 23.794109 35.402111 1 1.625000 -1
0 -0.157141 24.019104 36.233913 0.375000 1.375000 -1
0 -0.157141 23.569107 36.233913 0.375000 1.875000 -1
0 0.050815 24.019104 36.148006 0.625000 1.375000 -1
0 0.050815 23.569107 36.148006 0.625000 1.875000 -1
0 -0.292868 23.794109 35.316196 0.375000 1.625000 -1
0 -0.500817 23.794109 35.402111 0.625000 1.625000 -1
0 -0.292868 24.244102 35.316196 0.375000 1.125000 -1
0 -0.500817 24.244102 35.402111 0.625000 1.125000 -1
0 -0.500817 24.244102 35.402111 1 1.375000 -1
0 -0.157141 24.019104 36.233913 0 1.375000 -1
0 -0.292868 24.244102 35.316196 1 1.625000 -1
0 0.050815 24.019104 36.148006 0 1.625000 -1
0 0.050815 24.019104 36.148006 0 1.375000 -1
0 0.050815 23.569107 36.148006 0 1.875000 -1
0 -0.292868 24.244102 35.316196 1 1.125000 -1
0 -0.292868 23.794109 35.316196 1 1.625000 -1
0 0.239361 19.519115 34.027737 0 1.625000 -1
0 -0.398174 19.294109 34.662994 1 1.875000 -1
0 0.239361 19.969109 34.027737 0 1.125000 -1
0 -0.398174 19.744102 34.662994 1 1.375000 -1
0 -0.239355 19.294109 34.822376 0 1.375000 -1
0 -0.398174 19.294109 34.662994 0 1.625000 -1
0 0.398167 19.519115 34.187126 1 1.375000 -1
0 0.239361 19.519115 34.027737 1 1.625000 -1
0 -0.398174 19.744102 34.662994 0.375000 1.375000 -1
0 -0.398174 19.294109 34.662994 0.375000 1.875000 -1
0 -0.239355 19.744102 34.822376 0.625000 1.375000 -1
0 -0.239355 19.294109 34.822376 0.625000 1.875000 -1
0 0.398167 19.519115 34.187126 0.375000 1.625000 -1
0 0.239361 19.519115 34.027737 0.625000 1.625000 -1
0 0.398167 19.969109 34.187126 0.375000 1.125000 -1
0 0.239361 19.969109 34.027737 0.625000 1.125000 -1
0 0.239361 19.969109 34.027737 1 1.375000 -1
0 -0.398174 19.744102 34.662994 0 1.375000 -1
0 0.398167 19.969109 34.187126 1 1.625000 -1
0 -0.239355 19.744102 34.822376 0 1.625000 -1
0 -0.239355 19.744102 34.822376 0 1.375000 -1
0 -0.239355 19.294109 34.822376 0 1.875000 -1
0 0.398167 19.969109 34.187126 1 1.125000 -1
0 0.398167 19.519115 34.187126 1 1.625000 -1
0 0.724575 16.603283 35.377747 0 1.625000 -1
0 0.812661 15.932964 36.012993 1 1.875000 -1
0 0.284335 16.696487 35.377754 0 1.125000 -1
0 0.372411 16.026165 36.012978 1 1.375000 -1
0 0.845539 16.088345 36.172367 0 1.375000 -1
0 0.812661 15.932964 36.012993 0 1.625000 -1
0 0.757461 16.758650 35.537125 1 1.375000 -1
0 0.724575 16.603283 35.377747 1 1.625000 -1
0 0.372411 16.026165 36.012978 0.375000 1.375000 -1
0 0.812661 15.932964 36.012993 0.375000 1.875000 -1
0 0.405300 16.181526 36.172363 0.625000 1.375000 -1
0 0.845539 16.088345 36.172367 0.625000 1.875000 -1
0 0.757461 16.758650 35.537125 0.375000 1.625000 -1
0 0.724575 16.603283 35.377747 0.625000 1.625000 -1
0 0.317214 16.851852 35.537125 0.375000 1.125000 -1
0 0.284335 16.696487 35.377754 0.625000 1.125000 -1
0 0.284335 16.696487 35.377754 1 1.375000 -1
0 0.372411 16.026165 36.012978 0 1.375000 -1
0 0.317214 16.851852 35.537125 1 1.625000 -1
0 0.405300 16.181526 36.172363 0 1.625000 -1
0 0.405300 16.181526 36.172363 0 1.375000 -1
0 0.845539 16.088345 36.172367 0 1.875000 -1
0 0.317214 16.851852 35.537125 1 1.125000 -1
0 0.757461 16.758650 35.537125 1 1.625000 -1
0 0.408605 18.394115 36.112556 0 1.625000 -1
0 0.941396 18.260906 36.112556 1 1.875000 -1
0 0.408605 18.660503 36.112556 0 1.125000 -1
0 0.941396 18.527309 36.112556 1 1.375000 -1
0 0.941400 18.260906 35.887554 0 1.375000 -1
0 0.941396 18.260906 36.112556 0 1.625000 -1
0 0.408592 18.394115 35.887566 1 1.375000 -1
0 0.408605 18.394115 36.112556 1 1.625000 -1
0 0.941396 18.527309 36.112556 0.375000 1.375000 -1
0 0.941396 18.260906 36.112556 0.375000 1.875000 -1
0 0.941400 18.527309 35.887554 0.625000 1.375000 -1
0 0.941400 18.260906 35.887554 0.625000 1.875000 -1
0 0.408592 18.394115 35.887566 0.375000 1.625000 -1
0 0.408605 18.394115 36.112556 0.625000 1.625000 -1
0 0.408592 18.660503 35.887566 0.375000 1.125000 -1
0 0.408605 18.660503 36.112556 0.625000 1.125000 -1
0 0.408605 18.660503 36.112556 1 1.375000 -1
0 0.941396 18.527309 36.112556 0 1.375000 -1
0 0.408592 18.660503 35.887566 1 1.625000 -1
0 0.941400 18.527309 35.887554 0 1.625000 -1
0 0.941400 18.527309 35.887554 0 1.375000 -1
0 0.941400 18.260906 35.887554 0 1.875000 -1
0 0.408592 18.660503 35.887566 1 1.125000 -1
0 0.408592 18.394115 35.887566 1 1.625000 -1
0 -0.538462 18.655346 35.852116 0 1.625000 -1
0 -0.641353 18.257671 36.683899 1 1.875000 -1
0 -0.112243 18.799679 35.852116 0 1.125000 -1
0 -0.215119 18.401989 36.683926 1 1.375000 -1
0 -0.574663 18.060711 36.597977 0 1.375000 -1
0 -0.641353 18.257671 36.683899 0 1.625000 -1
0 -0.471770 18.458385 35.766193 1 1.375000 -1
0 -0.538462 18.655346 35.852116 1 1.625000 -1
0 -0.215119 18.401989 36.683926 0.375000 1.375000 -1
0 -0.641353 18.257671 36.683899 0.375000 1.875000 -1
0 -0.148430 18.205029 36.597980 0.625000 1.375000 -1
0 -0.574663 18.060711 36.597977 0.625000 1.875000 -1
0 -0.471770 18.458385 35.766193 0.375000 1.625000 -1
0 -0.538462 18.655346 35.852116 0.625000 1.625000 -1
0 -0.045541 18.602718 35.766212 0.375000 1.125000 -1
0 -0.112243 18.799679 35.852116 0.625000 1.125000 -1
0 -0.112243 18.799679 35.852116 1 1.375000 -1
0 -0.215119 18.401989 36.683926 0 1.375000 -1
0 -0.045541 18.602718 35.766212 1 1.625000 -1
0 -0.148430 18.205029 36.597980 0 1.625000 -1
0 -0.148430 18.205029 36.597980 0 1.375000 -1
0 -0.574663 18.060711 36.597977 0 1.875000 -1
0 -0.045541 18.602718 35.766212 1 1.125000 -1
0 -0.471770 18.458385 35.766193 1 1.625000 -1
0 -0.950814 16.819105 36.302120 0 1.625000 -1
0 -0.607143 16.594112 37.133919 1 1.875000 -1
0 -0.950814 17.269115 36.302120 0 1.125000 -1
0 -0.607143 17.044111 37.133919 1 1.375000 -1
0 -0.399194 16.594112 37.047997 0 1.375000 -1
0 -0.607143 16.594112 37.133919 0 1.625000 -1
0 -0.742860 16.819105 36.216194 1 1.375000 -1
0 -0.950814 16.819105 36.302120 1 1.625000 -1
0 -0.607143 17.044111 37.133919 0.375000 1.375000 -1
0 -0.607143 16.594112 37.133919 0.375000 1.875000 -1
0 -0.399194 17.044111 37.047997 0.625000 1.375000 -1
0 -0.399194 16.594112 37.047997 0.625000 1.875000 -1
0 -0.742860 16.819105 36.216194 0.375000 1.625000 -1
0 -0.950814 16.819105 36.302120 0.625000 1.625000 -1
0 -0.742860 17.269115 36.216194 0.375000 1.125000 -1
0 -0.950814 17.269115 36.302120 0.625000 1.125000 -1
0 -0.950814 17.269115 36.302120 1 1.375000 -1
0 -0.607143 17.044111 37.133919 0 1.375000 -1
0 -0.742860 17.269115 36.216194 1 1.625000 -1
0 -0.399194 17.044111 37.047997 0 1.625000 -1
0 -0.399194 17.044111 37.047997 0 1.375000 -1
0 -0.399194 16.594112 37.047997 0 1.875000 -1
0 -0.742860 17.269115 36.216194 1 1.125000 -1
0 -0.742860 16.819105 36.216194 1 1.625000 -1
0 0.174193 21.094109 34.727108 0 1.625000 -1
0 0.517857 20.869102 35.558907 1 1.875000 -1
0 0.174193 21.544109 34.727108 0 1.125000 -1
0 0.517857 21.319107 35.558907 1 1.375000 -1
0 0.725817 20.869102 35.473003 0 1.375000 -1
0 0.517857 20.869102 35.558907 0 1.625000 -1
0 0.382134 21.094109 34.641205 1 1.375000 -1
0 0.174193 21.094109 34.727108 1 1.625000 -1
0 0.517857 21.319107 35.558907 0.375000 1.375000 -1
0 0.517857 20.869102 35.558907 0.375000 1.875000 -1
0 0.725817 21.319107 35.473003 0.625000 1.375000 -1
0 0.725817 20.869102 35.473003 0.625000 1.875000 -1
0 0.382134 21.094109 34.641205 0.375000 1.625000 -1
0 0.174193 21.094109 34.727108 0.625000 1.625000 -1
0 0.382134 21.544109 34.641205 0.375000 1.125000 -1
0 0.174193 21.544109 34.727108 0.625000 1.125000 -1
0 0.174193 21.544109 34.727108 1 1.375000 -1
0 0.517857 21.319107 35.558907 0 1.375000 -1
0 0.382134 21.544109 34.641205 1 1.625000 -1
0 0.725817 21.319107 35.473003 0 1.625000 -1
0 0.725817 21.319107 35.473003 0 1.375000 -1
0 0.725817 20.869102 35.473003 0 1.875000 -1
0 0.382134 21.544109 34.641205 1 1.125000 -1
0 0.382134 21.094109 34.641205 1 1.625000 -1
101
0.000004 0 1
0.000004 0 1
-0.242530 -0.970144 -0.000004
-0.242529 -0.970144 -0.000011
-0.242527 -0.970145 -0.000017
1 0 0.000018
-1 0 -0.000071
0.242539 0.970142 0.000017
0.242541 0.970141 0.000011
0.242542 0.970141 0.000004
0.000004 0 -1
-0.924220 0 0.381860
-0.092601 -0.970143 -0.224160
-0.092606 -0.970143 -0.224160
-0.092612 -0.970142 -0.224159
0.381806 0 0.924242
-0.381846 0 -0.924226
0.092610 0.970143 0.224155
0.092605 0.970143 0.224156
0.092600 0.970144 0.224157
0.924219 0 -0.381864
0.924219 0 -0.381864
-0.705841 0 -0.708371
0.171808 -0.970140 -0.171202
0.171813 -0.970141 -0.171195
0.171817 -0.970141 -0.171188
-0.708357 0 0.705855
0.708402 0 -0.705809
-0.171817 0.970141 0.171188
-0.171813 0.970141 0.171195
-0.171808 0.970140 0.171202
0.705843 0 0.708368
-0.146206 -0.690526 -0.708377
-0.146181 -0.690519 -0.708389
-0.146156 -0.690512 -0.708401
0.984698 -0.032809 -0.171151
0.984695 -0.032818 -0.171166
0.984693 -0.032827 -0.171181
-0.146739 -0.693033 0.705813
-0.146711 -0.693008 0.705844
-0.146684 -0.692982 0.705875
0.146714 0.693010 -0.705841
0.146710 0.693006 -0.705846
0.146705 0.693002 -0.705851
-0.984697 0.032814 0.171159
-0.984694 0.032823 0.171173
-0.984691 0.032831 0.171188
0.146150 0.690520 0.708395
0.146170 0.690525 0.708385
0.146189 0.690531 0.708376
0 0 1
-0.242548 -0.970139 -0.000004
-0.242552 -0.970138 0.000005
-0.242555 -0.970138 0.000014
1 0 0.000018
-1 0 0.000058
0.242529 0.970144 -0.000014
0.242526 0.970145 -0.000005
0.242522 0.970146 0.000004
-0.000021 0 -1
-0.296439 0.875392 0.381855
-0.296430 0.875392 0.381860
-0.296421 0.875393 0.381866
-0.948601 -0.223407 -0.224154
-0.948600 -0.223411 -0.224155
-0.948599 -0.223415 -0.224156
0.122447 -0.361811 0.924175
0.122455 -0.361762 0.924193
0.122464 -0.361713 0.924211
-0.122446 0.361718 -0.924212
-0.122454 0.361675 -0.924228
-0.122461 0.361631 -0.924244
0.948583 0.223477 0.224163
0.948596 0.223429 0.224155
0.948609 0.223382 0.224147
0.296401 -0.875392 -0.381883
0.296425 -0.875391 -0.381867
0.296448 -0.875390 -0.381852
-0.924221 0 0.381857
-0.924221 0 0.381857
-0.092615 -0.970144 -0.224148
-0.092616 -0.970144 -0.224148
-0.092617 -0.970144 -0.224148
0.381875 0 0.924214
-0.381882 0 -0.924211
0.092622 0.970141 0.224158
0.092621 0.970141 0.224158
0.092620 0.970141 0.224159
0.924224 0 -0.381851
0.924224 0 -0.381851
-0.924224 0 0.381850
-0.092599 -0.970141 -0.224169
-0.092603 -0.970141 -0.224168
-0.092606 -0.970141 -0.224167
0.381785 0 0.924251
-0.381815 0 -0.924239
0.092605 0.970142 0.224164
0.092601 0.970142 0.224164
0.092597 0.970142 0.224165
0.924217 0 -0.381868
0.924217 0 -0.381868
96
0 0 1 2 0 0 0 1
0 1 3 2 0 1 0 1
0 4 5 6 2 3 3 1
0 5 7 6 3 4 3 1
0 8 9 10 5 5 5 1
0 9 11 10 5 5 5 1
0 12 13 14 6 6 6 1
0 13 15 14 6 6 6 1
0 16 17 18 7 8 8 1
0 17 19 18 8 9 8 1
0 20 21 22 10 10 10 1
0 21 23 22 10 10 10 1
0 24 25 26 11 11 11 1
0 25 27 26 11 11 11 1
0 28 29 30 12 13 13 1
0 29 31 30 13 14 13 1
0 32 33 34 15 15 15 1
0 33 35 34 15 15 15 1
0 36 37 38 16 16 16 1
0 37 39 38 16 16 16 1
0 40 41 42 17 18 18 1
0 41 43 42 18 19 18 1
0 44 45 46 20 21 21 1
0 45 47 46 21 21 21 1
0 48 49 50 22 22 22 1
0 49 51 50 22 22 22 1
0 52 53 54 23 24 24 1
0 53 55 54 24 25 24 1
0 56 57 58 26 26 26 1
0 57 59 58 26 26 26 1
0 60 61 62 27 27 27 1
0 61 63 62 27 27 27 1
0 64 65 66 28 29 29 1
0 65 67 66 29 30 29 1
0 68 69 70 31 31 31 1
0 69 71 70 31 31 31 1
0 72 73 74 32 33 33 1
0 73 75 74 33 34 33 1
0 76 77 78 35 36 36 1
0 77 79 78 36 37 36 1
0 80 81 82 38 39 39 1
0 81 83 82 39 40 39 1
0 84 85 86 41 42 42 1
0 85 87 86 42 43 42 1
0 88 89 90 44 45 45 1
0 89 91 90 45 46 45 1
0 92 93 94 47 48 48 1
0 93 95 94 48 49 48 1
0 96 97 98 50 50 50 1
0 97 99 98 50 50 50 1
0 100 101 102 51 52 52 1
0 101 103 102 52 53 52 1
0 104 105 106 54 54 54 1
0 105 107 106 54 54 54 1
0 108 109 110 55 55 55 1
0 109 111 110 55 55 55 1
0 112 113 114 56 57 57 1
0 113 115 114 57 58 57 1
0 116 117 118 59 59 59 1
0 117 119 118 59 59 59 1
0 120 121 122 60 61 61 1
0 121 123 122 61 62 61 1
0 124 125 126 63 64 64 1
0 125 127 126 64 65 64 1
0 128 129 130 66 67 67 1
0 129 131 130 67 68 67 1
0 132 133 134 69 70 70 1
0 133 135 134 70 71 70 1
0 136 137 138 72 73 73 1
0 137 139 138 73 74 73 1
0 140 141 142 75 76 76 1
0 141 143 142 76 77 76 1
0 144 145 146 78 78 78 1
0 145 147 146 78 79 78 1
0 148 149 150 80 81 81 1
0 149 151 150 81 82 81 1
0 152 153 154 83 83 83 1
0 153 155 154 83 83 83 1
0 156 157 158 84 84 84 1
0 157 159 158 84 84 84 1
0 160 161 162 85 86 86 1
0 161 163 162 86 87 86 1
0 164 165 166 88 89 89 1
0 165 167 166 89 89 89 1
0 168 169 170 90 90 90 1
0 169 171 170 90 90 90 1
0 172 173 174 91 92 92 1
0 173 175 174 92 93 92 1
0 176 177 178 94 94 94 1
0 177 179 178 94 94 94 1
0 180 181 182 95 95 95 1
0 181 183 182 95 95 95 1
0 184 185 186 96 97 97 1
0 185 187 186 97 98 97 1
0 188 189 190 99 100 100 1
0 189 191 190 100 100 100 1
"default" 0 0
53
0 0 15.794020 35.335831 0.248413 1.569824 -1
0 2.544495 11.742359 32.757496 0.022064 1.976074 -1
0 -2.544506 11.742359 32.757500 0.474854 1.976074 -1
0 -2.792561 11.742359 33.005539 0.022064 1.976074 -1
0 -2.792559 11.742359 38.094563 0.474854 1.976074 -1
0 -0.214220 15.794020 35.550068 0.248413 1.569824 -1
0 2.792561 11.742359 33.005543 0.474854 1.976074 -1
0 0.214233 15.794020 35.550064 0.248413 1.569824 -1
0 2.792553 11.742359 38.094559 0.022064 1.976074 -1
0 -2.544502 11.742359 38.342636 0.022064 1.976074 -1
0 2.544492 11.742359 38.342609 0.474854 1.976074 -1
0 -0.000002 15.794020 35.764240 0.248413 1.569824 -1
0 -2.630767 11.501942 32.919300 0.482422 2 -1
0 -2.792561 11.742359 33.005539 0.496826 1.976074 -1
0 2.792561 11.742359 33.005543 0 1.976074 -1
0 2.630759 11.501942 32.919296 0.014389 2 -1
0 -2.630770 11.501942 38.180828 0.482422 2 -1
0 -2.544502 11.742359 38.342636 0.496826 1.976074 -1
0 2.630766 11.501942 38.180817 0.482422 2 -1
0 2.792553 11.742359 38.094559 0.496826 1.976074 -1
0 -0.214220 15.794020 35.550068 0.267578 1.569824 -1
0 0.214233 15.794020 35.550064 0.229370 1.569824 -1
0 -2.792559 11.742359 38.094563 0.496826 1.976074 -1
0 -2.544502 11.742359 38.342636 0.474854 1.976074 -1
0 2.544492 11.742359 38.342609 0.022064 1.976074 -1
0 2.630766 11.501942 38.180817 0.014389 2 -1
0 -2.630767 11.501942 32.919300 0.014389 2 -1
0 2.630759 11.501942 32.919296 0.482422 2 -1
0 2.792553 11.742359 38.094559 0 1.976074 -1
0 -2.925007 25.144100 38.475060 0.503906 1.566406 -1
0 2.925012 25.144100 38.475056 0.503906 1.996094 -1
0 -2.925007 30.994095 38.475060 0.996094 1.566406 -1
0 2.925012 30.994095 38.475056 0.996094 1.996094 -1
0 2.924999 25.144100 32.625057 0.503906 1.566406 -1
0 -2.925016 25.144100 32.625057 0.996094 1.566406 -1
0 -2.925007 25.144100 38.475060 0.996094 1.996094 -1
0 2.925012 30.994095 38.475056 0.503906 1.566406 -1
0 2.924999 30.994095 32.625057 0.996094 1.566406 -1
0 2.924999 25.144100 32.625057 0.996094 1.996094 -1
0 -2.925016 25.144100 32.625057 0.503906 1.566406 -1
0 -2.925007 25.144100 38.475060 0.503906 1.996094 -1
0 -2.925016 30.994095 32.625057 0.996094 1.566406 -1
0 -2.925007 30.994095 38.475060 0.996094 1.996094 -1
0 -2.925007 30.994095 38.475060 0.503906 1.566406 -1
0 2.925012 30.994095 38.475056 0.503906 1.996094 -1
0 2.924999 30.994095 32.625057 0.996094 1.996094 -1
0 2.924999 30.994095 32.625057 0.503906 1.566406 -1
0 2.924999 25.144100 32.625057 0.503906 1.996094 -1
0 -2.925016 25.144100 32.625057 0.996094 1.996094 -1
0 2.630759 11.501942 32.919296 0 1.562500 -1
0 2.630766 11.501942 38.180817 0 2 -1
0 -2.630767 11.501942 32.919300 0.500000 1.562500 -1
0 -2.630770 11.501942 38.180828 0.500000 2 -1
36
-0.101945 0.877300 -0.468990
0.437174 0.274322 -0.856520
-0.310823 -0.033238 -0.949886
-0.999918 -0.012811 0
-0.949603 -0.236895 0.205268
-0.843660 0.536877 0
0.974206 -0.225659 0.000001
0.843662 0.536875 0.000001
0.999918 -0.012803 0.000002
0.000004 0.536883 0.843656
0.403130 0.186909 0.895852
0.101940 0.877290 0.469010
-0.375027 -0.421202 -0.825799
-0.644243 0.412172 -0.644256
0.684137 0.252670 -0.684189
0.247542 -0.478255 -0.842612
-0.449981 -0.560083 0.695575
-0.690302 -0.216864 0.690256
0.690268 -0.216843 0.690296
-0.460835 0.874087 0.153631
0.460822 0.874099 -0.153601
-0.527163 0.666511 0.527127
-0.459639 0.337751 0.821374
0.229826 -0.196259 0.953238
0.663869 -0.670146 0.331936
-0.829632 -0.558310 -0
0.829616 -0.558335 -0.000001
0.527103 0.666511 0.527186
0.000001 0 1
0.577351 -0.577351 0.577349
0 -1 0
1 0 -0.000002
-1 0 0.000002
-0.577351 0.577351 -0.577350
0 1 0
0 0 -1
40
0 0 1 2 0 1 2 1
0 3 4 5 3 4 5 1
0 6 7 8 6 7 8 1
0 9 10 11 9 10 11 1
0 2 12 13 2 12 13 1
0 14 15 1 14 15 1 1
0 4 16 17 4 16 17 1
0 10 18 19 10 18 18 1
0 2 13 0 2 13 0 1
0 13 20 0 13 19 0 1
0 0 21 1 0 20 1 1
0 21 14 1 20 14 1 1
0 22 23 20 21 22 19 1
0 23 11 20 22 11 19 1
0 23 16 24 22 16 23 1
0 16 25 24 16 24 23 1
0 16 4 26 16 4 25 1
0 4 3 26 4 3 25 1
0 12 2 15 12 2 15 1
0 2 1 15 2 1 15 1
0 27 6 25 26 6 24 1
0 6 8 25 6 8 24 1
0 21 11 28 20 11 27 1
0 11 24 28 11 23 27 1
0 29 30 31 28 29 28 1
0 30 32 31 29 28 28 1
0 33 30 34 30 29 30 1
0 30 35 34 29 30 30 1
0 36 30 37 31 29 31 1
0 30 38 37 29 31 31 1
0 39 40 41 32 32 33 1
0 40 42 41 32 32 33 1
0 43 44 41 34 34 33 1
0 44 45 41 34 34 33 1
0 46 47 41 35 35 33 1
0 47 48 41 35 35 33 1
0 49 50 51 30 30 30 1
0 50 52 51 30 30 30 1
0 20 11 0 19 11 0 1
0 11 21 0 11 20 0 1

Materials: 3
"Tex_0000_0_dds"
1 1 1 1
0.800000 0.800000 0.800000 1
0.498039 0.498039 0.498039 1
1 1 1 1
0.185600
1
"Tex_0000_0.png"
""
"Tex_0001_0_dds"
1 1 1 1
0.800000 0.800000 0.800000 1
0.498039 0.498039 0.498039 1
1 1 1 1
0.185600
1
"Tex_0001_0.png"
""
"Tex_0010_0_dds"
1 1 1 1
1 1 1 1
1 1 1 1
1 1 1 1
0.185600
1
""
""

Bones: 0
GroupComments: 0
MaterialComments: 0
BoneComments: 0
ModelComment: 0
