// MilkShape 3D ASCII

Frames: 30
Frame: 1

Meshes: 1
"Tex_0010_0_dds" 0 0
97
0 -0.000002 11.619125 35.550045 0.746094 1.246094 -1
0 -2.700004 11.619125 38.250069 0.996094 1.003906 -1
0 2.700007 11.619125 38.250057 0.503906 1.003906 -1
0 2.700002 11.619125 32.850040 0.996094 1.003906 -1
0 -2.700005 11.619125 32.850056 0.503906 1.003906 -1
0 -2.700005 11.619125 32.850056 0.996094 1.003906 -1
0 -2.700004 11.619125 38.250069 0.503906 1.003906 -1
0 2.700007 11.619125 38.250057 0.996094 1.003906 -1
0 2.700002 11.619125 32.850040 0.503906 1.003906 -1
0 0.000007 16.009106 35.320957 0.249390 1.501465 -1
0 2.721114 11.676228 32.563667 0.022156 1.972168 -1
0 -2.721107 11.676228 32.563690 0.476562 1.972168 -1
0 -2.986394 11.676228 32.828945 0.022156 1.972168 -1
0 -2.986383 11.676228 38.271175 0.476562 1.972168 -1
0 -0.229093 16.009106 35.550056 0.249390 1.501465 -1
0 2.986388 11.676228 32.828960 0.476562 1.972168 -1
0 0.229088 16.009106 35.550056 0.249390 1.501465 -1
0 2.986385 11.676228 38.271164 0.022156 1.972168 -1
0 -2.721116 11.676228 38.536438 0.476562 1.972168 -1
0 2.721107 11.676228 38.536442 0.022156 1.972168 -1
0 -0.000004 16.009106 35.779163 0.249390 1.501465 -1
0 -2.813378 11.419117 32.736687 0.484375 2 -1
0 -2.986394 11.676228 32.828945 0.498779 1.972168 -1
0 2.986388 11.676228 32.828960 0 1.972168 -1
0 2.813354 11.419117 32.736664 0.014450 2 -1
0 -2.986383 11.676228 38.271175 0.498779 1.972168 -1
0 -2.813377 11.419117 38.363445 0.484375 2 -1
0 2.813372 11.419117 38.363426 0.014450 2 -1
0 2.986385 11.676228 38.271164 0 1.972168 -1
0 3.150011 25.141842 38.477333 0.017578 1.479492 -1
0 2.927277 25.141842 38.700054 0 1.479492 -1
0 2.927265 24.919102 38.477348 0.017578 1.497070 -1
0 3.150011 30.996353 38.477333 0.017578 1.017578 -1
0 2.927265 31.219101 38.477348 0.017578 1 -1
0 2.927277 30.996353 38.700054 0 1.017578 -1
0 -2.927256 31.219101 38.477348 0.479492 1 -1
0 -3.150007 30.996353 38.477325 0.479492 1.017578 -1
0 -2.927261 30.996353 38.700062 0.497070 1.017578 -1
0 -3.150007 25.141842 38.477325 0.479492 1.479492 -1
0 -2.927256 24.919102 38.477348 0.479492 1.497070 -1
0 -2.927261 25.141842 38.700062 0.497070 1.479492 -1
0 -3.150004 25.141842 32.622776 0.017578 1.479492 -1
0 -2.927270 25.141842 32.400047 0 1.479492 -1
0 -2.927265 24.919102 32.622784 0.017578 1.497070 -1
0 2.927273 25.141842 32.400051 0.497070 1.479492 -1
0 3.149997 25.141842 32.622761 0.479492 1.479492 -1
0 2.927263 24.919102 32.622784 0.479492 1.497070 -1
0 2.927273 30.996353 32.400051 0.497070 1.017578 -1
0 2.927263 31.219101 32.622784 0.479492 1 -1
0 3.149997 30.996353 32.622761 0.479492 1.017578 -1
0 -2.927265 31.219101 32.622784 0.017578 1 -1
0 -2.927270 30.996353 32.400047 0 1.017578 -1
0 -3.150004 30.996353 32.622776 0.017578 1.017578 -1
0 0.229088 16.009106 35.550056 0.230225 1.501465 -1
0 -0.229093 16.009106 35.550056 0.268555 1.501465 -1
0 -2.927261 25.141842 38.700062 0.017578 1.479492 -1
0 2.927277 25.141842 38.700054 0.479492 1.479492 -1
0 -2.927261 30.996353 38.700062 0.017578 1.017578 -1
0 2.927277 30.996353 38.700054 0.479492 1.017578 -1
0 2.927263 24.919102 32.622784 0.017578 1.017578 -1
0 2.927265 24.919102 38.477348 0.017578 1.479492 -1
0 -2.927265 24.919102 32.622784 0.479492 1.017578 -1
0 -2.927256 24.919102 38.477348 0.479492 1.479492 -1
0 -2.927256 31.219101 38.477348 0.479492 1.017578 -1
0 2.927265 31.219101 38.477348 0.017578 1.017578 -1
0 -2.927265 31.219101 32.622784 0.479492 1.479492 -1
0 2.927263 31.219101 32.622784 0.017578 1.479492 -1
0 2.927273 30.996353 32.400051 0.017578 1.017578 -1
0 2.927273 25.141842 32.400051 0.017578 1.479492 -1
0 -2.927270 30.996353 32.400047 0.479492 1.017578 -1
0 -2.927270 25.141842 32.400047 0.479492 1.479492 -1
0 2.927265 31.219101 38.477348 0.479492 1 -1
0 -2.927256 31.219101 38.477348 0.017578 1 -1
0 -2.927256 24.919102 38.477348 0.017578 1.497070 -1
0 2.927265 24.919102 38.477348 0.479492 1.497070 -1
0 -2.927265 24.919102 32.622784 0.479492 1.497070 -1
0 2.927263 24.919102 32.622784 0.017578 1.497070 -1
0 2.927263 31.219101 32.622784 0.017578 1 -1
0 -2.927265 31.219101 32.622784 0.479492 1 -1
0 -3.150011 11.394119 38.700062 0.503906 1.003906 -1
0 -0.000002 11.394119 35.550045 0.503906 1.246094 -1
0 -3.150011 24.356606 38.700062 0.981445 1.003906 -1
0 -0.000002 24.356606 35.550045 0.981445 1.246094 -1
0 -0.000002 24.806595 35.550045 0.996094 1.246094 -1
0 -3.150011 24.806595 38.700062 0.996094 1.003906 -1
0 3.374999 11.394119 32.175064 0.996094 1.003906 -1
0 3.374999 24.356606 32.175064 0.518555 1.003906 -1
0 -0.000002 11.394119 35.550045 0.996094 1.246094 -1
0 -0.000002 24.356606 35.550045 0.518555 1.246094 -1
0 3.374999 24.806595 32.175064 0.503906 1.003906 -1
0 -0.000002 24.806595 35.550045 0.503906 1.246094 -1
0 3.150008 11.394119 38.700073 0.503906 1.003906 -1
0 3.150008 24.356606 38.700073 0.981445 1.003906 -1
0 3.150008 24.806595 38.700073 0.996094 1.003906 -1
0 -3.375008 11.394119 32.175041 0.996094 1.003906 -1
0 -3.375008 24.356606 32.175041 0.518555 1.003906 -1
0 -3.375008 24.806595 32.175041 0.503906 1.003906 -1
72
0 1 0
-0.101935 0.877299 -0.468994
0.437196 0.274366 -0.856494
-0.310810 -0.033161 -0.949893
-0.843661 0.536877 0.000002
0.843660 0.536877 0
-0.437181 0.274373 0.856500
0.310831 -0.033176 0.949886
0.101944 0.877302 0.468986
-0.695608 -0.560017 -0.450011
-0.814777 0.176606 -0.552222
0.900636 -0.208786 -0.381134
0.449985 -0.560023 -0.695620
-0.900634 -0.208759 0.381153
-0.449993 -0.560008 0.695627
0.695601 -0.560048 0.449985
0.814801 0.176599 0.552189
0.892857 -0.244076 0.378460
0.673871 -0.302890 0.673910
0.692705 -0.692697 0.200824
0.841996 0.453360 0.292416
0.673895 0.673870 0.302927
0.692685 0.200798 0.692725
-0.692713 0.692689 0.200826
-0.841988 0.292395 0.453389
-0.673878 0.302881 0.673907
-0.892861 -0.378445 0.244087
-0.673883 -0.673884 0.302922
-0.692689 -0.200802 0.692719
-0.841989 -0.292405 -0.453380
-0.673879 -0.302909 -0.673894
-0.692694 -0.692711 -0.200814
0.692680 -0.200819 -0.692724
0.841986 -0.453380 -0.292413
0.673880 -0.673892 -0.302912
0.673865 0.302907 -0.673909
0.692706 0.692697 -0.200820
0.892858 0.244076 -0.378460
-0.673894 0.673878 -0.302911
-0.692695 0.200811 -0.692711
-0.892863 0.378443 -0.244082
0.460856 0.874081 -0.153607
-0.460846 0.874085 0.153609
0.000001 -0.382656 0.923891
0.000001 -0.382652 0.923893
0.000001 0.382644 0.923896
0.000001 0.382640 0.923898
0 -1 0
0 0.505432 -0.862867
0.000001 -0.252720 -0.967540
0.000001 0.252717 -0.967540
0 -0.505442 -0.862861
0 0.707046 0.707167
0 0.707052 0.707161
0 -0.707058 0.707155
0 -0.707052 0.707161
0 -0.707101 -0.707113
0 -0.707098 -0.707116
0 0.707083 -0.707131
0 0.707086 -0.707128
0.707108 0 0.707106
1 0 0.000001
1 0 0.000001
1 0 0.000001
0.707105 0 0.707109
0.707105 0 0.707109
1 0 0.000001
1 0 0.000001
1 0 0.000001
0.707109 0 -0.707105
0.707109 0 -0.707105
0.707107 0 -0.707107
90
0 0 1 2 0 0 0 1
0 0 3 4 0 0 0 1
0 0 5 6 0 0 0 1
0 0 7 8 0 0 0 1
0 9 10 11 1 2 3 1
0 12 13 14 4 4 4 1
0 15 16 17 5 5 5 1
0 18 19 20 6 7 8 1
0 11 21 22 3 9 10 1
0 23 24 10 11 12 2 1
0 25 26 18 13 14 6 1
0 19 27 28 7 15 16 1
0 29 30 31 17 18 19 1
0 32 33 34 20 21 22 1
0 35 36 37 23 24 25 1
0 38 39 40 26 27 28 1
0 41 42 43 29 30 31 1
0 44 45 46 32 33 34 1
0 47 48 49 35 36 37 1
0 50 51 52 38 39 40 1
0 53 20 28 41 8 16 1
0 20 19 28 8 7 16 1
0 54 20 9 42 8 1 1
0 20 53 9 8 41 1 1
0 11 22 9 3 10 1 1
0 22 54 9 10 42 1 1
0 9 53 10 1 41 2 1
0 53 23 10 41 11 2 1
0 25 18 54 13 6 42 1
0 18 20 54 6 8 42 1
0 18 26 19 6 14 7 1
0 26 27 19 14 15 7 1
0 26 25 21 14 13 9 1
0 25 22 21 13 10 9 1
0 21 11 24 9 3 12 1
0 11 10 24 3 2 12 1
0 24 23 27 12 11 15 1
0 23 28 27 11 16 15 1
0 55 56 57 43 44 45 1
0 56 58 57 44 46 45 1
0 59 60 61 47 47 47 1
0 60 62 61 47 47 47 1
0 32 29 49 20 17 37 1
0 29 45 49 17 33 37 1
0 41 38 52 29 26 40 1
0 38 36 52 26 24 40 1
0 63 64 65 0 0 0 1
0 64 66 65 0 0 0 1
0 67 68 69 48 49 50 1
0 68 70 69 49 51 50 1
0 30 29 34 18 17 22 1
0 29 32 34 17 20 22 1
0 58 71 57 46 52 45 1
0 71 72 57 52 53 45 1
0 37 36 40 25 24 28 1
0 36 38 40 24 26 28 1
0 55 73 56 43 54 44 1
0 73 74 56 54 55 44 1
0 39 38 43 27 26 31 1
0 38 41 43 26 29 31 1
0 75 70 76 56 51 57 1
0 70 68 76 51 49 57 1
0 46 45 31 34 33 19 1
0 45 29 31 33 17 19 1
0 45 44 49 33 32 37 1
0 44 47 49 32 35 37 1
0 49 48 32 37 36 20 1
0 48 33 32 36 21 20 1
0 36 35 52 24 23 40 1
0 35 50 52 23 38 40 1
0 52 51 41 40 39 29 1
0 51 42 41 39 30 29 1
0 77 67 78 58 48 59 1
0 67 69 78 48 50 59 1
0 79 80 81 60 61 60 1
0 80 82 81 61 62 60 1
0 82 83 81 62 63 60 1
0 81 83 84 60 63 60 1
0 85 86 87 64 65 66 1
0 87 86 88 66 65 67 1
0 86 89 88 65 65 67 1
0 88 89 90 67 65 68 1
0 91 80 92 69 61 69 1
0 80 82 92 61 62 69 1
0 82 83 92 62 63 69 1
0 92 83 93 69 63 70 1
0 94 95 87 71 71 66 1
0 87 95 88 66 71 67 1
0 95 96 88 71 71 67 1
0 88 96 90 67 71 68 1

Materials: 1
"Tex_0010_0_dds"
1 1 1 1
1 1 1 1
1 1 1 1
1 1 1 1
0.185600
1
"Tex_0010_1.png"
""

Bones: 0
GroupComments: 0
MaterialComments: 0
BoneComments: 0
ModelComment: 0
