// MilkShape 3D ASCII

Frames: 30
Frame: 1

Meshes: 5
"Plane01" 0 0
4
0 159.333328 37.099998 -7.666667 0.502924 0.571132 0
0 159.333328 22.099998 -7.666667 0.502924 0.994304 0
0 159.333328 22.099998 7.666667 0.988266 0.994304 0
0 159.333328 37.099998 7.666667 0.988266 0.571132 0
1
-1 0 0
2
0 0 1 2 0 0 0 1
0 0 2 3 0 0 0 1
"Duplicate03" 0 0
4
0 157.742889 37.099998 -23.729057 0.502924 0.571132 0
0 157.742889 22.099998 -23.729057 0.502924 0.994304 0
0 159.292419 22.099998 -8.474217 0.988266 0.994304 0
0 159.292419 37.099998 -8.474217 0.988266 0.571132 0
1
-0.994881 0 0.101056
2
0 0 1 2 0 0 0 1
0 0 2 3 0 0 0 1
"Duplicate04" 0 0
4
0 154.537399 37.099998 -39.548492 0.502924 0.571132 0
0 154.537399 22.099998 -39.548492 0.502924 0.994304 0
0 157.620590 22.099998 -24.528337 0.988266 0.994304 0
0 157.620590 37.099998 -24.528337 0.988266 0.571132 0
1
-0.979575 0 0.201078
2
0 0 1 2 0 0 0 1
0 0 2 3 0 0 0 1
"Duplicate05" 0 0
4
0 159.292450 37.099998 8.474221 0.502924 0.571132 0
0 159.292450 22.099998 8.474221 0.502924 0.994304 0
0 157.742905 22.099998 23.729061 0.988266 0.994304 0
0 157.742905 37.099998 23.729061 0.988266 0.571132 0
1
-0.994881 0 -0.101057
2
0 0 1 2 0 0 0 1
0 0 2 3 0 0 0 1
"Duplicate06" 0 0
4
0 157.620621 37.099998 24.528345 0.502924 0.571132 0
0 157.620621 22.099998 24.528345 0.502924 0.994304 0
0 154.537415 22.099998 39.548496 0.988266 0.994304 0
0 154.537415 37.099998 39.548496 0.988266 0.571132 0
1
-0.979575 0 -0.201079
2
0 0 1 2 0 0 0 1
0 0 2 3 0 0 0 1

Materials: 1
"Material01"
0.200000 0.200000 0.200000 1
0.800000 0.800000 0.800000 1
0 0 0 1
1 1 1 1
0
1
"Tex_0000_0.png"
""

Bones: 1
"Camara"
""
8 0 0 0 0 -0 0
2
0 0 0 0
160 0 0 0
5
0 0 -0 0
40 -0 1.570796 0
80 -3.141592 0.007894 -3.141592
120 -3.141592 -1.547075 -3.141592
160 0 -0.015627 0
GroupComments: 0
MaterialComments: 0
BoneComments: 0
ModelComment: 0
