// MilkShape 3D ASCII

Frames: 30
Frame: 1

Meshes: 1
"Tex_0001_0_dds1" 0 0
320
0 40.218689 -11.830432 -12.154707 0 1 -1
0 39.306030 -14.959129 -17.546225 0 2 -1
0 37.943085 -9.267722 -13.256639 1 1 -1
0 37.030457 -12.396412 -18.648161 1 2 -1
0 38.620972 -15.406078 -17.170897 0 1 -1
0 39.533569 -12.277393 -11.779376 1 1 -1
0 40.218689 -11.830432 -12.154707 1 2 -1
0 37.030457 -12.396412 -18.648161 0 1 -1
0 36.345337 -12.843361 -18.272831 1 1 -1
0 38.620972 -15.406078 -17.170897 1 2 -1
0 39.533569 -12.277393 -11.779376 0 1 -1
0 40.218689 -11.830432 -12.154707 0 2 -1
0 37.257996 -9.714669 -12.881309 1 1 -1
0 37.943085 -9.267722 -13.256639 1 2 -1
0 37.943085 -9.267722 -13.256639 0 1 -1
0 37.030457 -12.396412 -18.648161 0 2 -1
0 36.345337 -12.843361 -18.272831 1 2 -1
0 36.345337 -12.843361 -18.272831 0 1 -1
0 38.620972 -15.406078 -17.170897 0 2 -1
0 39.533569 -12.277393 -11.779376 1 2 -1
0 45.087463 -1.311882 -4.394327 0 1 -1
0 44.374329 -1.311882 -10.653835 0 2 -1
0 45.087463 2.288111 -4.394327 1 1 -1
0 44.374329 2.288111 -10.653835 1 2 -1
0 43.480103 -1.311882 -10.551965 0 1 -1
0 44.193237 -1.311882 -4.292456 1 1 -1
0 45.087463 -1.311882 -4.394327 1 2 -1
0 44.374329 2.288111 -10.653835 0 1 -1
0 43.480103 2.288111 -10.551965 1 1 -1
0 43.480103 -1.311882 -10.551965 1 2 -1
0 44.193237 -1.311882 -4.292456 0 1 -1
0 45.087463 -1.311882 -4.394327 0 2 -1
0 44.193237 2.288111 -4.292456 1 1 -1
0 45.087463 2.288111 -4.394327 1 2 -1
0 45.087463 2.288111 -4.394327 0 1 -1
0 44.374329 2.288111 -10.653835 0 2 -1
0 43.480103 2.288111 -10.551965 1 2 -1
0 43.480103 2.288111 -10.551965 0 1 -1
0 43.480103 -1.311882 -10.551965 0 2 -1
0 44.193237 -1.311882 -4.292456 1 2 -1
0 3.873932 -2.990340 45.959679 0 1 -1
0 9.948364 -2.990340 44.288948 0 2 -1
0 3.873932 0.609668 45.959679 1 1 -1
0 9.948364 0.609668 44.288948 1 2 -1
0 9.709686 -2.990340 43.421173 0 1 -1
0 3.635254 -2.990340 45.091904 1 1 -1
0 3.873932 -2.990340 45.959679 1 2 -1
0 9.948364 0.609668 44.288948 0 1 -1
0 9.709686 0.609668 43.421173 1 1 -1
0 9.709686 -2.990340 43.421173 1 2 -1
0 3.635254 -2.990340 45.091904 0 1 -1
0 3.873932 -2.990340 45.959679 0 2 -1
0 3.635254 0.609668 45.091904 1 1 -1
0 3.873932 0.609668 45.959679 1 2 -1
0 3.873932 0.609668 45.959679 0 1 -1
0 9.948364 0.609668 44.288948 0 2 -1
0 9.709686 0.609668 43.421173 1 2 -1
0 9.709686 0.609668 43.421173 0 1 -1
0 9.709686 -2.990340 43.421173 0 2 -1
0 3.635254 -2.990340 45.091904 1 2 -1
0 -33.182739 -19.190369 37.865917 0 1 -1
0 -27.858704 -19.190369 41.234089 0 2 -1
0 -33.182739 -15.590366 37.865917 1 1 -1
0 -27.858704 -15.590366 41.234089 1 2 -1
0 -27.377533 -19.190369 40.473511 0 1 -1
0 -32.701569 -19.190369 37.105331 1 1 -1
0 -33.182739 -19.190369 37.865917 1 2 -1
0 -27.858704 -15.590366 41.234089 0 1 -1
0 -27.377533 -15.590366 40.473511 1 1 -1
0 -27.377533 -19.190369 40.473511 1 2 -1
0 -32.701569 -19.190369 37.105331 0 1 -1
0 -33.182739 -19.190369 37.865917 0 2 -1
0 -32.701569 -15.590366 37.105331 1 1 -1
0 -33.182739 -15.590366 37.865917 1 2 -1
0 -33.182739 -15.590366 37.865917 0 1 -1
0 -27.858704 -15.590366 41.234089 0 2 -1
0 -27.377533 -15.590366 40.473511 1 2 -1
0 -27.377533 -15.590366 40.473511 0 1 -1
0 -27.377533 -19.190369 40.473511 0 2 -1
0 -32.701569 -19.190369 37.105331 1 2 -1
0 -45.130493 -9.965349 -25.091532 0 1 -1
0 -48.135498 -9.965349 -19.554398 0 2 -1
0 -45.130493 -6.365335 -25.091532 1 1 -1
0 -48.135498 -6.365335 -19.554398 1 2 -1
0 -47.344482 -9.965349 -19.125107 0 1 -1
0 -44.339478 -9.965349 -24.662245 1 1 -1
0 -45.130493 -9.965349 -25.091532 1 2 -1
0 -48.135498 -6.365335 -19.554398 0 1 -1
0 -47.344482 -6.365335 -19.125107 1 1 -1
0 -47.344482 -9.965349 -19.125107 1 2 -1
0 -44.339478 -9.965349 -24.662245 0 1 -1
0 -45.130493 -9.965349 -25.091532 0 2 -1
0 -44.339478 -6.365335 -24.662245 1 1 -1
0 -45.130493 -6.365335 -25.091532 1 2 -1
0 -45.130493 -6.365335 -25.091532 0 1 -1
0 -48.135498 -6.365335 -19.554398 0 2 -1
0 -47.344482 -6.365335 -19.125107 1 2 -1
0 -47.344482 -6.365335 -19.125107 0 1 -1
0 -47.344482 -9.965349 -19.125107 0 2 -1
0 -44.339478 -9.965349 -24.662245 1 2 -1
0 -39.922607 -9.965349 -16.298258 0 1 -1
0 -42.578064 -9.965349 -10.585238 0 2 -1
0 -39.922607 -6.365335 -16.298258 1 1 -1
0 -42.578064 -6.365335 -10.585238 1 2 -1
0 -41.761932 -9.965349 -10.205888 0 1 -1
0 -39.106476 -9.965349 -15.918903 1 1 -1
0 -39.922607 -9.965349 -16.298258 1 2 -1
0 -42.578064 -6.365335 -10.585238 0 1 -1
0 -41.761932 -6.365335 -10.205888 1 1 -1
0 -41.761932 -9.965349 -10.205888 1 2 -1
0 -39.106476 -9.965349 -15.918903 0 1 -1
0 -39.922607 -9.965349 -16.298258 0 2 -1
0 -39.106476 -6.365335 -15.918903 1 1 -1
0 -39.922607 -6.365335 -16.298258 1 2 -1
0 -39.922607 -6.365335 -16.298258 0 1 -1
0 -42.578064 -6.365335 -10.585238 0 2 -1
0 -41.761932 -6.365335 -10.205888 1 2 -1
0 -41.761932 -6.365335 -10.205888 0 1 -1
0 -41.761932 -9.965349 -10.205888 0 2 -1
0 -39.106476 -9.965349 -15.918903 1 2 -1
0 28.588013 -18.662918 13.222094 0 1 -1
0 30.074646 -14.642200 8.605399 0 2 -1
0 31.034912 -17.112923 15.359914 1 1 -1
0 32.521484 -13.092186 10.743219 1 2 -1
0 29.449585 -14.067825 8.904370 0 1 -1
0 27.962952 -18.088531 13.521065 1 1 -1
0 28.588013 -18.662918 13.222094 1 2 -1
0 32.521484 -13.092186 10.743219 0 1 -1
0 31.896423 -12.517796 11.042186 1 1 -1
0 29.449585 -14.067825 8.904370 1 2 -1
0 27.962952 -18.088531 13.521065 0 1 -1
0 28.588013 -18.662918 13.222094 0 2 -1
0 30.409851 -16.538528 15.658880 1 1 -1
0 31.034912 -17.112923 15.359914 1 2 -1
0 31.034912 -17.112923 15.359914 0 1 -1
0 32.521484 -13.092186 10.743219 0 2 -1
0 31.896423 -12.517796 11.042186 1 2 -1
0 31.896423 -12.517796 11.042186 0 1 -1
0 29.449585 -14.067825 8.904370 0 2 -1
0 27.962952 -18.088531 13.521065 1 2 -1
0 2.226990 -5.392744 -37.294029 0 1 -1
0 -3.950867 -5.392744 -38.528336 0 2 -1
0 2.226990 -1.792752 -37.294029 1 1 -1
0 -3.950867 -1.792752 -38.528336 1 2 -1
0 -4.127197 -5.392744 -37.645779 0 1 -1
0 2.050690 -5.392744 -36.411469 1 1 -1
0 2.226990 -5.392744 -37.294029 1 2 -1
0 -3.950867 -1.792752 -38.528336 0 1 -1
0 -4.127197 -1.792752 -37.645779 1 1 -1
0 -4.127197 -5.392744 -37.645779 1 2 -1
0 2.050690 -5.392744 -36.411469 0 1 -1
0 2.226990 -5.392744 -37.294029 0 2 -1
0 2.050690 -1.792752 -36.411469 1 1 -1
0 2.226990 -1.792752 -37.294029 1 2 -1
0 2.226990 -1.792752 -37.294029 0 1 -1
0 -3.950867 -1.792752 -38.528336 0 2 -1
0 -4.127197 -1.792752 -37.645779 1 2 -1
0 -4.127197 -1.792752 -37.645779 0 1 -1
0 -4.127197 -5.392744 -37.645779 0 2 -1
0 2.050690 -5.392744 -36.411469 1 2 -1
0 28.730957 6.432569 37.199585 0 1 -1
0 29.943420 2.133584 32.756756 0 2 -1
0 32.204895 7.376308 37.234447 1 1 -1
0 33.417328 3.077332 32.791607 1 2 -1
0 29.782959 2.747725 32.118721 0 1 -1
0 28.570526 7.046720 36.561546 1 1 -1
0 28.730957 6.432569 37.199585 1 2 -1
0 33.417328 3.077332 32.791607 0 1 -1
0 33.256897 3.691473 32.153572 1 1 -1
0 29.782959 2.747725 32.118721 1 2 -1
0 28.570526 7.046720 36.561546 0 1 -1
0 28.730957 6.432569 37.199585 0 2 -1
0 32.044434 7.990468 36.596409 1 1 -1
0 32.204895 7.376308 37.234447 1 2 -1
0 32.204895 7.376308 37.234447 0 1 -1
0 33.417328 3.077332 32.791607 0 2 -1
0 33.256897 3.691473 32.153572 1 2 -1
0 33.256897 3.691473 32.153572 0 1 -1
0 29.782959 2.747725 32.118721 0 2 -1
0 28.570526 7.046720 36.561546 1 2 -1
0 -33.182739 -8.437995 37.865917 0 1 -1
0 -27.858704 -8.437995 41.234089 0 2 -1
0 -33.182739 -4.837999 37.865917 1 1 -1
0 -27.858704 -4.837999 41.234089 1 2 -1
0 -27.377533 -8.437995 40.473511 0 1 -1
0 -32.701569 -8.437995 37.105331 1 1 -1
0 -33.182739 -8.437995 37.865917 1 2 -1
0 -27.858704 -4.837999 41.234089 0 1 -1
0 -27.377533 -4.837999 40.473511 1 1 -1
0 -27.377533 -8.437995 40.473511 1 2 -1
0 -32.701569 -8.437995 37.105331 0 1 -1
0 -33.182739 -8.437995 37.865917 0 2 -1
0 -32.701569 -4.837999 37.105331 1 1 -1
0 -33.182739 -4.837999 37.865917 1 2 -1
0 -33.182739 -4.837999 37.865917 0 1 -1
0 -27.858704 -4.837999 41.234089 0 2 -1
0 -27.377533 -4.837999 40.473511 1 2 -1
0 -27.377533 -4.837999 40.473511 0 1 -1
0 -27.377533 -8.437995 40.473511 0 2 -1
0 -32.701569 -8.437995 37.105331 1 2 -1
0 -22.126495 3.262022 -47.978714 0 1 -1
0 -28.021820 3.262022 -45.757164 0 2 -1
0 -22.126495 6.862026 -47.978714 1 1 -1
0 -28.021820 6.862026 -45.757164 1 2 -1
0 -27.704437 3.262022 -44.914982 0 1 -1
0 -21.809143 3.262022 -47.136528 1 1 -1
0 -22.126495 3.262022 -47.978714 1 2 -1
0 -28.021820 6.862026 -45.757164 0 1 -1
0 -27.704437 6.862026 -44.914982 1 1 -1
0 -27.704437 3.262022 -44.914982 1 2 -1
0 -21.809143 3.262022 -47.136528 0 1 -1
0 -22.126495 3.262022 -47.978714 0 2 -1
0 -21.809143 6.862026 -47.136528 1 1 -1
0 -22.126495 6.862026 -47.978714 1 2 -1
0 -22.126495 6.862026 -47.978714 0 1 -1
0 -28.021820 6.862026 -45.757164 0 2 -1
0 -27.704437 6.862026 -44.914982 1 2 -1
0 -27.704437 6.862026 -44.914982 0 1 -1
0 -27.704437 3.262022 -44.914982 0 2 -1
0 -21.809143 3.262022 -47.136528 1 2 -1
0 -50.753174 6.761580 -14.760158 0 1 -1
0 -54.337463 6.249462 -9.604526 0 2 -1
0 -53.624786 6.086286 -16.823627 1 1 -1
0 -57.209076 5.574167 -11.667992 1 2 -1
0 -54.517578 7.130460 -9.642218 0 1 -1
0 -50.933258 7.642576 -14.797854 1 1 -1
0 -50.753174 6.761580 -14.760158 1 2 -1
0 -57.209076 5.574167 -11.667992 0 1 -1
0 -57.389160 6.455167 -11.705684 1 1 -1
0 -54.517578 7.130460 -9.642218 1 2 -1
0 -50.933258 7.642576 -14.797854 0 1 -1
0 -50.753174 6.761580 -14.760158 0 2 -1
0 -53.804871 6.967281 -16.861320 1 1 -1
0 -53.624786 6.086286 -16.823627 1 2 -1
0 -53.624786 6.086286 -16.823627 0 1 -1
0 -57.209076 5.574167 -11.667992 0 2 -1
0 -57.389160 6.455167 -11.705684 1 2 -1
0 -57.389160 6.455167 -11.705684 0 1 -1
0 -54.517578 7.130460 -9.642218 0 2 -1
0 -50.933258 7.642576 -14.797854 1 2 -1
0 -9.116302 4.072026 51.181450 0 1 -1
0 -1.510345 6.422132 52.992805 0 2 -1
0 -11.268524 7.130338 48.780323 1 1 -1
0 -3.662567 9.480449 50.591675 1 2 -1
0 -1.649109 6.086408 51.884506 0 1 -1
0 -9.255066 3.736303 50.073151 1 1 -1
0 -9.116302 4.072026 51.181450 1 2 -1
0 -3.662567 9.480449 50.591675 0 1 -1
0 -3.801331 9.144706 49.483376 1 1 -1
0 -1.649109 6.086408 51.884506 1 2 -1
0 -9.255066 3.736303 50.073151 0 1 -1
0 -9.116302 4.072026 51.181450 0 2 -1
0 -11.407288 6.794616 47.672028 1 1 -1
0 -11.268524 7.130338 48.780323 1 2 -1
0 -11.268524 7.130338 48.780323 0 1 -1
0 -3.662567 9.480449 50.591675 0 2 -1
0 -3.801331 9.144706 49.483376 1 2 -1
0 -3.801331 9.144706 49.483376 0 1 -1
0 -1.649109 6.086408 51.884506 0 2 -1
0 -9.255066 3.736303 50.073151 1 2 -1
0 -29.575226 -8.016638 -29.511580 0 1 -1
0 -34.428467 -8.016638 -25.494600 0 2 -1
0 -29.575226 -4.416658 -29.511580 1 1 -1
0 -34.428467 -4.416658 -25.494600 1 2 -1
0 -33.854614 -8.016638 -24.801281 0 1 -1
0 -29.001373 -8.016638 -28.818260 1 1 -1
0 -29.575226 -8.016638 -29.511580 1 2 -1
0 -34.428467 -4.416658 -25.494600 0 1 -1
0 -33.854614 -4.416658 -24.801281 1 1 -1
0 -33.854614 -8.016638 -24.801281 1 2 -1
0 -29.001373 -8.016638 -28.818260 0 1 -1
0 -29.575226 -8.016638 -29.511580 0 2 -1
0 -29.001373 -4.416658 -28.818260 1 1 -1
0 -29.575226 -4.416658 -29.511580 1 2 -1
0 -29.575226 -4.416658 -29.511580 0 1 -1
0 -34.428467 -4.416658 -25.494600 0 2 -1
0 -33.854614 -4.416658 -24.801281 1 2 -1
0 -33.854614 -4.416658 -24.801281 0 1 -1
0 -33.854614 -8.016638 -24.801281 0 2 -1
0 -29.001373 -8.016638 -28.818260 1 2 -1
0 -27.539093 -12.187992 31.061695 0 1 -1
0 -22.375244 -12.187992 34.670696 0 2 -1
0 -27.539093 -7.237982 31.061695 1 1 -1
0 -22.375244 -7.237982 34.670696 1 2 -1
0 -21.859680 -12.187992 33.933006 0 1 -1
0 -27.023499 -12.187992 30.324005 1 1 -1
0 -27.539093 -12.187992 31.061695 1 2 -1
0 -22.375244 -7.237982 34.670696 0 1 -1
0 -21.859680 -7.237982 33.933006 1 1 -1
0 -21.859680 -12.187992 33.933006 1 2 -1
0 -27.023499 -12.187992 30.324005 0 1 -1
0 -27.539093 -12.187992 31.061695 0 2 -1
0 -27.023499 -7.237982 30.324005 1 1 -1
0 -27.539093 -7.237982 31.061695 1 2 -1
0 -27.539093 -7.237982 31.061695 0 1 -1
0 -22.375244 -7.237982 34.670696 0 2 -1
0 -21.859680 -7.237982 33.933006 1 2 -1
0 -21.859680 -7.237982 33.933006 0 1 -1
0 -21.859680 -12.187992 33.933006 0 2 -1
0 -27.023499 -12.187992 30.324005 1 2 -1
0 22.085144 1.869983 -41.986389 0 1 -1
0 15.839325 2.277048 -42.703144 0 2 -1
0 22.549988 3.103485 -45.336388 1 1 -1
0 16.304138 3.510529 -46.053139 1 2 -1
0 15.858337 3.120575 -42.389915 0 1 -1
0 22.104187 2.713515 -41.673164 1 1 -1
0 22.085144 1.869983 -41.986389 1 2 -1
0 16.304138 3.510529 -46.053139 0 1 -1
0 16.323181 4.354074 -45.739914 1 1 -1
0 15.858337 3.120575 -42.389915 1 2 -1
0 22.104187 2.713515 -41.673164 0 1 -1
0 22.085144 1.869983 -41.986389 0 2 -1
0 22.569031 3.946995 -45.023155 1 1 -1
0 22.549988 3.103485 -45.336388 1 2 -1
0 22.549988 3.103485 -45.336388 0 1 -1
0 16.304138 3.510529 -46.053139 0 2 -1
0 16.323181 4.354074 -45.739914 1 2 -1
0 16.323181 4.354074 -45.739914 0 1 -1
0 15.858337 3.120575 -42.389915 0 2 -1
0 22.104187 2.713515 -41.673164 1 2 -1
178
0.761217 0.496614 -0.417041
0.720803 -0.410992 -0.558148
0.761220 0.496612 -0.417038
0.761223 0.496610 -0.417035
0.632125 -0.711848 0.306087
0.632113 -0.711858 0.306092
0.632100 -0.711867 0.306096
-0.144860 -0.496612 -0.855799
-0.144863 -0.496615 -0.855797
-0.144865 -0.496618 -0.855795
0.144857 0.496608 0.855802
0.144861 0.496612 0.855799
-0.720800 0.410996 0.558149
0.144864 0.496616 0.855796
-0.632108 0.711861 -0.306094
-0.632100 0.711866 -0.306097
-0.632092 0.711872 -0.306100
-0.761214 -0.496618 0.417042
-0.761219 -0.496615 0.417037
-0.761223 -0.496612 0.417031
0.993573 0 -0.113196
0.508289 -0.577349 -0.638992
0 -1 0
-0.113188 0 -0.993574
0.113189 0 0.993573
-0.508289 0.577349 0.638992
0 1 0
-0.993573 0 0.113196
0.265195 0 0.964195
0.709789 -0.577351 0.403567
0.964194 0 -0.265198
-0.964194 0 0.265198
-0.709789 0.577351 -0.403567
-0.265195 0 -0.964195
-0.534631 0 0.845086
0.179240 -0.577350 0.796580
0.845085 0 0.534633
-0.845087 0 -0.534629
-0.179242 0.577351 -0.796579
0.534632 0 -0.845085
-0.878911 0 -0.476985
-0.782829 -0.577349 0.232050
-0.476991 0 0.878908
0.476988 0 -0.878910
0.782828 0.577350 -0.232051
0.878911 0 0.476985
-0.906828 0 -0.421501
-0.766913 -0.577349 0.280202
-0.421507 0 0.906825
0.421510 0 -0.906824
0.766914 0.577348 -0.280200
0.906828 0 0.421501
0.694504 -0.638213 -0.332186
0.144793 -0.248579 -0.957728
0.694510 -0.638207 -0.332185
0.694517 -0.638201 -0.332184
-0.679684 -0.430559 -0.593843
-0.679686 -0.430557 -0.593842
-0.679688 -0.430555 -0.593841
0.235970 0.638208 -0.732808
0.235964 0.638212 -0.732807
0.235957 0.638216 -0.732806
-0.235963 -0.638211 0.732808
-0.235967 -0.638209 0.732809
-0.144794 0.248582 0.957727
-0.235971 -0.638206 0.732810
0.679689 0.430558 0.593837
0.679689 0.430558 0.593838
0.679688 0.430559 0.593838
-0.694518 0.638201 0.332182
-0.694511 0.638207 0.332183
-0.694505 0.638214 0.332185
0.195923 0 -0.980619
-0.453045 -0.577350 -0.679277
-0.980619 0 -0.195922
0.980626 0 0.195890
0.453054 0.577357 0.679265
-0.195923 0 0.980619
0.178262 -0.682377 0.708932
-0.343096 -0.939294 -0.003441
0.178265 -0.682377 0.708931
0.178268 -0.682378 0.708930
-0.964975 -0.262164 -0.009662
-0.964978 -0.262154 -0.009676
-0.964980 -0.262143 -0.009690
0.192454 -0.682375 -0.705213
0.192453 -0.682373 -0.705215
0.192451 -0.682371 -0.705217
-0.192455 0.682372 0.705216
-0.192453 0.682368 0.705221
0.343098 0.939293 0.003444
-0.192450 0.682363 0.705226
0.964976 0.262161 0.009666
0.964978 0.262153 0.009677
0.964980 0.262145 0.009688
-0.178266 0.682376 -0.708932
-0.178265 0.682376 -0.708932
-0.178265 0.682376 -0.708933
-0.534631 0 0.845086
0.179240 -0.577350 0.796580
-0.352626 0 -0.935764
-0.743854 -0.577354 -0.336665
-0.935756 0 0.352647
0.935768 0 -0.352616
0.743852 0.577348 0.336679
0.352627 0 0.935764
0.200101 -0.978880 0.041880
0.247586 -0.503787 0.827587
0.200101 -0.978880 0.041880
0.200102 -0.978880 0.041880
0.797661 0.187600 0.573187
0.797664 0.187588 0.573186
0.797668 0.187577 0.573185
-0.568935 -0.081283 0.818356
-0.568935 -0.081293 0.818355
-0.568935 -0.081303 0.818354
0.568935 0.081279 -0.818356
0.568935 0.081281 -0.818356
-0.247587 0.503788 -0.827586
0.568935 0.081283 -0.818355
-0.797668 -0.187575 -0.573185
-0.797668 -0.187574 -0.573185
-0.797669 -0.187573 -0.573185
-0.200102 0.978880 -0.041881
-0.200101 0.978880 -0.041881
-0.200101 0.978880 -0.041881
-0.332167 0.426680 0.841195
0.665612 -0.074205 0.742600
-0.332167 0.426680 0.841195
-0.332167 0.426680 0.841195
0.229268 -0.939155 0.255782
0.229268 -0.939155 0.255781
0.229268 -0.939155 0.255781
0.872390 0.426686 -0.238485
0.872389 0.426689 -0.238483
0.872388 0.426692 -0.238480
-0.872389 -0.426691 0.238479
-0.872389 -0.426691 0.238479
-0.665606 0.074201 -0.742606
-0.872389 -0.426692 0.238479
-0.229269 0.939155 -0.255781
-0.229265 0.939153 -0.255789
-0.229261 0.939152 -0.255798
0.332166 -0.426683 -0.841194
0.332166 -0.426681 -0.841195
0.332167 -0.426679 -0.841196
-0.637615 0 -0.770355
-0.812892 -0.577350 -0.076638
-0.770356 0 0.637615
0.770356 0 -0.637615
0.812892 0.577350 0.076638
0.637615 0 0.770355
-0.572856 0 0.819656
0.142492 -0.577351 0.803966
0.819659 0 0.572851
-0.819643 0 -0.572874
-0.142481 0.577346 -0.803972
0.572858 0 -0.819655
-0.021144 -0.937243 -0.348036
-0.659142 -0.701634 0.270633
-0.021143 -0.937244 -0.348033
-0.021142 -0.937245 -0.348031
-0.129117 -0.342634 0.930554
-0.129118 -0.342629 0.930556
-0.129119 -0.342625 0.930557
-0.991404 0.064623 -0.113763
-0.991404 0.064610 -0.113772
-0.991404 0.064596 -0.113782
0.991403 -0.064627 0.113771
0.991403 -0.064628 0.113770
0.659146 0.701628 -0.270636
0.991403 -0.064629 0.113769
0.129117 0.342640 -0.930552
0.129118 0.342630 -0.930555
0.129119 0.342620 -0.930559
0.021146 0.937243 0.348035
0.021145 0.937244 0.348033
0.021144 0.937245 0.348031
192
0 0 1 2 0 1 2 1
0 1 3 2 1 3 2 1
0 4 1 5 4 1 5 1
0 1 6 5 1 6 5 1
0 7 1 8 7 1 8 1
0 1 9 8 1 9 8 1
0 10 11 12 10 11 12 1
0 11 13 12 11 13 12 1
0 14 15 12 14 15 12 1
0 15 16 12 15 16 12 1
0 17 18 12 17 18 12 1
0 18 19 12 18 19 12 1
0 20 21 22 20 21 20 1
0 21 23 22 21 20 20 1
0 24 21 25 22 21 22 1
0 21 26 25 21 22 22 1
0 27 21 28 23 21 23 1
0 21 29 28 21 23 23 1
0 30 31 32 24 24 25 1
0 31 33 32 24 24 25 1
0 34 35 32 26 26 25 1
0 35 36 32 26 26 25 1
0 37 38 32 27 27 25 1
0 38 39 32 27 27 25 1
0 40 41 42 28 29 28 1
0 41 43 42 29 28 28 1
0 44 41 45 22 29 22 1
0 41 46 45 29 22 22 1
0 47 41 48 30 29 30 1
0 41 49 48 29 30 30 1
0 50 51 52 31 31 32 1
0 51 53 52 31 31 32 1
0 54 55 52 26 26 32 1
0 55 56 52 26 26 32 1
0 57 58 52 33 33 32 1
0 58 59 52 33 33 32 1
0 60 61 62 34 35 34 1
0 61 63 62 35 34 34 1
0 64 61 65 22 35 22 1
0 61 66 65 35 22 22 1
0 67 61 68 36 35 36 1
0 61 69 68 35 36 36 1
0 70 71 72 37 37 38 1
0 71 73 72 37 37 38 1
0 74 75 72 26 26 38 1
0 75 76 72 26 26 38 1
0 77 78 72 39 39 38 1
0 78 79 72 39 39 38 1
0 80 81 82 40 41 40 1
0 81 83 82 41 40 40 1
0 84 81 85 22 41 22 1
0 81 86 85 41 22 22 1
0 87 81 88 42 41 42 1
0 81 89 88 41 42 42 1
0 90 91 92 43 43 44 1
0 91 93 92 43 43 44 1
0 94 95 92 26 26 44 1
0 95 96 92 26 26 44 1
0 97 98 92 45 45 44 1
0 98 99 92 45 45 44 1
0 100 101 102 46 47 46 1
0 101 103 102 47 46 46 1
0 104 101 105 22 47 22 1
0 101 106 105 47 22 22 1
0 107 101 108 48 47 48 1
0 101 109 108 47 48 48 1
0 110 111 112 49 49 50 1
0 111 113 112 49 49 50 1
0 114 115 112 26 26 50 1
0 115 116 112 26 26 50 1
0 117 118 112 51 51 50 1
0 118 119 112 51 51 50 1
0 120 121 122 52 53 54 1
0 121 123 122 53 55 54 1
0 124 121 125 56 53 57 1
0 121 126 125 53 58 57 1
0 127 121 128 59 53 60 1
0 121 129 128 53 61 60 1
0 130 131 132 62 63 64 1
0 131 133 132 63 65 64 1
0 134 135 132 66 67 64 1
0 135 136 132 67 68 64 1
0 137 138 132 69 70 64 1
0 138 139 132 70 71 64 1
0 140 141 142 72 73 72 1
0 141 143 142 73 72 72 1
0 144 141 145 22 73 22 1
0 141 146 145 73 22 22 1
0 147 141 148 74 73 74 1
0 141 149 148 73 74 74 1
0 150 151 152 75 75 76 1
0 151 153 152 75 75 76 1
0 154 155 152 26 26 76 1
0 155 156 152 26 26 76 1
0 157 158 152 77 77 76 1
0 158 159 152 77 77 76 1
0 160 161 162 78 79 80 1
0 161 163 162 79 81 80 1
0 164 161 165 82 79 83 1
0 161 166 165 79 84 83 1
0 167 161 168 85 79 86 1
0 161 169 168 79 87 86 1
0 170 171 172 88 89 90 1
0 171 173 172 89 91 90 1
0 174 175 172 92 93 90 1
0 175 176 172 93 94 90 1
0 177 178 172 95 96 90 1
0 178 179 172 96 97 90 1
0 180 181 182 98 99 98 1
0 181 183 182 99 98 98 1
0 184 181 185 22 99 22 1
0 181 186 185 99 22 22 1
0 187 181 188 36 99 36 1
0 181 189 188 99 36 36 1
0 190 191 192 37 37 38 1
0 191 193 192 37 37 38 1
0 194 195 192 26 26 38 1
0 195 196 192 26 26 38 1
0 197 198 192 39 39 38 1
0 198 199 192 39 39 38 1
0 200 201 202 100 101 100 1
0 201 203 202 101 100 100 1
0 204 201 205 22 101 22 1
0 201 206 205 101 22 22 1
0 207 201 208 102 101 102 1
0 201 209 208 101 102 102 1
0 210 211 212 103 103 104 1
0 211 213 212 103 103 104 1
0 214 215 212 26 26 104 1
0 215 216 212 26 26 104 1
0 217 218 212 105 105 104 1
0 218 219 212 105 105 104 1
0 220 221 222 106 107 108 1
0 221 223 222 107 109 108 1
0 224 221 225 110 107 111 1
0 221 226 225 107 112 111 1
0 227 221 228 113 107 114 1
0 221 229 228 107 115 114 1
0 230 231 232 116 117 118 1
0 231 233 232 117 119 118 1
0 234 235 232 120 121 118 1
0 235 236 232 121 122 118 1
0 237 238 232 123 124 118 1
0 238 239 232 124 125 118 1
0 240 241 242 126 127 128 1
0 241 243 242 127 129 128 1
0 244 241 245 130 127 131 1
0 241 246 245 127 132 131 1
0 247 241 248 133 127 134 1
0 241 249 248 127 135 134 1
0 250 251 252 136 137 138 1
0 251 253 252 137 139 138 1
0 254 255 252 140 141 138 1
0 255 256 252 141 142 138 1
0 257 258 252 143 144 138 1
0 258 259 252 144 145 138 1
0 260 261 262 146 147 146 1
0 261 263 262 147 146 146 1
0 264 261 265 22 147 22 1
0 261 266 265 147 22 22 1
0 267 261 268 148 147 148 1
0 261 269 268 147 148 148 1
0 270 271 272 149 149 150 1
0 271 273 272 149 149 150 1
0 274 275 272 26 26 150 1
0 275 276 272 26 26 150 1
0 277 278 272 151 151 150 1
0 278 279 272 151 151 150 1
0 280 281 282 152 153 152 1
0 281 283 282 153 152 152 1
0 284 281 285 22 153 22 1
0 281 286 285 153 22 22 1
0 287 281 288 154 153 154 1
0 281 289 288 153 154 154 1
0 290 291 292 155 155 156 1
0 291 293 292 155 155 156 1
0 294 295 292 26 26 156 1
0 295 296 292 26 26 156 1
0 297 298 292 157 157 156 1
0 298 299 292 157 157 156 1
0 300 301 302 158 159 160 1
0 301 303 302 159 161 160 1
0 304 301 305 162 159 163 1
0 301 306 305 159 164 163 1
0 307 301 308 165 159 166 1
0 301 309 308 159 167 166 1
0 310 311 312 168 169 170 1
0 311 313 312 169 171 170 1
0 314 315 312 172 173 170 1
0 315 316 312 173 174 170 1
0 317 318 312 175 176 170 1
0 318 319 312 176 177 170 1

Materials: 1
"Tex_0001_0_dds"
1 1 1 1
0.800000 0.800000 0.800000 1
0.498039 0.498039 0.498039 1
1 1 1 1
0.185600
1
"Tex_0001_0.png"
""

Bones: 0
GroupComments: 0
MaterialComments: 0
BoneComments: 0
ModelComment: 0
