// MilkShape 3D ASCII

Frames: 30
Frame: 1

Meshes: 1
"Cylinder01" 0 0
62
0 201 -173.767075 0 0 2.018029 -1
0 201 210.767075 0 0 0.018029 -1
0 196.607666 -173.767075 41.790249 0.033333 2.018029 -1
0 196.607666 210.767075 41.790249 0.033333 0.018029 -1
0 183.622635 210.767075 81.754066 0.066667 0.018029 -1
0 183.622635 -173.767075 81.754066 0.066667 2.018029 -1
0 162.612411 -173.767075 118.144836 0.100000 2.018029 -1
0 162.612411 210.767075 118.144836 0.100000 0.018029 -1
0 134.495255 210.767075 149.372101 0.133333 0.018029 -1
0 134.495255 -173.767075 149.372101 0.133333 2.018029 -1
0 100.500000 -173.767075 174.071106 0.166667 2.018029 -1
0 100.500000 210.767075 174.071106 0.166667 0.018029 -1
0 62.112419 210.767075 191.162369 0.200000 0.018029 -1
0 62.112419 -173.767075 191.162369 0.200000 2.018029 -1
0 21.010221 -173.767075 199.898911 0.233333 2.018029 -1
0 21.010221 210.767075 199.898911 0.233333 0.018029 -1
0 -21.010221 210.767075 199.898911 0.266667 0.018029 -1
0 -21.010221 -173.767075 199.898911 0.266667 2.018029 -1
0 -62.112419 -173.767075 191.162369 0.300000 2.018029 -1
0 -62.112419 210.767075 191.162369 0.300000 0.018029 -1
0 -100.500000 210.767075 174.071106 0.333333 0.018029 -1
0 -100.500000 -173.767075 174.071106 0.333333 2.018029 -1
0 -134.495255 -173.767075 149.372101 0.366667 2.018029 -1
0 -134.495255 210.767075 149.372101 0.366667 0.018029 -1
0 -162.612411 210.767075 118.144836 0.400000 0.018029 -1
0 -162.612411 -173.767075 118.144836 0.400000 2.018029 -1
0 -183.622635 -173.767075 81.754066 0.433333 2.018029 -1
0 -183.622635 210.767075 81.754066 0.433333 0.018029 -1
0 -196.607666 210.767075 41.790249 0.466667 0.018029 -1
0 -196.607666 -173.767075 41.790249 0.466667 2.018029 -1
0 -201 -173.767075 0 0.500000 2.018029 -1
0 -201 210.767075 0 0.500000 0.018029 -1
0 -196.607666 210.767075 -41.790249 0.533333 0.018029 -1
0 -196.607666 -173.767075 -41.790249 0.533333 2.018029 -1
0 -183.622635 -173.767075 -81.754066 0.566667 2.018029 -1
0 -183.622635 210.767075 -81.754066 0.566667 0.018029 -1
0 -162.612411 210.767075 -118.144836 0.600000 0.018029 -1
0 -162.612411 -173.767075 -118.144836 0.600000 2.018029 -1
0 -134.495255 -173.767075 -149.372101 0.633333 2.018029 -1
0 -134.495255 210.767075 -149.372101 0.633333 0.018029 -1
0 -100.500000 210.767075 -174.071106 0.666667 0.018029 -1
0 -100.500000 -173.767075 -174.071106 0.666667 2.018029 -1
0 -62.112419 -173.767075 -191.162369 0.700000 2.018029 -1
0 -62.112419 210.767075 -191.162369 0.700000 0.018029 -1
0 -21.010221 210.767075 -199.898911 0.733333 0.018029 -1
0 -21.010221 -173.767075 -199.898911 0.733333 2.018029 -1
0 21.010221 -173.767075 -199.898911 0.766667 2.018029 -1
0 21.010221 210.767075 -199.898911 0.766667 0.018029 -1
0 62.112419 210.767075 -191.162369 0.800000 0.018029 -1
0 62.112419 -173.767075 -191.162369 0.800000 2.018029 -1
0 100.500000 -173.767075 -174.071106 0.833333 2.018029 -1
0 100.500000 210.767075 -174.071106 0.833333 0.018029 -1
0 134.495255 210.767075 -149.372101 0.866667 0.018029 -1
0 134.495255 -173.767075 -149.372101 0.866667 2.018029 -1
0 162.612411 -173.767075 -118.144836 0.900000 2.018029 -1
0 162.612411 210.767075 -118.144836 0.900000 0.018029 -1
0 183.622635 210.767075 -81.754066 0.933333 0.018029 -1
0 183.622635 -173.767075 -81.754066 0.933333 2.018029 -1
0 196.607666 -173.767075 -41.790249 0.966667 2.018029 -1
0 196.607666 210.767075 -41.790249 0.966667 0.018029 -1
0 201 210.767075 0 1 0.018029 -1
0 201 -173.767075 0 1 2.018029 -1
39
0.994522 0 0.104529
0.978148 0 0.207912
0.913545 0 0.406737
0.809017 0 0.587785
0.669131 0 0.743145
0.500000 0 0.866025
0.309017 0 0.951056
0.309017 0 0.951056
0.104528 0 0.994522
-0.104528 0 0.994522
-0.104528 0 0.994522
-0.309017 0 0.951056
-0.500000 0 0.866025
-0.669131 0 0.743145
-0.669131 0 0.743145
-0.809017 0 0.587785
-0.913545 0 0.406737
-0.978148 0 0.207912
-0.978148 0 0.207912
-1 0 0
-0.978148 0 -0.207912
-0.913545 0 -0.406737
-0.809017 0 -0.587785
-0.669131 0 -0.743145
-0.500000 0 -0.866025
-0.309017 0 -0.951056
-0.309017 0 -0.951056
-0.104528 0 -0.994522
0.104528 0 -0.994522
0.104528 0 -0.994522
0.309017 0 -0.951056
0.500000 0 -0.866025
0.669131 0 -0.743145
0.669131 0 -0.743145
0.809017 0 -0.587785
0.913545 0 -0.406737
0.978148 0 -0.207912
0.978148 0 -0.207912
0.994522 0 -0.104529
60
0 0 1 2 0 0 1 1
0 1 3 2 0 1 1 1
0 2 3 4 1 1 2 1
0 2 4 5 1 2 2 1
0 5 4 6 2 2 3 1
0 4 7 6 2 3 3 1
0 6 7 8 3 3 4 1
0 6 8 9 3 4 4 1
0 9 8 10 4 4 5 1
0 8 11 10 4 5 5 1
0 10 11 12 5 5 6 1
0 10 12 13 5 6 7 1
0 13 12 14 7 6 8 1
0 12 15 14 6 8 8 1
0 14 15 16 8 8 9 1
0 14 16 17 8 9 10 1
0 17 16 18 10 9 11 1
0 16 19 18 9 11 11 1
0 18 19 20 11 11 12 1
0 18 20 21 11 12 12 1
0 21 20 22 12 12 13 1
0 20 23 22 12 14 13 1
0 22 23 24 13 14 15 1
0 22 24 25 13 15 15 1
0 25 24 26 15 15 16 1
0 24 27 26 15 16 16 1
0 26 27 28 16 16 17 1
0 26 28 29 16 17 18 1
0 29 28 30 18 17 19 1
0 28 31 30 17 19 19 1
0 30 31 32 19 19 20 1
0 30 32 33 19 20 20 1
0 33 32 34 20 20 21 1
0 32 35 34 20 21 21 1
0 34 35 36 21 21 22 1
0 34 36 37 21 22 22 1
0 37 36 38 22 22 23 1
0 36 39 38 22 23 23 1
0 38 39 40 23 23 24 1
0 38 40 41 23 24 24 1
0 41 40 42 24 24 25 1
0 40 43 42 24 26 25 1
0 42 43 44 25 26 27 1
0 42 44 45 25 27 27 1
0 45 44 46 27 27 28 1
0 44 47 46 27 29 28 1
0 46 47 48 28 29 30 1
0 46 48 49 28 30 30 1
0 49 48 50 30 30 31 1
0 48 51 50 30 31 31 1
0 50 51 52 31 31 32 1
0 50 52 53 31 32 33 1
0 53 52 54 33 32 34 1
0 52 55 54 32 34 34 1
0 54 55 56 34 34 35 1
0 54 56 57 34 35 35 1
0 57 56 58 35 35 36 1
0 56 59 58 35 37 36 1
0 58 59 60 36 37 38 1
0 58 60 61 36 38 38 1

Materials: 1
"Material02"
0.200000 0.200000 0.200000 1
0.800000 0.800000 0.800000 1
0 0 0 1
1 1 1 1
0
1
"2.ini"
""

Bones: 0
GroupComments: 0
MaterialComments: 0
BoneComments: 0
ModelComment: 0
