// MilkShape 3D ASCII

Frames: 30
Frame: 8

Meshes: 3
"Fondo" 0 0
91
0 100.431671 797.688049 268.616638 2.748047 1 0
0 -10.008381 797.688049 286.602905 2.498047 1 0
0 0 797.688049 0 2.498047 1 0
0 -100.431671 797.688049 -268.616608 0.749512 1 0
0 10.008381 797.688049 -286.602844 0.499756 1 0
0 260.956451 423.187042 118.924736 3.248047 1.250000 0
0 260.956451 797.688049 118.924736 3.248047 1 0
0 286.602875 423.187042 10.008377 3.498047 1.250000 0
0 286.602875 797.688049 10.008377 3.498047 1 0
0 10.008381 423.187042 -286.602844 0.499756 1.250000 0
0 -100.431671 423.187042 -268.616608 0.749512 1.250000 0
0 -260.956451 -325.816437 -118.924751 1.249023 1.750000 0
0 -260.956451 -700.316895 -118.924751 1.249023 2 0
0 -195.581940 -325.816437 -209.735809 0.999512 1.750000 0
0 -195.581940 -700.316895 -209.735809 0.999512 2 0
0 -286.602875 -325.816437 -10.008381 1.499023 1.750000 0
0 -286.602875 -700.316895 -10.008381 1.499023 2 0
0 100.431671 -325.816437 268.616638 2.748047 1.750000 0
0 100.431671 -700.316895 268.616638 2.748047 2 0
0 -10.008381 -325.816437 286.602905 2.498047 1.750000 0
0 -10.008381 -700.316895 286.602905 2.498047 2 0
0 195.581940 -325.816437 209.735840 2.998047 1.750000 0
0 195.581940 -700.316895 209.735840 2.998047 2 0
0 260.956451 -325.816437 118.924736 3.248047 1.750000 0
0 260.956451 -700.316895 118.924736 3.248047 2 0
0 286.602875 -325.816437 10.008377 3.498047 1.750000 0
0 286.602875 -700.316895 10.008377 3.498047 2 0
0 -100.431671 -325.816437 -268.616608 0.749512 1.750000 0
0 -100.431671 -700.316895 -268.616608 0.749512 2 0
0 10.008381 -325.816437 -286.602844 0.499756 1.750000 0
0 10.008381 -700.316895 -286.602844 0.499756 2 0
0 -260.956451 423.187042 -118.924751 1.249023 1.250000 0
0 -260.956451 797.688049 -118.924751 1.249023 1 0
0 -286.602875 423.187042 -10.008381 1.499023 1.250000 0
0 -286.602875 797.688049 -10.008381 1.499023 1 0
0 -10.008381 423.187042 286.602905 2.498047 1.250000 0
0 100.431671 423.187042 268.616638 2.748047 1.250000 0
0 209.735825 -700.316895 -195.581940 3.998047 2 0
0 118.924660 -700.316895 -260.956482 4.246094 2 0
0 0 -700.316895 0 2.498047 2 0
0 10.008381 -700.316895 -286.602844 4.496094 2 0
0 268.616608 -700.316895 -100.431641 3.748047 2 0
0 -118.924652 -700.316895 260.956482 2.248047 2 0
0 -209.735825 -700.316895 195.581940 1.999023 2 0
0 -268.616608 -700.316895 100.431641 1.749023 2 0
0 -286.602875 48.685150 -10.008381 1.499023 1.500000 0
0 -260.956451 48.685150 -118.924751 1.249023 1.500000 0
0 100.431671 48.685150 268.616638 2.748047 1.500000 0
0 -10.008381 48.685150 286.602905 2.498047 1.500000 0
0 286.602875 48.685150 10.008377 3.498047 1.500000 0
0 260.956451 48.685150 118.924736 3.248047 1.500000 0
0 -100.431671 48.685150 -268.616608 0.749512 1.500000 0
0 10.008381 48.685150 -286.602844 0.499756 1.500000 0
0 -195.581940 797.688049 -209.735809 0.999512 1 0
0 -195.581940 423.187042 -209.735809 0.999512 1.250000 0
0 -195.581940 48.685150 -209.735809 0.999512 1.500000 0
0 195.581940 797.688049 209.735840 2.998047 1 0
0 195.581940 423.187042 209.735840 2.998047 1.250000 0
0 195.581940 48.685150 209.735840 2.998047 1.500000 0
0 -118.924652 797.688049 260.956482 2.248047 1 0
0 -209.735825 797.688049 195.581940 1.999023 1 0
0 -268.616608 797.688049 100.431641 1.749023 1 0
0 10.008381 797.688049 -286.602844 4.496094 1 0
0 118.924660 797.688049 -260.956482 4.246094 1 0
0 209.735825 797.688049 -195.581940 3.998047 1 0
0 268.616608 797.688049 -100.431641 3.748047 1 0
0 118.924660 797.688049 -260.956482 0.249878 1 0
0 118.924660 423.187042 -260.956482 0.249878 1.250000 0
0 209.735825 797.688049 -195.581940 0 1 0
0 209.735825 423.187042 -195.581940 0 1.250000 0
0 118.924660 48.685150 -260.956482 0.249878 1.500000 0
0 209.735825 48.685150 -195.581940 0 1.500000 0
0 118.924660 -325.816437 -260.956482 0.249878 1.750000 0
0 209.735825 -325.816437 -195.581940 0 1.750000 0
0 118.924660 -700.316895 -260.956482 0.249878 2 0
0 209.735825 -700.316895 -195.581940 0 2 0
0 268.616608 423.187042 -100.431641 3.748047 1.250000 0
0 268.616608 48.685150 -100.431641 3.748047 1.500000 0
0 268.616608 -325.816437 -100.431641 3.748047 1.750000 0
0 209.735825 423.187042 -195.581940 3.998047 1.250000 0
0 209.735825 48.685150 -195.581940 3.998047 1.500000 0
0 209.735825 -325.816437 -195.581940 3.998047 1.750000 0
0 -118.924652 423.187042 260.956482 2.248047 1.250000 0
0 -118.924652 48.685150 260.956482 2.248047 1.500000 0
0 -118.924652 -325.816437 260.956482 2.248047 1.750000 0
0 -209.735825 423.187042 195.581940 1.999023 1.250000 0
0 -209.735825 48.685150 195.581940 1.999023 1.500000 0
0 -209.735825 -325.816437 195.581940 1.999023 1.750000 0
0 -268.616608 423.187042 100.431641 1.749023 1.250000 0
0 -268.616608 48.685150 100.431641 1.749023 1.500000 0
0 -268.616608 -325.816437 100.431641 1.749023 1.750000 0
61
-0.340484 -0.561313 -0.754320
-0.025900 -0.561313 -0.827199
0 -1 0
0.340484 -0.561313 0.754320
0.029637 -0.321155 0.946563
-0.909961 0 -0.414693
-0.774143 -0.561313 -0.292626
-0.999391 0 -0.034900
-0.827199 -0.561313 0.025900
-0.034900 0 0.999391
0.350207 0 0.936672
0.909961 0 0.414693
0.728732 0.561313 0.392273
0.681999 0 0.731353
0.523144 0.561313 0.641287
0.999391 0 0.034900
0.823377 0.561313 0.083540
-0.350207 0 -0.936672
-0.237912 0.561313 -0.792670
0.034900 0 -0.999391
0.083540 0.561313 -0.823377
-0.681999 0 -0.731353
-0.523144 0.561313 -0.641286
-0.728732 0.561313 -0.392273
-0.999391 0 -0.034900
-0.823377 0.561313 -0.083540
0.237912 0.561313 0.792670
-0.034900 0 0.999391
-0.095594 0.321155 0.942190
0.909961 0 0.414693
0.774143 -0.561313 0.292626
0.827199 -0.561313 -0.025900
0.034900 0 -0.999391
-0.601290 0.707107 0.372089
0 1 0
-0.792670 0.561313 0.237912
0.392273 0.561312 -0.728732
0.641287 0.561313 -0.523144
0.792670 0.561313 -0.237912
0.603232 -0.561313 0.566603
0.681999 0 0.731353
-0.603232 -0.561313 -0.566603
-0.681999 0 -0.731353
0.292626 -0.561313 -0.774143
0.566603 -0.561313 -0.603232
0.754320 -0.561313 -0.340484
-0.380289 -0.894427 0.235330
-0.754320 -0.561313 0.340484
-0.353582 0 0.935403
-0.414693 0 0.909962
-0.584249 0 0.811575
-0.414693 0 0.909962
-0.473986 0 0.880532
-0.936672 0 0.350207
-0.850352 0 0.526214
-0.850352 0 0.526214
0.414693 0 -0.909961
0.731353 0 -0.681999
0.731353 0 -0.681999
0.731353 0 -0.681999
0.936672 0 -0.350207
160
0 0 1 2 0 1 2 1
0 3 4 2 3 4 2 1
0 5 6 7 5 6 7 1
0 6 8 7 6 8 7 1
0 9 4 10 9 4 10 1
0 4 3 10 4 3 10 1
0 11 12 13 11 12 13 1
0 12 14 13 12 14 13 1
0 15 16 11 15 16 11 1
0 16 12 11 16 12 11 1
0 17 18 19 17 18 19 1
0 18 20 19 18 20 19 1
0 21 22 17 21 22 17 1
0 22 18 17 22 18 17 1
0 23 24 21 5 23 21 1
0 24 22 21 23 22 21 1
0 25 26 23 24 25 5 1
0 26 24 23 25 23 5 1
0 27 28 29 10 26 27 1
0 28 30 29 26 28 27 1
0 13 14 27 13 14 10 1
0 14 28 27 14 26 10 1
0 31 32 33 29 30 15 1
0 32 34 33 30 31 15 1
0 35 1 36 32 1 17 1
0 1 0 36 1 0 17 1
0 37 38 39 33 34 34 1
0 38 40 39 34 34 34 1
0 37 39 41 33 34 35 1
0 41 39 26 35 34 25 1
0 26 39 24 25 34 23 1
0 24 39 22 23 34 22 1
0 22 39 18 22 34 18 1
0 18 39 20 18 34 20 1
0 20 39 42 20 34 36 1
0 42 39 43 36 34 37 1
0 43 39 44 37 34 38 1
0 44 39 16 38 34 16 1
0 16 39 12 16 34 12 1
0 12 39 14 12 34 14 1
0 14 39 28 14 34 26 1
0 39 30 28 34 28 26 1
0 33 45 31 15 15 29 1
0 31 45 46 29 15 29 1
0 45 15 46 15 15 29 1
0 46 15 11 29 15 11 1
0 36 47 35 17 17 32 1
0 35 47 48 32 17 19 1
0 47 17 48 17 17 19 1
0 48 17 19 19 17 19 1
0 7 49 5 7 24 5 1
0 5 49 50 5 24 5 1
0 49 25 50 24 24 5 1
0 50 25 23 5 24 5 1
0 10 51 9 10 10 9 1
0 9 51 52 9 10 27 1
0 51 27 52 10 10 27 1
0 52 27 29 27 10 27 1
0 32 31 53 30 29 39 1
0 53 31 54 39 29 40 1
0 31 46 54 29 29 40 1
0 54 46 55 40 29 13 1
0 46 11 55 29 11 13 1
0 55 11 13 13 11 13 1
0 56 57 0 41 42 0 1
0 0 57 36 0 42 17 1
0 57 58 36 42 42 17 1
0 36 58 47 17 42 17 1
0 58 21 47 42 21 17 1
0 47 21 17 17 21 17 1
0 6 5 56 6 5 41 1
0 56 5 57 41 5 42 1
0 5 50 57 5 5 42 1
0 57 50 58 42 5 42 1
0 50 23 58 5 5 42 1
0 58 23 21 42 5 21 1
0 53 54 3 39 40 3 1
0 3 54 10 3 40 10 1
0 54 55 10 40 13 10 1
0 10 55 51 10 13 10 1
0 55 13 51 13 13 10 1
0 51 13 27 10 13 10 1
0 1 59 2 1 43 2 1
0 59 60 2 43 44 2 1
0 60 61 2 44 45 2 1
0 61 34 2 45 31 2 1
0 34 32 2 31 30 2 1
0 32 53 2 30 39 2 1
0 2 53 3 2 39 3 1
0 62 63 2 2 2 2 1
0 63 64 2 2 46 2 1
0 64 65 2 46 47 2 1
0 65 8 2 47 8 2 1
0 8 6 2 8 6 2 1
0 6 56 2 6 41 2 1
0 2 56 0 2 41 0 1
0 66 67 68 48 49 50 1
0 68 67 69 50 49 50 1
0 67 70 69 49 49 50 1
0 69 70 71 50 49 50 1
0 70 72 71 49 51 50 1
0 71 72 73 50 51 50 1
0 72 74 73 51 52 50 1
0 73 74 75 50 52 50 1
0 4 9 66 4 9 48 1
0 66 9 67 48 9 49 1
0 9 52 67 9 27 49 1
0 67 52 70 49 27 49 1
0 52 29 70 27 27 49 1
0 70 29 72 49 27 51 1
0 29 30 72 27 28 51 1
0 72 30 74 51 28 52 1
0 65 76 8 47 53 8 1
0 8 76 7 8 53 7 1
0 76 77 7 53 53 7 1
0 7 77 49 7 53 24 1
0 77 78 49 53 53 24 1
0 49 78 25 24 53 24 1
0 78 41 25 53 35 24 1
0 25 41 26 24 35 25 1
0 64 79 65 46 54 47 1
0 65 79 76 47 54 53 1
0 79 80 76 54 55 53 1
0 76 80 77 53 55 53 1
0 80 81 77 55 54 53 1
0 77 81 78 53 54 53 1
0 81 37 78 54 33 53 1
0 78 37 41 53 33 35 1
0 1 35 59 1 32 43 1
0 59 35 82 43 32 56 1
0 35 48 82 32 19 56 1
0 82 48 83 56 19 56 1
0 48 19 83 19 19 56 1
0 83 19 84 56 19 56 1
0 19 20 84 19 20 56 1
0 84 20 42 56 20 36 1
0 59 82 60 43 56 44 1
0 60 82 85 44 56 57 1
0 82 83 85 56 56 57 1
0 85 83 86 57 56 58 1
0 83 84 86 56 56 58 1
0 86 84 87 58 56 59 1
0 84 42 87 56 36 59 1
0 87 42 43 59 36 37 1
0 61 88 34 45 60 31 1
0 34 88 33 31 60 15 1
0 88 89 33 60 60 15 1
0 33 89 45 15 60 15 1
0 89 90 45 60 60 15 1
0 45 90 15 15 60 15 1
0 90 44 15 60 38 15 1
0 15 44 16 15 38 16 1
0 60 85 61 44 57 45 1
0 61 85 88 45 57 60 1
0 85 86 88 57 58 60 1
0 88 86 89 60 58 60 1
0 86 87 89 58 59 60 1
0 89 87 90 60 59 60 1
0 87 43 90 59 37 60 1
0 90 43 44 60 37 38 1
"1" 0 1
68
0 -188.365677 142.836792 188.756210 10.484375 -1.599609 -1
0 -188.365677 197.838501 188.756210 10.484375 -1.982422 -1
0 -101.763603 142.836792 246.621933 11.234375 -1.599609 -1
0 -101.763603 197.838501 246.621933 11.234375 -1.982422 -1
0 267.332062 142.836792 0 2.996094 -1.599609 -1
0 267.332062 197.838501 0 2.996094 -1.982422 -1
0 247.012543 142.836792 -102.154114 3.744141 -1.599609 -1
0 247.012543 197.838501 -102.154114 3.744141 -1.982422 -1
0 247.012543 142.836792 102.154114 2.246094 -1.599609 -1
0 247.012543 197.838501 102.154114 2.246094 -1.982422 -1
0 -246.231430 142.836792 102.154114 9.734375 -1.599609 -1
0 -246.231430 197.838501 102.154114 9.734375 -1.982422 -1
0 189.146683 142.836792 -188.756210 4.492188 -1.599609 -1
0 189.146683 197.838501 -188.756210 4.492188 -1.982422 -1
0 0.390535 142.836792 266.941589 11.984375 -1.599609 -1
0 0.390535 197.838501 266.941589 11.984375 -1.982422 -1
0 -266.550995 142.836792 0 8.984375 -1.599609 -1
0 -266.550995 197.838501 0 8.984375 -1.982422 -1
0 102.544640 142.836792 -246.621933 5.242188 -1.599609 -1
0 102.544640 197.838501 -246.621933 5.242188 -1.982422 -1
0 189.146683 142.836792 188.756210 1.498047 -1.599609 -1
0 189.146683 197.838501 188.756210 1.498047 -1.982422 -1
0 -246.231430 142.836792 -102.154114 8.234375 -1.599609 -1
0 -246.231430 197.838501 -102.154114 8.234375 -1.982422 -1
0 0.390535 142.836792 -266.941589 5.992188 -1.599609 -1
0 0.390535 197.838501 -266.941589 5.992188 -1.982422 -1
0 0.390535 142.836792 266.941589 0 -1.599609 -1
0 0.390535 197.838501 266.941589 0 -1.982422 -1
0 102.544640 142.836792 246.621933 0.749023 -1.599609 -1
0 102.544640 197.838501 246.621933 0.749023 -1.982422 -1
0 -188.365677 142.836792 -188.756210 7.488281 -1.599609 -1
0 -188.365677 197.838501 -188.756210 7.488281 -1.982422 -1
0 -101.763603 142.836792 -246.621933 6.738281 -1.599609 -1
0 -101.763603 197.838501 -246.621933 6.738281 -1.982422 -1
0 -101.763603 -283.426361 246.621933 11.234375 1.362793 -1
0 -188.365677 -283.426361 188.756210 10.484375 1.362793 -1
0 -101.763603 -375.095947 246.621933 11.234375 2 -1
0 -188.365677 -375.095947 188.756210 10.484375 2 -1
0 247.012543 -283.426361 -102.154114 3.744141 1.362793 -1
0 267.332062 -283.426361 0 2.996094 1.362793 -1
0 247.012543 -375.095947 -102.154114 3.744141 2 -1
0 267.332062 -375.095947 0 2.996094 2 -1
0 247.012543 -283.426361 102.154114 2.246094 1.362793 -1
0 247.012543 -375.095947 102.154114 2.246094 2 -1
0 0.390535 -283.426361 266.941589 11.984375 1.362793 -1
0 0.390535 -375.095947 266.941589 11.984375 2 -1
0 -246.231430 -283.426361 102.154114 9.734375 1.362793 -1
0 -266.550995 -283.426361 0 8.984375 1.362793 -1
0 -246.231430 -375.095947 102.154114 9.734375 2 -1
0 -266.550995 -375.095947 0 8.984375 2 -1
0 102.544640 -283.426361 -246.621933 5.242188 1.362793 -1
0 189.146683 -283.426361 -188.756210 4.492188 1.362793 -1
0 102.544640 -375.095947 -246.621933 5.242188 2 -1
0 189.146683 -375.095947 -188.756210 4.492188 2 -1
0 -246.231430 -283.426361 -102.154114 8.234375 1.362793 -1
0 -246.231430 -375.095947 -102.154114 8.234375 2 -1
0 0.390535 -283.426361 -266.941589 5.992188 1.362793 -1
0 0.390535 -375.095947 -266.941589 5.992188 2 -1
0 102.544640 -283.426361 246.621933 0.749023 1.362793 -1
0 0.390535 -283.426361 266.941589 0 1.362793 -1
0 102.544640 -375.095947 246.621933 0.749023 2 -1
0 0.390535 -375.095947 266.941589 0 2 -1
0 -101.763603 -283.426361 -246.621933 6.738281 1.362793 -1
0 -101.763603 -375.095947 -246.621933 6.738281 2 -1
0 189.146683 -283.426361 188.756210 1.498047 1.362793 -1
0 189.146683 -375.095947 188.756210 1.498047 2 -1
0 -188.365677 -283.426361 -188.756210 7.488281 1.362793 -1
0 -188.365677 -375.095947 -188.756210 7.488281 2 -1
59
0.707107 0 -0.707107
0.658776 0 -0.752339
0.382683 0 -0.923880
0.320722 0 -0.947173
-1 0 0
-0.997809 0 0.066158
-0.923880 0 0.382683
-0.896537 0 0.442968
-0.923880 0 -0.382683
-0.947174 0 -0.320721
0.923880 0 -0.382683
0.896537 0 -0.442968
-0.707106 0 0.707107
-0.658776 0 0.752339
0.195090 0 -0.980785
0.195090 0 -0.980785
1 0 0
0.997809 0 -0.066158
-0.382684 0 0.923880
-0.320722 0 0.947173
-0.707106 0 -0.707107
-0.752338 0 -0.658777
0.923880 0 0.382683
0.947174 0 0.320722
-0 0 1
0.066159 0 0.997809
-0.195090 0 -0.980785
-0.382683 0 -0.923880
-0.442968 0 -0.896537
0.707107 0 0.707107
0.752339 0 0.658776
0.382683 0 0.923880
0.442968 0 0.896537
0.382683 0 -0.923880
0.707107 0 -0.707107
0.442968 0 -0.896537
0.752339 0 -0.658776
-0.923880 0 0.382683
-1 0 -0
-0.947174 0 0.320721
-0.997809 0 -0.066158
-0.896537 0 -0.442968
0.195090 0 -0.980785
1 0 -0
0.947174 0 -0.320722
0.997809 0 0.066158
-0.382683 0 0.923880
-0.707106 0 0.707107
-0.442968 0 0.896537
-0.752338 0 0.658777
0.896537 0 0.442968
-0.066159 0 0.997809
-0.320722 0 -0.947173
-0.195090 0 -0.980785
0.320722 0 0.947173
-0.707106 0 -0.707107
-0.658776 0 -0.752339
0.707107 0 0.707107
0.658776 0 0.752339
96
0 0 1 2 0 1 2 1
0 1 3 2 1 3 2 1
0 4 5 6 4 5 6 1
0 5 7 6 5 7 6 1
0 8 9 4 8 9 4 1
0 9 5 4 9 5 4 1
0 10 11 0 10 11 0 1
0 11 1 0 11 1 0 1
0 6 7 12 6 7 12 1
0 7 13 12 7 13 12 1
0 2 3 14 2 3 14 1
0 3 15 14 3 15 14 1
0 16 17 10 16 17 10 1
0 17 11 10 17 11 10 1
0 12 13 18 12 13 18 1
0 13 19 18 13 19 18 1
0 20 21 8 20 21 8 1
0 21 9 8 21 9 8 1
0 22 23 16 22 23 16 1
0 23 17 16 23 17 16 1
0 18 19 24 18 19 24 1
0 19 25 24 19 25 24 1
0 26 27 28 26 26 27 1
0 27 29 28 26 28 27 1
0 30 31 22 29 30 22 1
0 31 23 22 30 23 22 1
0 24 25 32 24 25 31 1
0 25 33 32 25 32 31 1
0 28 29 20 27 28 20 1
0 29 21 20 28 21 20 1
0 32 33 30 31 32 29 1
0 33 31 30 32 30 29 1
0 2 34 0 2 33 0 1
0 34 35 0 33 34 0 1
0 34 36 35 33 35 34 1
0 36 37 35 35 36 34 1
0 6 38 4 6 37 4 1
0 38 39 4 37 38 4 1
0 38 40 39 37 39 38 1
0 40 41 39 39 40 38 1
0 39 41 42 38 40 8 1
0 41 43 42 40 41 8 1
0 4 39 8 4 38 8 1
0 39 42 8 38 8 8 1
0 14 44 2 14 15 2 1
0 44 34 2 15 33 2 1
0 44 45 34 15 42 33 1
0 45 36 34 42 35 33 1
0 10 46 16 10 10 16 1
0 46 47 16 10 43 16 1
0 46 48 47 10 44 43 1
0 48 49 47 44 45 43 1
0 18 50 12 18 46 12 1
0 50 51 12 46 47 12 1
0 50 52 51 46 48 47 1
0 52 53 51 48 49 47 1
0 16 47 22 16 43 22 1
0 47 54 22 43 22 22 1
0 47 49 54 43 45 22 1
0 49 55 54 45 50 22 1
0 24 56 18 24 24 18 1
0 56 50 18 24 46 18 1
0 56 57 50 24 51 46 1
0 57 52 50 51 48 46 1
0 28 58 26 27 27 26 1
0 58 59 26 27 26 26 1
0 58 60 59 27 52 26 1
0 60 61 59 52 53 26 1
0 32 62 24 31 31 24 1
0 62 56 24 31 24 24 1
0 62 63 56 31 54 24 1
0 63 57 56 54 51 24 1
0 20 64 28 20 55 27 1
0 64 58 28 55 27 27 1
0 64 65 58 55 56 27 1
0 65 60 58 56 52 27 1
0 30 66 32 29 57 31 1
0 66 62 32 57 31 31 1
0 66 67 62 57 58 31 1
0 67 63 62 58 54 31 1
0 0 35 10 0 34 10 1
0 10 35 46 10 34 10 1
0 35 37 46 34 36 10 1
0 46 37 48 10 36 44 1
0 12 51 6 12 47 6 1
0 6 51 38 6 47 37 1
0 51 53 38 47 49 37 1
0 38 53 40 37 49 39 1
0 8 42 20 8 8 20 1
0 20 42 64 20 8 55 1
0 42 43 64 8 41 55 1
0 64 43 65 55 41 56 1
0 22 54 30 22 22 29 1
0 30 54 66 29 22 57 1
0 54 55 66 22 50 57 1
0 66 55 67 57 50 58 1
"4" 0 2
85
0 124.210197 178.393768 210.851868 3.931641 -1.001953 1
0 124.210197 130.184631 210.851868 3.931641 -0.656250 1
0 34.046318 178.393768 242.331085 3.369141 -1.001953 1
0 34.046318 130.184631 242.331085 3.369141 -0.656250 1
0 242.380569 178.393768 -34.096405 5.617188 -1.001953 1
0 242.380569 130.184631 -34.096405 5.617188 -0.656250 1
0 236.959869 178.393768 61.250576 5.054688 -1.001953 1
0 236.959869 130.184631 61.250576 5.054688 -0.656250 1
0 -242.380569 178.393768 33.996838 1.123047 -1.001953 1
0 -242.380569 130.184631 33.996838 1.123047 -0.656250 1
0 -236.959686 178.393768 -61.349991 0.561523 -1.001953 1
0 -236.959686 130.184631 -61.349991 0.561523 -0.656250 1
0 -195.463531 178.393768 -147.364319 8.984375 -1.001953 1
0 -195.463531 130.184631 -147.364319 8.984375 -0.656250 1
0 -124.210197 178.393768 -210.951599 8.421875 -1.001953 1
0 -124.210197 130.184631 -210.951599 8.421875 -0.656250 1
0 -195.463531 178.393768 -147.364319 0 -1.001953 1
0 -195.463531 130.184631 -147.364319 0 -0.656250 1
0 -147.314575 178.393768 195.413727 2.246094 -1.001953 1
0 -147.314575 130.184631 195.413727 2.246094 -0.656250 1
0 -210.901367 178.393768 124.160347 1.684570 -1.001953 1
0 -210.901367 130.184631 124.160347 1.684570 -0.656250 1
0 195.463608 178.393768 147.264847 4.492188 -1.001953 1
0 195.463608 130.184631 147.264847 4.492188 -0.656250 1
0 -61.300262 178.393768 236.909775 2.808594 -1.001953 1
0 -61.300262 130.184631 236.909775 2.808594 -0.656250 1
0 -34.046391 -30.753197 -242.430542 7.863281 0.494629 1
0 -34.046391 -190.382690 -242.430542 7.863281 1.636230 1
0 61.300335 -30.753197 -237.009567 7.300781 0.494629 1
0 61.300335 -190.382690 -237.009567 7.300781 1.636230 1
0 210.901581 -30.753197 -124.259789 6.179688 0.494629 1
0 210.901581 -190.382690 -124.259789 6.179688 1.636230 1
0 242.380569 -30.753197 -34.096405 5.617188 0.494629 1
0 242.380569 -190.382690 -34.096405 5.617188 1.636230 1
0 236.959869 -30.753197 61.250576 5.054688 0.494629 1
0 236.959869 -190.382690 61.250576 5.054688 1.636230 1
0 195.463608 -30.753197 147.264847 4.492188 0.494629 1
0 195.463608 -190.382690 147.264847 4.492188 1.636230 1
0 124.210197 -30.753197 210.851868 3.931641 0.494629 1
0 124.210197 -190.382690 210.851868 3.931641 1.636230 1
0 34.046318 -30.753197 242.331085 3.369141 0.494629 1
0 34.046318 -190.382690 242.331085 3.369141 1.636230 1
0 -61.300262 -30.753197 236.909775 2.808594 0.494629 1
0 -61.300262 -190.382690 236.909775 2.808594 1.636230 1
0 -242.380569 -30.753197 33.996838 1.123047 0.494629 1
0 -242.380569 -190.382690 33.996838 1.123047 1.636230 1
0 -236.959686 -30.753197 -61.349991 0.561523 0.494629 1
0 -236.959686 -190.382690 -61.349991 0.561523 1.636230 1
0 -195.463531 -30.753197 -147.364319 0 0.494629 1
0 -195.463531 -190.382690 -147.364319 0 1.636230 1
0 -195.463531 -30.753197 -147.364319 8.984375 0.494629 1
0 -195.463531 -190.382690 -147.364319 8.984375 1.636230 1
0 -124.210197 -30.753197 -210.951599 8.421875 0.494629 1
0 -124.210197 -190.382690 -210.951599 8.421875 1.636230 1
0 -34.046391 -241.242065 -242.430542 7.863281 2 1
0 61.300335 -241.242065 -237.009567 7.300781 2 1
0 147.314697 -190.382690 -195.513565 6.738281 1.636230 1
0 147.314697 -241.242065 -195.513565 6.738281 2 1
0 210.901581 -241.242065 -124.259789 6.179688 2 1
0 242.380569 -241.242065 -34.096405 5.617188 2 1
0 236.959869 -241.242065 61.250576 5.054688 2 1
0 195.463608 -241.242065 147.264847 4.492188 2 1
0 124.210197 -241.242065 210.851868 3.931641 2 1
0 34.046318 -241.242065 242.331085 3.369141 2 1
0 -61.300262 -241.242065 236.909775 2.808594 2 1
0 -147.314575 -190.382690 195.413727 2.246094 1.636230 1
0 -147.314575 -241.242065 195.413727 2.246094 2 1
0 -210.901367 -190.382690 124.160347 1.684570 1.636230 1
0 -210.901367 -241.242065 124.160347 1.684570 2 1
0 -242.380569 -241.242065 33.996838 1.123047 2 1
0 -236.959686 -241.242065 -61.349991 0.561523 2 1
0 -195.463531 -241.242065 -147.364319 0 2 1
0 -195.463531 -241.242065 -147.364319 8.984375 2 1
0 -124.210197 -241.242065 -210.951599 8.421875 2 1
0 210.901581 178.393768 -124.259789 6.179688 -1.001953 1
0 210.901581 130.184631 -124.259789 6.179688 -0.656250 1
0 -34.046391 178.393768 -242.430542 7.863281 -1.001953 1
0 -34.046391 130.184631 -242.430542 7.863281 -0.656250 1
0 61.300335 178.393768 -237.009567 7.300781 -1.001953 1
0 61.300335 130.184631 -237.009567 7.300781 -0.656250 1
0 -147.314575 -30.753197 195.413727 2.246094 0.494629 1
0 -210.901367 -30.753197 124.160347 1.684570 0.494629 1
0 147.314697 178.393768 -195.513565 6.738281 -1.001953 1
0 147.314697 130.184631 -195.513565 6.738281 -0.656250 1
0 147.314697 -30.753197 -195.513565 6.738281 0.494629 1
58
-0.563372 0 -0.826204
-0.507476 0 -0.861666
-0.204311 0 -0.978906
-0.139100 0 -0.990278
-0.978906 0 0.204313
-0.990278 0 0.139103
-0.982578 0 -0.185849
-0.968130 0 -0.250449
0.978906 0 -0.204313
0.990278 0 -0.139103
0.982578 0 0.185850
0.968130 0 0.250449
0.665831 0 0.746103
0.563372 0 0.826203
0.507476 0 0.861666
0.900666 0 0.434511
0.900666 0 0.434511
0.547720 0 -0.836662
0.601873 0 -0.798592
0.826204 0 -0.563371
0.861666 0 -0.507476
-0.836661 0 -0.547721
-0.798592 0 -0.601873
0.185852 0 -0.982578
0.250451 0 -0.968129
0.139100 0 0.990278
-0.250449 0 0.968130
-0.861667 0 0.507474
-0.990278 0 0.139103
-0.798592 0 -0.601873
-0.798592 0 -0.601873
-0.139100 0 -0.990278
-0.139100 0 -0.990278
0.990278 0 -0.139103
0.968130 0 0.250449
0.665831 0 0.746103
0.073281 0 0.997311
-0.313951 0 0.949439
-0.601873 0 0.798591
-0.653389 0 0.757022
-0.893353 0 0.449356
-0.997311 0 0.073283
-0.949439 0 -0.313952
-0.757023 0 -0.653388
-0.449357 0 -0.893352
-0.073279 0 -0.997311
0.313952 0 -0.949439
0.653388 0 -0.757023
0.893352 0 -0.449357
0.997311 0 -0.073283
0.949439 0 0.313952
0.449356 0 0.893353
-0.826205 0 0.563369
0.204311 0 0.978906
-0.185850 0 0.982578
0.861666 0 -0.507476
-0.547720 0 0.836661
-0.601873 0 0.798591
128
0 0 1 2 0 1 2 1
0 1 3 2 1 3 2 1
0 4 5 6 4 5 6 1
0 5 7 6 5 7 6 1
0 8 9 10 8 9 10 1
0 9 11 10 9 11 10 1
0 12 13 14 12 12 13 1
0 13 15 14 12 14 13 1
0 10 11 16 10 11 15 1
0 11 17 16 11 16 15 1
0 18 19 20 17 18 19 1
0 19 21 20 18 20 19 1
0 22 23 0 21 22 0 1
0 23 1 0 22 1 0 1
0 24 25 18 23 24 17 1
0 25 19 18 24 18 17 1
0 20 21 8 19 20 8 1
0 21 9 8 20 9 8 1
0 26 27 28 25 25 26 1
0 27 29 28 25 26 26 1
0 30 31 32 27 27 5 1
0 31 33 32 27 28 5 1
0 32 33 34 5 28 7 1
0 33 35 34 28 7 7 1
0 34 35 36 7 7 29 1
0 35 37 36 7 30 29 1
0 36 37 38 29 30 1 1
0 37 39 38 30 1 1 1
0 38 39 40 1 1 31 1
0 39 41 40 1 32 31 1
0 40 41 42 31 32 24 1
0 41 43 42 32 24 24 1
0 44 45 46 9 33 34 1
0 45 47 46 33 34 34 1
0 46 47 48 34 34 16 1
0 47 49 48 34 16 16 1
0 50 51 52 35 35 14 1
0 51 53 52 35 14 14 1
0 52 53 26 14 14 25 1
0 53 27 26 14 25 25 1
0 5 32 7 5 5 7 1
0 32 34 7 5 7 7 1
0 23 36 1 22 29 1 1
0 36 38 1 29 1 1 1
0 1 38 3 1 1 3 1
0 38 40 3 1 31 3 1
0 9 44 11 9 9 11 1
0 44 46 11 9 34 11 1
0 11 46 17 11 34 16 1
0 46 48 17 34 16 16 1
0 13 50 15 12 35 14 1
0 50 52 15 35 14 14 1
0 27 54 29 25 36 26 1
0 54 55 29 36 37 26 1
0 29 55 56 26 37 38 1
0 55 57 56 37 39 38 1
0 56 57 31 38 39 27 1
0 57 58 31 39 40 27 1
0 31 58 33 27 40 28 1
0 58 59 33 40 41 28 1
0 33 59 35 28 41 7 1
0 59 60 35 41 42 7 1
0 35 60 37 7 42 30 1
0 60 61 37 42 43 30 1
0 37 61 39 30 43 1 1
0 61 62 39 43 44 1 1
0 39 62 41 1 44 32 1
0 62 63 41 44 45 32 1
0 41 63 43 32 45 24 1
0 63 64 43 45 46 24 1
0 43 64 65 24 46 18 1
0 64 66 65 46 47 18 1
0 65 66 67 18 47 20 1
0 66 68 67 47 48 20 1
0 67 68 45 20 48 33 1
0 68 69 45 48 49 33 1
0 45 69 47 33 49 34 1
0 69 70 47 49 50 34 1
0 47 70 49 34 50 16 1
0 70 71 49 50 16 16 1
0 51 72 53 35 12 14 1
0 72 73 53 12 51 14 1
0 53 73 27 14 51 25 1
0 73 54 27 51 36 25 1
0 6 7 22 6 7 21 1
0 22 7 23 21 7 22 1
0 7 34 23 7 7 22 1
0 23 34 36 22 7 29 1
0 2 3 24 2 3 23 1
0 24 3 25 23 3 24 1
0 3 40 25 3 31 24 1
0 25 40 42 24 31 24 1
0 74 75 4 52 27 4 1
0 4 75 5 4 27 5 1
0 75 30 5 27 27 5 1
0 5 30 32 5 27 5 1
0 76 77 78 53 25 54 1
0 78 77 79 54 25 26 1
0 77 26 79 25 25 26 1
0 79 26 28 26 25 26 1
0 14 15 76 13 14 53 1
0 76 15 77 53 14 25 1
0 15 52 77 14 14 25 1
0 77 52 26 25 14 25 1
0 65 80 43 18 18 24 1
0 43 80 42 24 18 24 1
0 80 19 42 18 18 24 1
0 42 19 25 24 18 24 1
0 67 81 65 20 55 18 1
0 65 81 80 18 55 18 1
0 81 21 80 55 20 18 1
0 80 21 19 18 20 18 1
0 45 44 67 33 9 20 1
0 67 44 81 20 9 55 1
0 44 9 81 9 9 55 1
0 81 9 21 55 9 20 1
0 78 79 82 54 26 56 1
0 82 79 83 56 26 57 1
0 79 28 83 26 26 57 1
0 83 28 84 57 26 57 1
0 28 29 84 26 26 57 1
0 84 29 56 57 26 38 1
0 82 83 74 56 57 52 1
0 74 83 75 52 57 27 1
0 83 84 75 57 57 27 1
0 75 84 30 27 57 27 1
0 84 56 30 57 38 27 1
0 30 56 31 27 38 27 1

Materials: 3
"Fondo"
0 0 0 1
1 1 1 1
0 0 0 1
0.494118 0.494118 0.494118 1
0
1
"Tex_0001_0.ini"
""
"1"
1 1 1 0.830000
0.800000 0.800000 0.800000 0.830000
0.500000 0.500000 0.500000 0.830000
1 1 1 0.830000
0.185600
0.830000
"4.png"
""
"Material01"
0.200000 0.200000 0.200000 0.380000
0.800000 0.800000 0.800000 0.380000
0 0 0 0.380000
1 1 1 0.380000
0
0.380000
"1.png"
""

Bones: 2
"Camara"
""
8 0 0 0 0 -0 0
2
0 0 0 0
3000 0 0 0
2
0 0 -0 0
3000 0 -0 0
"Rotacion1"
"Camara"
8 0 0 0 0 -0 0
36
0 0 0 0
107.142853 0 0 0
123.214256 0 0 0
214.285706 0 0 0
321.428558 0 0 0
429.642822 0 0 0
535.714233 0 0 0
551.785706 0 0 0
642.857117 0 0 0
750 0 0 0
858.214233 0 0 0
964.285706 0 0 0
980.357117 0 0 0
1071.428467 0 0 0
1178.571411 0 0 0
1286.785645 0 0 0
1392.857056 0 0 0
1408.928467 0 0 0
1500 0 0 0
1607.142822 0 0 0
1715.357178 0 0 0
1821.428467 0 0 0
1837.500000 0 0 0
1928.571411 0 0 0
2035.714233 0 0 0
2143.928467 0 0 0
2250 0 0 0
2266.071289 0 0 0
2357.142822 0 0 0
2464.285645 0 0 0
2572.500000 0 0 0
2678.571289 0 0 0
2694.642822 0 0 0
2785.714111 0 0 0
2892.856934 0 0 0
3000 0 0 0
36
0 0 -0 0
107.142853 -0 1.570796 0
123.214256 3.141592 1.333214 3.141592
214.285706 3.141592 0 3.141592
321.428558 0 -1.570795 0
429.642822 0 -0 0
535.714233 -0 1.570796 0
551.785706 3.141592 1.333214 3.141592
642.857117 3.141592 0 3.141592
750 0 -1.570795 0
858.214233 0 -0 0
964.285706 -0 1.570796 0
980.357117 3.141592 1.333214 3.141592
1071.428467 3.141592 0 3.141592
1178.571411 0 -1.570795 0
1286.785645 0 -0 0
1392.857056 -0 1.570796 0
1408.928467 3.141592 1.333214 3.141592
1500 3.141592 0 3.141592
1607.142822 0 -1.570795 0
1715.357178 0 -0 0
1821.428467 -0 1.570796 0
1837.500000 3.141592 1.333214 3.141592
1928.571411 3.141592 0 3.141592
2035.714233 0 -1.570795 0
2143.928467 0 -0 0
2250 -0 1.570796 0
2266.071289 3.141592 1.333214 3.141592
2357.142822 3.141592 0 3.141592
2464.285645 0 -1.570795 0
2572.500000 0 -0 0
2678.571289 -0 1.570796 0
2694.642822 3.141592 1.333214 3.141592
2785.714111 3.141592 0 3.141592
2892.856934 0 -1.570795 0
3000 0 -0 0
GroupComments: 0
MaterialComments: 0
BoneComments: 0
ModelComment: 0
