// MilkShape 3D ASCII

Frames: 30
Frame: 4

Meshes: 1
"Duplicate07" 0 0
100
0 32.880127 73.208298 223.247040 0 1 -1
0 32.880127 21.834051 223.247040 0 2 -1
0 -0.467728 73.208298 224.994919 1 1 -1
0 -0.467728 21.834051 224.994919 1 2 -1
0 -69.496704 73.208298 212.623108 0 1 -1
0 -69.496704 21.834051 212.623108 0 2 -1
0 -100.162018 73.208298 199.402222 1 1 -1
0 -100.162018 21.834051 199.402222 1 2 -1
0 -142.889633 -21.834051 172.527191 0 1 -1
0 -142.889633 -73.208298 172.527191 0 2 -1
0 -163.950851 -21.834051 146.612854 1 1 -1
0 -163.950851 -73.208298 146.612854 1 2 -1
0 -159.840591 -21.834051 156.574799 0 1 -1
0 -159.840591 -73.208298 156.574799 0 2 -1
0 -178.145065 -21.834051 128.644852 1 1 -1
0 -178.145065 -73.208298 128.644852 1 2 -1
0 -179.648300 44.952469 130.208725 0 1 -1
0 -179.648300 -6.421783 130.208725 0 2 -1
0 -196.968353 44.952469 101.657928 1 1 -1
0 -196.968353 -6.421783 101.657928 1 2 -1
0 -193.888245 73.208298 107.489647 0 1 -1
0 -193.888245 21.834051 107.489647 0 2 -1
0 -207.705429 73.208298 77.088776 1 1 -1
0 -207.705429 21.834051 77.088776 1 2 -1
0 -133.194443 44.952469 178.333328 0 1 -1
0 -133.194443 -6.421783 178.333328 0 2 -1
0 -158.112152 44.952469 156.101578 1 1 -1
0 -158.112152 -6.421783 156.101578 1 2 -1
0 -218.023804 44.952469 39.151981 0 1 -1
0 -218.023804 -6.421783 39.151981 0 2 -1
0 -221.508301 44.952469 5.940652 1 1 -1
0 -221.508301 -6.421783 5.940652 1 2 -1
0 -212.770645 47.521183 -27.003153 0 1 -1
0 -212.770645 -3.853070 -27.003153 0 2 -1
0 -208.544098 47.521183 -60.128254 1 1 -1
0 -208.544098 -3.853070 -60.128254 1 2 -1
0 231.215027 -21.834051 17.985624 0 1 -1
0 231.215027 -73.208298 17.985624 0 2 -1
0 222.377213 -21.834051 50.188202 1 1 -1
0 222.377213 -73.208298 50.188202 1 2 -1
0 212.827927 73.208298 86.479012 0 1 -1
0 212.827927 21.834051 86.479012 0 2 -1
0 197.667755 73.208298 116.232765 1 1 -1
0 197.667755 21.834051 116.232765 1 2 -1
0 177.202972 -21.834051 147.154556 0 1 -1
0 177.202972 -73.208298 147.154556 0 2 -1
0 151.187836 -21.834051 168.091095 1 1 -1
0 151.187836 -73.208298 168.091095 1 2 -1
0 141.177536 68.070877 178.971436 0 1 -1
0 141.177536 16.696636 178.971436 0 2 -1
0 113.171333 68.070877 197.158752 1 1 -1
0 113.171333 16.696636 197.158752 1 2 -1
0 103.172943 44.952469 202.327530 0 1 -1
0 103.172943 -6.421783 202.327530 0 2 -1
0 72.140038 44.952469 214.660568 1 1 -1
0 72.140038 -6.421783 214.660568 1 2 -1
0 -91.879387 47.521183 195.423492 0 1 -1
0 -91.879387 -3.853070 195.423492 0 2 -1
0 -121.749916 47.521183 180.494965 1 1 -1
0 -121.749916 -3.853070 180.494965 1 2 -1
0 210.816971 -39.815044 -58.856724 0 1 -1
0 210.816971 -91.189285 -58.856724 0 2 -1
0 217.301727 -39.815044 -26.098894 1 1 -1
0 217.301727 -91.189285 -26.098894 1 2 -1
0 17.524220 47.521183 217.363998 0 1 -1
0 17.524220 -3.853070 217.363998 0 2 -1
0 -15.823607 47.521183 219.111481 1 1 -1
0 -15.823607 -3.853070 219.111481 1 2 -1
0 157.991882 47.521183 154.770096 0 1 -1
0 157.991882 -3.853070 154.770096 0 2 -1
0 134.036377 47.521183 178.035034 1 1 -1
0 134.036377 -3.853070 178.035034 1 2 -1
0 -194.666107 -39.815044 78.542793 0 1 -1
0 -194.666107 -91.189285 78.542793 0 2 -1
0 -204.600113 -39.815044 46.661064 1 1 -1
0 -204.600113 -91.189285 46.661064 1 2 -1
0 57.803520 25.687120 220.268585 0 1 -1
0 57.803520 -25.687120 220.268585 0 2 -1
0 24.455753 25.687120 222.016678 1 1 -1
0 24.455753 -25.687120 222.016678 1 2 -1
0 97.593147 -39.815044 192.081024 0 1 -1
0 97.593147 -91.189285 192.081024 0 2 -1
0 66.480095 -39.815044 204.210159 1 1 -1
0 66.480095 -91.189285 204.210159 1 2 -1
0 -126.084526 -39.815044 168.317642 0 1 -1
0 -126.084526 -91.189285 168.317642 0 2 -1
0 -152.274704 -39.815044 147.600479 1 1 -1
0 -152.274704 -91.189285 147.600479 1 2 -1
0 -51.148846 -39.815044 206.068588 0 1 -1
0 -51.148846 -91.189285 206.068588 0 2 -1
0 -82.629463 -39.815044 194.928268 1 1 -1
0 -82.629463 -91.189285 194.928268 1 2 -1
0 208.687729 -39.815044 64.021278 0 1 -1
0 208.687729 -91.189285 64.021278 0 2 -1
0 196.115158 -39.815044 94.957314 1 1 -1
0 196.115158 -91.189285 94.957314 1 2 -1
0 16.051218 7.706139 -211.002716 0 1 -1
0 16.051218 -43.668114 -211.002716 0 2 -1
0 49.119766 7.706139 -206.355637 1 1 -1
0 49.119766 -43.668114 -206.355637 1 2 -1
25
-0.052342 0 -0.998629
0.395907 0 -0.918291
0.776029 0 -0.630698
0.836385 0 -0.548142
0.854978 0 -0.518664
0.910382 0 -0.413768
0.665746 0 -0.746179
0.994541 0 -0.104346
0.991958 0 0.126567
-0.964342 0 -0.264658
-0.891008 0 -0.453988
-0.626964 0 -0.779048
-0.544636 0 -0.838672
-0.369321 0 -0.929302
0.447052 0 -0.894508
-0.980964 0 0.194192
-0.052330 0 -0.998630
-0.696691 0 -0.717371
0.954727 0 -0.297483
-0.052348 0 -0.998629
-0.363216 0 -0.931705
0.620395 0 -0.784290
0.333606 0 -0.942713
-0.926416 0 -0.376501
-0.139161 0 0.990270
50
0 0 1 2 0 0 0 1
0 1 3 2 0 0 0 1
0 4 5 6 1 1 1 1
0 5 7 6 1 1 1 1
0 8 9 10 2 2 2 1
0 9 11 10 2 2 2 1
0 12 13 14 3 3 3 1
0 13 15 14 3 3 3 1
0 16 17 18 4 4 4 1
0 17 19 18 4 4 4 1
0 20 21 22 5 5 5 1
0 21 23 22 5 5 5 1
0 24 25 26 6 6 6 1
0 25 27 26 6 6 6 1
0 28 29 30 7 7 7 1
0 29 31 30 7 7 7 1
0 32 33 34 8 8 8 1
0 33 35 34 8 8 8 1
0 36 37 38 9 9 9 1
0 37 39 38 9 9 9 1
0 40 41 42 10 10 10 1
0 41 43 42 10 10 10 1
0 44 45 46 11 11 11 1
0 45 47 46 11 11 11 1
0 48 49 50 12 12 12 1
0 49 51 50 12 12 12 1
0 52 53 54 13 13 13 1
0 53 55 54 13 13 13 1
0 56 57 58 14 14 14 1
0 57 59 58 14 14 14 1
0 60 61 62 15 15 15 1
0 61 63 62 15 15 15 1
0 64 65 66 16 16 16 1
0 65 67 66 16 16 16 1
0 68 69 70 17 17 17 1
0 69 71 70 17 17 17 1
0 72 73 74 18 18 18 1
0 73 75 74 18 18 18 1
0 76 77 78 19 19 19 1
0 77 79 78 19 19 19 1
0 80 81 82 20 20 20 1
0 81 83 82 20 20 20 1
0 84 85 86 21 21 21 1
0 85 87 86 21 21 21 1
0 88 89 90 22 22 22 1
0 89 91 90 22 22 22 1
0 92 93 94 23 23 23 1
0 93 95 94 23 23 23 1
0 96 97 98 24 24 24 1
0 97 99 98 24 24 24 1

Materials: 1
"4"
1 1 1 0.690000
0.800000 0.800000 0.800000 0.690000
0.500000 0.500000 0.500000 0.690000
1 1 1 0.690000
0.185600
0.690000
"1.png"
""

Bones: 0
GroupComments: 0
MaterialComments: 0
BoneComments: 0
ModelComment: 0
