// MilkShape 3D ASCII

Frames: 30
Frame: 1

Meshes: 1
"Tex_0001_0_dds1" 0 0
240
0 22.835449 -18.141979 41.772732 0 1 -1
0 28.240906 -18.141979 38.536819 0 2 -1
0 22.835449 -14.541985 41.772732 1 1 -1
0 28.240906 -14.541985 38.536819 1 2 -1
0 27.778625 -18.141979 37.764618 0 1 -1
0 22.373169 -18.141979 41.000523 1 1 -1
0 22.835449 -18.141979 41.772732 1 2 -1
0 28.240906 -14.541985 38.536819 0 1 -1
0 27.778625 -14.541985 37.764618 1 1 -1
0 27.778625 -18.141979 37.764618 1 2 -1
0 22.373169 -18.141979 41.000523 0 1 -1
0 22.835449 -18.141979 41.772732 0 2 -1
0 22.373169 -14.541985 41.000523 1 1 -1
0 22.835449 -14.541985 41.772732 1 2 -1
0 22.835449 -14.541985 41.772732 0 1 -1
0 28.240906 -14.541985 38.536819 0 2 -1
0 27.778625 -14.541985 37.764618 1 2 -1
0 27.778625 -14.541985 37.764618 0 1 -1
0 27.778625 -18.141979 37.764618 0 2 -1
0 22.373169 -18.141979 41.000523 1 2 -1
0 -31.750427 -19.491970 18.573057 0 1 -1
0 -28.639191 -19.491970 24.051208 0 2 -1
0 -31.750427 -15.891987 18.573057 1 1 -1
0 -28.639191 -15.891987 24.051208 1 2 -1
0 -27.856598 -19.491970 23.606743 0 1 -1
0 -30.967834 -19.491970 18.128592 1 1 -1
0 -31.750427 -19.491970 18.573057 1 2 -1
0 -28.639191 -15.891987 24.051208 0 1 -1
0 -27.856598 -15.891987 23.606743 1 1 -1
0 -27.856598 -19.491970 23.606743 1 2 -1
0 -30.967834 -19.491970 18.128592 0 1 -1
0 -31.750427 -19.491970 18.573057 0 2 -1
0 -30.967834 -15.891987 18.128592 1 1 -1
0 -31.750427 -15.891987 18.573057 1 2 -1
0 -31.750427 -15.891987 18.573057 0 1 -1
0 -28.639191 -15.891987 24.051208 0 2 -1
0 -27.856598 -15.891987 23.606743 1 2 -1
0 -27.856598 -15.891987 23.606743 0 1 -1
0 -27.856598 -19.491970 23.606743 0 2 -1
0 -30.967834 -19.491970 18.128592 1 2 -1
0 -47.253387 -12.854017 8.307288 0 1 -1
0 -48.529175 -8.729572 12.895461 0 2 -1
0 -49.941650 -11.493589 6.336868 1 1 -1
0 -51.217438 -7.369152 10.925046 1 2 -1
0 -47.958984 -8.140364 12.524355 0 1 -1
0 -46.683197 -12.264818 7.936177 1 1 -1
0 -47.253387 -12.854017 8.307288 1 2 -1
0 -51.217438 -7.369152 10.925046 0 1 -1
0 -50.647247 -6.779928 10.553936 1 1 -1
0 -47.958984 -8.140364 12.524355 1 2 -1
0 -46.683197 -12.264818 7.936177 0 1 -1
0 -47.253387 -12.854017 8.307288 0 2 -1
0 -49.371460 -10.904375 5.965762 1 1 -1
0 -49.941650 -11.493589 6.336868 1 2 -1
0 -49.941650 -11.493589 6.336868 0 1 -1
0 -51.217438 -7.369152 10.925046 0 2 -1
0 -50.647247 -6.779928 10.553936 1 2 -1
0 -50.647247 -6.779928 10.553936 0 1 -1
0 -47.958984 -8.140364 12.524355 0 2 -1
0 -46.683197 -12.264818 7.936177 1 2 -1
0 14.156433 -13.928856 -45.805023 0 1 -1
0 8.223938 -12.066042 -46.817886 0 2 -1
0 14.966675 -10.658710 -44.536285 1 1 -1
0 9.034180 -8.795902 -45.549141 1 2 -1
0 7.998718 -12.332155 -45.988152 0 1 -1
0 13.931213 -14.194969 -44.975288 1 1 -1
0 14.156433 -13.928856 -45.805023 1 2 -1
0 9.034180 -8.795902 -45.549141 0 1 -1
0 8.808960 -9.062016 -44.719410 1 1 -1
0 7.998718 -12.332155 -45.988152 1 2 -1
0 13.931213 -14.194969 -44.975288 0 1 -1
0 14.156433 -13.928856 -45.805023 0 2 -1
0 14.741455 -10.924822 -43.706554 1 1 -1
0 14.966675 -10.658710 -44.536285 1 2 -1
0 14.966675 -10.658710 -44.536285 0 1 -1
0 9.034180 -8.795902 -45.549141 0 2 -1
0 8.808960 -9.062016 -44.719410 1 2 -1
0 8.808960 -9.062016 -44.719410 0 1 -1
0 7.998718 -12.332155 -45.988152 0 2 -1
0 13.931213 -14.194969 -44.975288 1 2 -1
0 41.378784 -8.758808 -26.738634 0 1 -1
0 40.018982 -4.991360 -31.601480 0 2 -1
0 44.351624 -6.837684 -26.081573 1 1 -1
0 42.991760 -3.070232 -30.944416 1 2 -1
0 39.549988 -4.453150 -31.053375 0 1 -1
0 40.909851 -8.220599 -26.190527 1 1 -1
0 41.378784 -8.758808 -26.738634 1 2 -1
0 42.991760 -3.070232 -30.944416 0 1 -1
0 42.522827 -2.532021 -30.396307 1 1 -1
0 39.549988 -4.453150 -31.053375 1 2 -1
0 40.909851 -8.220599 -26.190527 0 1 -1
0 41.378784 -8.758808 -26.738634 0 2 -1
0 43.882629 -6.299470 -25.533468 1 1 -1
0 44.351624 -6.837684 -26.081573 1 2 -1
0 44.351624 -6.837684 -26.081573 0 1 -1
0 42.991760 -3.070232 -30.944416 0 2 -1
0 42.522827 -2.532021 -30.396307 1 2 -1
0 42.522827 -2.532021 -30.396307 0 1 -1
0 39.549988 -4.453150 -31.053375 0 2 -1
0 40.909851 -8.220599 -26.190527 1 2 -1
0 -44.708801 -1.972806 -8.056467 0 1 -1
0 -45.371643 -1.972806 -1.791437 0 2 -1
0 -44.708801 1.627194 -8.056467 1 1 -1
0 -45.371643 1.627194 -1.791437 1 2 -1
0 -44.476654 -1.972806 -1.696743 0 1 -1
0 -43.813812 -1.972806 -7.961778 1 1 -1
0 -44.708801 -1.972806 -8.056467 1 2 -1
0 -45.371643 1.627194 -1.791437 0 1 -1
0 -44.476654 1.627194 -1.696743 1 1 -1
0 -44.476654 -1.972806 -1.696743 1 2 -1
0 -43.813812 -1.972806 -7.961778 0 1 -1
0 -44.708801 -1.972806 -8.056467 0 2 -1
0 -43.813812 1.627194 -7.961778 1 1 -1
0 -44.708801 1.627194 -8.056467 1 2 -1
0 -44.708801 1.627194 -8.056467 0 1 -1
0 -45.371643 1.627194 -1.791437 0 2 -1
0 -44.476654 1.627194 -1.696743 1 2 -1
0 -44.476654 1.627194 -1.696743 0 1 -1
0 -44.476654 -1.972806 -1.696743 0 2 -1
0 -43.813812 -1.972806 -7.961778 1 2 -1
0 -15.211182 -23.087673 43.574207 0 1 -1
0 -9.235962 -24.108089 45.290459 0 2 -1
0 -14.821472 -19.583370 44.300922 1 1 -1
0 -8.846252 -20.603783 46.017174 1 2 -1
0 -8.967834 -23.962311 44.443775 0 1 -1
0 -14.943054 -22.941902 42.727516 1 1 -1
0 -15.211182 -23.087673 43.574207 1 2 -1
0 -8.846252 -20.603783 46.017174 0 1 -1
0 -8.578186 -20.458015 45.170490 1 1 -1
0 -8.967834 -23.962311 44.443775 1 2 -1
0 -14.943054 -22.941902 42.727516 0 1 -1
0 -15.211182 -23.087673 43.574207 0 2 -1
0 -14.553406 -19.437603 43.454231 1 1 -1
0 -14.821472 -19.583370 44.300922 1 2 -1
0 -14.821472 -19.583370 44.300922 0 1 -1
0 -8.846252 -20.603783 46.017174 0 2 -1
0 -8.578186 -20.458015 45.170490 1 2 -1
0 -8.578186 -20.458015 45.170490 0 1 -1
0 -8.967834 -23.962311 44.443775 0 2 -1
0 -14.943054 -22.941902 42.727516 1 2 -1
0 48.400452 -19.868086 0.714681 0 1 -1
0 48.073181 -19.868086 -5.576814 0 2 -1
0 48.400452 -16.268085 0.714681 1 1 -1
0 48.073181 -16.268085 -5.576814 1 2 -1
0 47.174438 -19.868086 -5.530064 0 1 -1
0 47.501648 -19.868086 0.761432 1 1 -1
0 48.400452 -19.868086 0.714681 1 2 -1
0 48.073181 -16.268085 -5.576814 0 1 -1
0 47.174438 -16.268085 -5.530064 1 1 -1
0 47.174438 -19.868086 -5.530064 1 2 -1
0 47.501648 -19.868086 0.761432 0 1 -1
0 48.400452 -19.868086 0.714681 0 2 -1
0 47.501648 -16.268085 0.761432 1 1 -1
0 48.400452 -16.268085 0.714681 1 2 -1
0 48.400452 -16.268085 0.714681 0 1 -1
0 48.073181 -16.268085 -5.576814 0 2 -1
0 47.174438 -16.268085 -5.530064 1 2 -1
0 47.174438 -16.268085 -5.530064 0 1 -1
0 47.174438 -19.868086 -5.530064 0 2 -1
0 47.501648 -19.868086 0.761432 1 2 -1
0 24.506714 -19.868086 -30.351999 0 1 -1
0 19.459106 -19.868086 -34.121883 0 2 -1
0 24.506714 -16.268085 -30.351999 1 1 -1
0 19.459106 -16.268085 -34.121883 1 2 -1
0 18.920593 -19.868086 -33.400799 0 1 -1
0 23.968140 -19.868086 -29.630920 1 1 -1
0 24.506714 -19.868086 -30.351999 1 2 -1
0 19.459106 -16.268085 -34.121883 0 1 -1
0 18.920593 -16.268085 -33.400799 1 1 -1
0 18.920593 -19.868086 -33.400799 1 2 -1
0 23.968140 -19.868086 -29.630920 0 1 -1
0 24.506714 -19.868086 -30.351999 0 2 -1
0 23.968140 -16.268085 -29.630920 1 1 -1
0 24.506714 -16.268085 -30.351999 1 2 -1
0 24.506714 -16.268085 -30.351999 0 1 -1
0 19.459106 -16.268085 -34.121883 0 2 -1
0 18.920593 -16.268085 -33.400799 1 2 -1
0 18.920593 -16.268085 -33.400799 0 1 -1
0 18.920593 -19.868086 -33.400799 0 2 -1
0 23.968140 -19.868086 -29.630920 1 2 -1
0 16.857483 -8.947363 46.413780 0 1 -1
0 22.765381 -12.403734 44.003994 0 2 -1
0 21.064026 -6.676180 48.121178 1 1 -1
0 26.971924 -10.132591 45.711395 1 2 -1
0 22.400085 -11.909956 43.168911 0 1 -1
0 16.492188 -8.453601 45.578693 1 1 -1
0 16.857483 -8.947363 46.413780 1 2 -1
0 26.971924 -10.132591 45.711395 0 1 -1
0 26.606628 -9.638811 44.876305 1 1 -1
0 22.400085 -11.909956 43.168911 1 2 -1
0 16.492188 -8.453601 45.578693 0 1 -1
0 16.857483 -8.947363 46.413780 0 2 -1
0 20.698730 -6.182420 47.286079 1 1 -1
0 21.064026 -6.676180 48.121178 1 2 -1
0 21.064026 -6.676180 48.121178 0 1 -1
0 26.971924 -10.132591 45.711395 0 2 -1
0 26.606628 -9.638811 44.876305 1 2 -1
0 26.606628 -9.638811 44.876305 0 1 -1
0 22.400085 -11.909956 43.168911 0 2 -1
0 16.492188 -8.453601 45.578693 1 2 -1
0 0.845520 -21.818077 -46.904617 0 1 -1
0 -5.443237 -21.818077 -46.527847 0 2 -1
0 0.845520 -18.218061 -46.904617 1 1 -1
0 -5.443237 -18.218061 -46.527847 1 2 -1
0 -5.389404 -21.818077 -45.629456 0 1 -1
0 0.899353 -21.818077 -46.006226 1 1 -1
0 0.845520 -21.818077 -46.904617 1 2 -1
0 -5.443237 -18.218061 -46.527847 0 1 -1
0 -5.389404 -18.218061 -45.629456 1 1 -1
0 -5.389404 -21.818077 -45.629456 1 2 -1
0 0.899353 -21.818077 -46.006226 0 1 -1
0 0.845520 -21.818077 -46.904617 0 2 -1
0 0.899353 -18.218061 -46.006226 1 1 -1
0 0.845520 -18.218061 -46.904617 1 2 -1
0 0.845520 -18.218061 -46.904617 0 1 -1
0 -5.443237 -18.218061 -46.527847 0 2 -1
0 -5.389404 -18.218061 -45.629456 1 2 -1
0 -5.389404 -18.218061 -45.629456 0 1 -1
0 -5.389404 -21.818077 -45.629456 0 2 -1
0 0.899353 -21.818077 -46.006226 1 2 -1
0 26.492981 -21.818077 28.738512 0 1 -1
0 31.217285 -21.818077 24.570644 0 2 -1
0 26.492981 -18.218061 28.738512 1 1 -1
0 31.217285 -18.218061 24.570644 1 2 -1
0 30.621887 -21.818077 23.895746 0 1 -1
0 25.897583 -21.818077 28.063616 1 1 -1
0 26.492981 -21.818077 28.738512 1 2 -1
0 31.217285 -18.218061 24.570644 0 1 -1
0 30.621887 -18.218061 23.895746 1 1 -1
0 30.621887 -21.818077 23.895746 1 2 -1
0 25.897583 -21.818077 28.063616 0 1 -1
0 26.492981 -21.818077 28.738512 0 2 -1
0 25.897583 -18.218061 28.063616 1 1 -1
0 26.492981 -18.218061 28.738512 1 2 -1
0 26.492981 -18.218061 28.738512 0 1 -1
0 31.217285 -18.218061 24.570644 0 2 -1
0 30.621887 -18.218061 23.895746 1 2 -1
0 30.621887 -18.218061 23.895746 0 1 -1
0 30.621887 -21.818077 23.895746 0 2 -1
0 25.897583 -21.818077 28.063616 1 2 -1
144
0.513636 0 0.858008
0.791919 -0.577352 0.198819
0 -1 0
0.858003 0 -0.513645
-0.858005 0 0.513642
-0.791919 0.577352 -0.198821
0 1 0
-0.513635 0 -0.858009
-0.869549 0 0.493847
-0.216910 -0.577351 0.787157
0.493850 0 0.869547
-0.493850 0 -0.869547
0.216910 0.577351 -0.787157
0.869549 0 -0.493847
-0.633542 -0.654674 0.412343
-0.051566 -0.218182 0.974545
-0.633541 -0.654675 0.412343
-0.633540 -0.654675 0.412344
0.746735 -0.377897 0.547340
0.746735 -0.377897 0.547340
0.746735 -0.377897 0.547340
-0.202512 0.654666 0.728287
-0.202509 0.654668 0.728285
-0.202506 0.654671 0.728284
0.202497 -0.654677 -0.728281
0.202503 -0.654673 -0.728283
0.051562 0.218177 -0.974546
0.202510 -0.654668 -0.728285
-0.746737 0.377896 -0.547338
-0.746739 0.377893 -0.547337
-0.746741 0.377891 -0.547336
0.633543 0.654673 -0.412343
0.633543 0.654673 -0.412343
0.633543 0.654673 -0.412343
0.250246 0.295682 -0.921927
-0.529129 -0.183022 -0.828569
0.250246 0.295683 -0.921926
0.250246 0.295685 -0.921926
-0.225061 -0.908375 -0.352425
-0.225061 -0.908375 -0.352424
-0.225061 -0.908375 -0.352424
-0.941659 0.295689 -0.160767
-0.941659 0.295689 -0.160767
-0.941659 0.295689 -0.160767
0.941660 -0.295688 0.160767
0.941659 -0.295688 0.160767
0.529128 0.183023 0.828569
0.941659 -0.295688 0.160768
0.225061 0.908375 0.352425
0.225060 0.908374 0.352425
0.225060 0.908374 0.352426
-0.250245 -0.295684 0.921926
-0.250246 -0.295682 0.921927
-0.250246 -0.295681 0.921927
0.521053 -0.598010 -0.609006
-0.300545 -0.308103 -0.902632
0.521056 -0.598006 -0.609007
0.521060 -0.598001 -0.609008
-0.825759 -0.533669 -0.182538
-0.825774 -0.533650 -0.182524
-0.825789 -0.533631 -0.182510
-0.215850 0.598007 -0.771878
-0.215844 0.598003 -0.771883
-0.215838 0.597999 -0.771888
0.215851 -0.598006 0.771879
0.215844 -0.598002 0.771884
0.300545 0.308103 0.902632
0.215837 -0.597997 0.771890
0.825760 0.533667 0.182536
0.825775 0.533649 0.182523
0.825790 0.533630 0.182509
-0.521054 0.598009 0.609006
-0.521057 0.598006 0.609007
-0.521059 0.598002 0.609008
-0.994450 0 -0.105213
-0.634892 -0.577349 0.513400
-0.105217 0 0.994449
0.105212 0 -0.994450
0.634890 0.577350 -0.513401
0.994450 0 0.105213
-0.297874 -0.161968 0.940764
0.313110 -0.749023 0.583890
-0.297874 -0.161967 0.940764
-0.297874 -0.161967 0.940764
-0.108247 -0.973410 -0.201878
-0.108250 -0.973411 -0.201873
-0.108252 -0.973412 -0.201869
0.948453 -0.161967 0.272403
0.948445 -0.161964 0.272434
0.948436 -0.161961 0.272465
-0.948437 0.161961 -0.272464
-0.948445 0.161964 -0.272432
-0.313105 0.749022 -0.583893
-0.948454 0.161966 -0.272401
0.108255 0.973414 0.201858
0.108254 0.973414 0.201859
0.108254 0.973414 0.201859
0.297876 0.161973 -0.940763
0.297875 0.161973 -0.940763
0.297875 0.161972 -0.940763
0.998650 0 -0.051948
0.546579 -0.577350 -0.606563
-0.051947 0 -0.998650
0.051944 0 0.998650
-0.546582 0.577352 0.606559
-0.998650 0 0.051938
0.598392 0 -0.801204
-0.117107 -0.577357 -0.808050
-0.801225 0 -0.598363
0.801190 0 0.598410
0.117083 0.577347 0.808061
-0.598396 0 0.801201
-0.012413 -0.586067 0.810168
-0.008005 -0.999963 -0.003254
-0.012415 -0.586067 0.810167
-0.012418 -0.586068 0.810167
-0.559101 -0.797435 -0.226946
-0.559100 -0.797437 -0.226940
-0.559100 -0.797439 -0.226933
0.555749 -0.586065 -0.589636
0.555749 -0.586064 -0.589638
0.555748 -0.586063 -0.589639
-0.555752 0.586069 0.589630
-0.555753 0.586071 0.589627
0.008003 0.999963 0.003246
-0.555754 0.586073 0.589624
0.559102 0.797439 0.226927
0.559103 0.797436 0.226935
0.559103 0.797433 0.226944
0.012417 0.586067 -0.810167
0.012414 0.586067 -0.810168
0.012411 0.586066 -0.810168
-0.059804 0 -0.998210
-0.610847 -0.577352 -0.541785
-0.998210 0 0.059814
0.998210 0 -0.059814
0.610847 0.577352 0.541785
0.059804 0 0.998210
0.661565 0 0.749888
0.814903 -0.577349 0.050997
0.749893 0 -0.661559
-0.749892 0 0.661560
-0.814903 0.577349 -0.050996
-0.661565 0 -0.749888
144
0 0 1 2 0 1 0 1
0 1 3 2 1 0 0 1
0 4 1 5 2 1 2 1
0 1 6 5 1 2 2 1
0 7 1 8 3 1 3 1
0 1 9 8 1 3 3 1
0 10 11 12 4 4 5 1
0 11 13 12 4 4 5 1
0 14 15 12 6 6 5 1
0 15 16 12 6 6 5 1
0 17 18 12 7 7 5 1
0 18 19 12 7 7 5 1
0 20 21 22 8 9 8 1
0 21 23 22 9 8 8 1
0 24 21 25 2 9 2 1
0 21 26 25 9 2 2 1
0 27 21 28 10 9 10 1
0 21 29 28 9 10 10 1
0 30 31 32 11 11 12 1
0 31 33 32 11 11 12 1
0 34 35 32 6 6 12 1
0 35 36 32 6 6 12 1
0 37 38 32 13 13 12 1
0 38 39 32 13 13 12 1
0 40 41 42 14 15 16 1
0 41 43 42 15 17 16 1
0 44 41 45 18 15 19 1
0 41 46 45 15 20 19 1
0 47 41 48 21 15 22 1
0 41 49 48 15 23 22 1
0 50 51 52 24 25 26 1
0 51 53 52 25 27 26 1
0 54 55 52 28 29 26 1
0 55 56 52 29 30 26 1
0 57 58 52 31 32 26 1
0 58 59 52 32 33 26 1
0 60 61 62 34 35 36 1
0 61 63 62 35 37 36 1
0 64 61 65 38 35 39 1
0 61 66 65 35 40 39 1
0 67 61 68 41 35 42 1
0 61 69 68 35 43 42 1
0 70 71 72 44 45 46 1
0 71 73 72 45 47 46 1
0 74 75 72 48 49 46 1
0 75 76 72 49 50 46 1
0 77 78 72 51 52 46 1
0 78 79 72 52 53 46 1
0 80 81 82 54 55 56 1
0 81 83 82 55 57 56 1
0 84 81 85 58 55 59 1
0 81 86 85 55 60 59 1
0 87 81 88 61 55 62 1
0 81 89 88 55 63 62 1
0 90 91 92 64 65 66 1
0 91 93 92 65 67 66 1
0 94 95 92 68 69 66 1
0 95 96 92 69 70 66 1
0 97 98 92 71 72 66 1
0 98 99 92 72 73 66 1
0 100 101 102 74 75 74 1
0 101 103 102 75 74 74 1
0 104 101 105 2 75 2 1
0 101 106 105 75 2 2 1
0 107 101 108 76 75 76 1
0 101 109 108 75 76 76 1
0 110 111 112 77 77 78 1
0 111 113 112 77 77 78 1
0 114 115 112 6 6 78 1
0 115 116 112 6 6 78 1
0 117 118 112 79 79 78 1
0 118 119 112 79 79 78 1
0 120 121 122 80 81 82 1
0 121 123 122 81 83 82 1
0 124 121 125 84 81 85 1
0 121 126 125 81 86 85 1
0 127 121 128 87 81 88 1
0 121 129 128 81 89 88 1
0 130 131 132 90 91 92 1
0 131 133 132 91 93 92 1
0 134 135 132 94 95 92 1
0 135 136 132 95 96 92 1
0 137 138 132 97 98 92 1
0 138 139 132 98 99 92 1
0 140 141 142 100 101 100 1
0 141 143 142 101 100 100 1
0 144 141 145 2 101 2 1
0 141 146 145 101 2 2 1
0 147 141 148 102 101 102 1
0 141 149 148 101 102 102 1
0 150 151 152 103 103 104 1
0 151 153 152 103 103 104 1
0 154 155 152 6 6 104 1
0 155 156 152 6 6 104 1
0 157 158 152 105 105 104 1
0 158 159 152 105 105 104 1
0 160 161 162 106 107 106 1
0 161 163 162 107 106 106 1
0 164 161 165 2 107 2 1
0 161 166 165 107 2 2 1
0 167 161 168 108 107 108 1
0 161 169 168 107 108 108 1
0 170 171 172 109 109 110 1
0 171 173 172 109 109 110 1
0 174 175 172 6 6 110 1
0 175 176 172 6 6 110 1
0 177 178 172 111 111 110 1
0 178 179 172 111 111 110 1
0 180 181 182 112 113 114 1
0 181 183 182 113 115 114 1
0 184 181 185 116 113 117 1
0 181 186 185 113 118 117 1
0 187 181 188 119 113 120 1
0 181 189 188 113 121 120 1
0 190 191 192 122 123 124 1
0 191 193 192 123 125 124 1
0 194 195 192 126 127 124 1
0 195 196 192 127 128 124 1
0 197 198 192 129 130 124 1
0 198 199 192 130 131 124 1
0 200 201 202 132 133 132 1
0 201 203 202 133 132 132 1
0 204 201 205 2 133 2 1
0 201 206 205 133 2 2 1
0 207 201 208 134 133 134 1
0 201 209 208 133 134 134 1
0 210 211 212 135 135 136 1
0 211 213 212 135 135 136 1
0 214 215 212 6 6 136 1
0 215 216 212 6 6 136 1
0 217 218 212 137 137 136 1
0 218 219 212 137 137 136 1
0 220 221 222 138 139 138 1
0 221 223 222 139 138 138 1
0 224 221 225 2 139 2 1
0 221 226 225 139 2 2 1
0 227 221 228 140 139 140 1
0 221 229 228 139 140 140 1
0 230 231 232 141 141 142 1
0 231 233 232 141 141 142 1
0 234 235 232 6 6 142 1
0 235 236 232 6 6 142 1
0 237 238 232 143 143 142 1
0 238 239 232 143 143 142 1

Materials: 1
"Tex_0001_0_dds"
1 1 1 1
0.800000 0.800000 0.800000 1
0.498039 0.498039 0.498039 1
1 1 1 1
0.185600
1
"Tex_0001_0.png"
""

Bones: 0
GroupComments: 0
MaterialComments: 0
BoneComments: 0
ModelComment: 0
