// MilkShape 3D ASCII

Frames: 30
Frame: 1

Meshes: 1
"Tex_0001_0_dds1" 0 0
320
0 -0.149971 -4.554854 46.799999 0 1 -1
0 6.150032 -4.554854 46.799999 0 2 -1
0 -0.149971 -0.954836 46.799999 1 1 -1
0 6.150032 -0.954836 46.799999 1 2 -1
0 6.150032 -4.554854 45.899998 0 1 -1
0 -0.149971 -4.554854 45.899998 1 1 -1
0 -0.149971 -4.554854 46.799999 1 2 -1
0 6.150032 -0.954836 46.799999 0 1 -1
0 6.150032 -0.954836 45.899998 1 1 -1
0 6.150032 -4.554854 45.899998 1 2 -1
0 -0.149971 -4.554854 45.899998 0 1 -1
0 -0.149971 -4.554854 46.799999 0 2 -1
0 -0.149971 -0.954836 45.899998 1 1 -1
0 -0.149971 -0.954836 46.799999 1 2 -1
0 -0.149971 -0.954836 46.799999 0 1 -1
0 6.150032 -0.954836 46.799999 0 2 -1
0 6.150032 -0.954836 45.899998 1 2 -1
0 6.150032 -0.954836 45.899998 0 1 -1
0 6.150032 -4.554854 45.899998 0 2 -1
0 -0.149971 -4.554854 45.899998 1 2 -1
0 -21.794380 -4.554854 -39.817078 0 1 -1
0 -26.906563 -4.554854 -36.135277 0 2 -1
0 -21.794380 -0.954836 -39.817078 1 1 -1
0 -26.906563 -0.954836 -36.135277 1 2 -1
0 -26.380592 -4.554854 -35.404968 0 1 -1
0 -21.268410 -4.554854 -39.086769 1 1 -1
0 -21.794380 -4.554854 -39.817078 1 2 -1
0 -26.906563 -0.954836 -36.135277 0 1 -1
0 -26.380592 -0.954836 -35.404968 1 1 -1
0 -26.380592 -4.554854 -35.404968 1 2 -1
0 -21.268410 -4.554854 -39.086769 0 1 -1
0 -21.794380 -4.554854 -39.817078 0 2 -1
0 -21.268410 -0.954836 -39.086769 1 1 -1
0 -21.794380 -0.954836 -39.817078 1 2 -1
0 -21.794380 -0.954836 -39.817078 0 1 -1
0 -26.906563 -0.954836 -36.135277 0 2 -1
0 -26.380592 -0.954836 -35.404968 1 2 -1
0 -26.380592 -0.954836 -35.404968 0 1 -1
0 -26.380592 -4.554854 -35.404968 0 2 -1
0 -21.268410 -4.554854 -39.086769 1 2 -1
0 -6.053047 -14.679865 -36.994503 0 1 -1
0 -12.161690 -14.679865 -35.453560 0 2 -1
0 -6.053047 -11.079844 -36.994503 1 1 -1
0 -12.161690 -11.079844 -35.453560 1 2 -1
0 -11.941551 -14.679865 -34.580898 0 1 -1
0 -5.832909 -14.679865 -36.121841 1 1 -1
0 -6.053047 -14.679865 -36.994503 1 2 -1
0 -12.161690 -11.079844 -35.453560 0 1 -1
0 -11.941551 -11.079844 -34.580898 1 1 -1
0 -11.941551 -14.679865 -34.580898 1 2 -1
0 -5.832909 -14.679865 -36.121841 0 1 -1
0 -6.053047 -14.679865 -36.994503 0 2 -1
0 -5.832909 -11.079844 -36.121841 1 1 -1
0 -6.053047 -11.079844 -36.994503 1 2 -1
0 -6.053047 -11.079844 -36.994503 0 1 -1
0 -12.161690 -11.079844 -35.453560 0 2 -1
0 -11.941551 -11.079844 -34.580898 1 2 -1
0 -11.941551 -11.079844 -34.580898 0 1 -1
0 -11.941551 -14.679865 -34.580898 0 2 -1
0 -5.832909 -14.679865 -36.121841 1 2 -1
0 4.801050 -6.514873 -48.939034 0 1 -1
0 -0.701185 -3.854298 -50.467651 0 2 -1
0 6.547091 -3.964268 -50.784496 1 1 -1
0 1.044855 -1.303669 -52.313114 1 2 -1
0 -0.661063 -3.345427 -49.726398 0 1 -1
0 4.841177 -6.006011 -48.197777 1 1 -1
0 4.801050 -6.514873 -48.939034 1 2 -1
0 1.044855 -1.303669 -52.313114 0 1 -1
0 1.084977 -0.794819 -51.571861 1 1 -1
0 -0.661063 -3.345427 -49.726398 1 2 -1
0 4.841177 -6.006011 -48.197777 0 1 -1
0 4.801050 -6.514873 -48.939034 0 2 -1
0 6.587213 -3.455413 -50.043240 1 1 -1
0 6.547091 -3.964268 -50.784496 1 2 -1
0 6.547091 -3.964268 -50.784496 0 1 -1
0 1.044855 -1.303669 -52.313114 0 2 -1
0 1.084977 -0.794819 -51.571861 1 2 -1
0 1.084977 -0.794819 -51.571861 0 1 -1
0 -0.661063 -3.345427 -49.726398 0 2 -1
0 4.841177 -6.006011 -48.197777 1 2 -1
0 13.479012 -14.644388 37.867897 0 1 -1
0 16.163277 -18.270723 33.470783 0 2 -1
0 16.422676 -12.573893 37.957352 1 1 -1
0 19.106941 -16.200201 33.560238 1 2 -1
0 15.814888 -17.747541 32.826641 0 1 -1
0 13.130623 -14.121237 37.223755 1 1 -1
0 13.479012 -14.644388 37.867897 1 2 -1
0 19.106941 -16.200201 33.560238 0 1 -1
0 18.758553 -15.677038 32.916107 1 1 -1
0 15.814888 -17.747541 32.826641 1 2 -1
0 13.130623 -14.121237 37.223755 0 1 -1
0 13.479012 -14.644388 37.867897 0 2 -1
0 16.074257 -12.050730 37.313217 1 1 -1
0 16.422676 -12.573893 37.957352 1 2 -1
0 16.422676 -12.573893 37.957352 0 1 -1
0 19.106941 -16.200201 33.560238 0 2 -1
0 18.758553 -15.677038 32.916107 1 2 -1
0 18.758553 -15.677038 32.916107 0 1 -1
0 15.814888 -17.747541 32.826641 0 2 -1
0 13.130623 -14.121237 37.223755 1 2 -1
0 47.122978 6.525026 18.380642 0 1 -1
0 46.147648 2.193597 13.911035 0 2 -1
0 50.283318 7.366271 16.875788 1 1 -1
0 49.307999 3.034812 12.406185 1 2 -1
0 45.739792 2.812372 13.400388 0 1 -1
0 46.715118 7.143819 17.869989 1 1 -1
0 47.122978 6.525026 18.380642 1 2 -1
0 49.307999 3.034812 12.406185 0 1 -1
0 48.900135 3.653591 11.895534 1 1 -1
0 45.739792 2.812372 13.400388 1 2 -1
0 46.715118 7.143819 17.869989 0 1 -1
0 47.122978 6.525026 18.380642 0 2 -1
0 49.875458 7.985047 16.365141 1 1 -1
0 50.283318 7.366271 16.875788 1 2 -1
0 50.283318 7.366271 16.875788 0 1 -1
0 49.307999 3.034812 12.406185 0 2 -1
0 48.900135 3.653591 11.895534 1 2 -1
0 48.900135 3.653591 11.895534 0 1 -1
0 45.739792 2.812372 13.400388 0 2 -1
0 46.715118 7.143819 17.869989 1 2 -1
0 -35.934296 -2.061217 -33.593395 0 1 -1
0 -40.300701 1.286338 -30.524418 0 2 -1
0 -36.013855 0.314078 -36.297424 1 1 -1
0 -40.380253 3.661602 -33.228447 1 2 -1
0 -39.652229 1.764551 -30.123425 0 1 -1
0 -35.285824 -1.582982 -33.192402 1 1 -1
0 -35.934296 -2.061217 -33.593395 1 2 -1
0 -40.380253 3.661602 -33.228447 0 1 -1
0 -39.731785 4.139822 -32.827454 1 1 -1
0 -39.652229 1.764551 -30.123425 1 2 -1
0 -35.285824 -1.582982 -33.192402 0 1 -1
0 -35.934296 -2.061217 -33.593395 0 2 -1
0 -35.365379 0.792285 -35.896431 1 1 -1
0 -36.013855 0.314078 -36.297424 1 2 -1
0 -36.013855 0.314078 -36.297424 0 1 -1
0 -40.380253 3.661602 -33.228447 0 2 -1
0 -39.731785 4.139822 -32.827454 1 2 -1
0 -39.731785 4.139822 -32.827454 0 1 -1
0 -39.652229 1.764551 -30.123425 0 2 -1
0 -35.285824 -1.582982 -33.192402 1 2 -1
0 45.332100 4.189322 -20.202862 0 1 -1
0 42.242928 4.189322 -25.693487 0 2 -1
0 45.332100 7.789321 -20.202862 1 1 -1
0 42.242928 7.789321 -25.693487 1 2 -1
0 41.458565 4.189322 -25.252178 0 1 -1
0 44.547737 4.189322 -19.761553 1 1 -1
0 45.332100 4.189322 -20.202862 1 2 -1
0 42.242928 7.789321 -25.693487 0 1 -1
0 41.458565 7.789321 -25.252178 1 1 -1
0 41.458565 4.189322 -25.252178 1 2 -1
0 44.547737 4.189322 -19.761553 0 1 -1
0 45.332100 4.189322 -20.202862 0 2 -1
0 44.547737 7.789321 -19.761553 1 1 -1
0 45.332100 7.789321 -20.202862 1 2 -1
0 45.332100 7.789321 -20.202862 0 1 -1
0 42.242928 7.789321 -25.693487 0 2 -1
0 41.458565 7.789321 -25.252178 1 2 -1
0 41.458565 7.789321 -25.252178 0 1 -1
0 41.458565 4.189322 -25.252178 0 2 -1
0 44.547737 4.189322 -19.761553 1 2 -1
0 -35.085991 -21.130999 0.079776 0 1 -1
0 -35.028053 -21.130999 6.379511 0 2 -1
0 -35.085991 -17.530973 0.079776 1 1 -1
0 -35.028053 -17.530973 6.379511 1 2 -1
0 -34.128090 -21.130999 6.371230 0 1 -1
0 -34.186028 -21.130999 0.071501 1 1 -1
0 -35.085991 -21.130999 0.079776 1 2 -1
0 -35.028053 -17.530973 6.379511 0 1 -1
0 -34.128090 -17.530973 6.371230 1 1 -1
0 -34.128090 -21.130999 6.371230 1 2 -1
0 -34.186028 -21.130999 0.071501 0 1 -1
0 -35.085991 -21.130999 0.079776 0 2 -1
0 -34.186028 -17.530973 0.071501 1 1 -1
0 -35.085991 -17.530973 0.079776 1 2 -1
0 -35.085991 -17.530973 0.079776 0 1 -1
0 -35.028053 -17.530973 6.379511 0 2 -1
0 -34.128090 -17.530973 6.371230 1 2 -1
0 -34.128090 -17.530973 6.371230 0 1 -1
0 -34.128090 -21.130999 6.371230 0 2 -1
0 -34.186028 -21.130999 0.071501 1 2 -1
0 41.319893 -4.246814 -1.044248 0 1 -1
0 42.562935 -7.989797 -5.956979 0 2 -1
0 39.095772 -2.294723 -3.094285 1 1 -1
0 40.338814 -6.037704 -8.007017 1 2 -1
0 41.877876 -8.524511 -5.722920 0 1 -1
0 40.634834 -4.781524 -0.810189 1 1 -1
0 41.319893 -4.246814 -1.044248 1 2 -1
0 40.338814 -6.037704 -8.007017 0 1 -1
0 39.653755 -6.572414 -7.772958 1 1 -1
0 41.877876 -8.524511 -5.722920 1 2 -1
0 40.634834 -4.781524 -0.810189 0 1 -1
0 41.319893 -4.246814 -1.044248 0 2 -1
0 38.410713 -2.829440 -2.860227 1 1 -1
0 39.095772 -2.294723 -3.094285 1 2 -1
0 39.095772 -2.294723 -3.094285 0 1 -1
0 40.338814 -6.037704 -8.007017 0 2 -1
0 39.653755 -6.572414 -7.772958 1 2 -1
0 39.653755 -6.572414 -7.772958 0 1 -1
0 41.877876 -8.524511 -5.722920 0 2 -1
0 40.634834 -4.781524 -0.810189 1 2 -1
0 40.920723 -5.184612 27.607645 0 1 -1
0 44.278328 -5.184612 22.276939 0 2 -1
0 40.920723 -1.584599 27.607645 1 1 -1
0 44.278328 -1.584599 22.276939 1 2 -1
0 43.516792 -5.184612 21.797281 0 1 -1
0 40.159187 -5.184612 27.127985 1 1 -1
0 40.920723 -5.184612 27.607645 1 2 -1
0 44.278328 -1.584599 22.276939 0 1 -1
0 43.516792 -1.584599 21.797281 1 1 -1
0 43.516792 -5.184612 21.797281 1 2 -1
0 40.159187 -5.184612 27.127985 0 1 -1
0 40.920723 -5.184612 27.607645 0 2 -1
0 40.159187 -1.584599 27.127985 1 1 -1
0 40.920723 -1.584599 27.607645 1 2 -1
0 40.920723 -1.584599 27.607645 0 1 -1
0 44.278328 -1.584599 22.276939 0 2 -1
0 43.516792 -1.584599 21.797281 1 2 -1
0 43.516792 -1.584599 21.797281 0 1 -1
0 43.516792 -5.184612 21.797281 0 2 -1
0 40.159187 -5.184612 27.127985 1 2 -1
0 -33.806023 1.565408 29.077087 0 1 -1
0 -29.577461 1.565408 33.747139 0 2 -1
0 -33.806023 5.165424 29.077087 1 1 -1
0 -29.577461 5.165424 33.747139 1 2 -1
0 -28.910316 1.565408 33.143059 0 1 -1
0 -33.138878 1.565408 28.473011 1 1 -1
0 -33.806023 1.565408 29.077087 1 2 -1
0 -29.577461 5.165424 33.747139 0 1 -1
0 -28.910316 5.165424 33.143059 1 1 -1
0 -28.910316 1.565408 33.143059 1 2 -1
0 -33.138878 1.565408 28.473011 0 1 -1
0 -33.806023 1.565408 29.077087 0 2 -1
0 -33.138878 5.165424 28.473011 1 1 -1
0 -33.806023 5.165424 29.077087 1 2 -1
0 -33.806023 5.165424 29.077087 0 1 -1
0 -29.577461 5.165424 33.747139 0 2 -1
0 -28.910316 5.165424 33.143059 1 2 -1
0 -28.910316 5.165424 33.143059 0 1 -1
0 -28.910316 1.565408 33.143059 0 2 -1
0 -33.138878 1.565408 28.473011 1 2 -1
0 42.230659 -15.655951 25.712257 0 1 -1
0 45.322456 -15.655951 20.223106 0 2 -1
0 42.230659 -12.055933 25.712257 1 1 -1
0 45.322456 -12.055933 20.223106 1 2 -1
0 44.538277 -15.655951 19.781420 0 1 -1
0 41.446480 -15.655951 25.270569 1 1 -1
0 42.230659 -15.655951 25.712257 1 2 -1
0 45.322456 -12.055933 20.223106 0 1 -1
0 44.538277 -12.055933 19.781420 1 1 -1
0 44.538277 -15.655951 19.781420 1 2 -1
0 41.446480 -15.655951 25.270569 0 1 -1
0 42.230659 -15.655951 25.712257 0 2 -1
0 41.446480 -12.055933 25.270569 1 1 -1
0 42.230659 -12.055933 25.712257 1 2 -1
0 42.230659 -12.055933 25.712257 0 1 -1
0 45.322456 -12.055933 20.223106 0 2 -1
0 44.538277 -12.055933 19.781420 1 2 -1
0 44.538277 -12.055933 19.781420 0 1 -1
0 44.538277 -15.655951 19.781420 0 2 -1
0 41.446480 -15.655951 25.270569 1 2 -1
0 44.842617 -15.032873 13.758714 0 1 -1
0 46.281929 -15.032873 7.625331 0 2 -1
0 44.842617 -12.679010 13.758714 1 1 -1
0 46.281929 -12.679010 7.625331 1 2 -1
0 45.405727 -15.032873 7.419717 0 1 -1
0 43.966419 -15.032873 13.553101 1 1 -1
0 44.842617 -15.032873 13.758714 1 2 -1
0 46.281929 -12.679010 7.625331 0 1 -1
0 45.405727 -12.679010 7.419717 1 1 -1
0 45.405727 -15.032873 7.419717 1 2 -1
0 43.966419 -15.032873 13.553101 0 1 -1
0 44.842617 -15.032873 13.758714 0 2 -1
0 43.966419 -12.679010 13.553101 1 1 -1
0 44.842617 -12.679010 13.758714 1 2 -1
0 44.842617 -12.679010 13.758714 0 1 -1
0 46.281929 -12.679010 7.625331 0 2 -1
0 45.405727 -12.679010 7.419717 1 2 -1
0 45.405727 -12.679010 7.419717 0 1 -1
0 45.405727 -15.032873 7.419717 0 2 -1
0 43.966419 -15.032873 13.553101 1 2 -1
0 -41.062374 -7.988058 28.101383 0 1 -1
0 -38.197842 -5.525661 33.143318 0 2 -1
0 -43.020813 -4.988002 27.748890 1 1 -1
0 -40.156277 -2.525617 32.790825 1 2 -1
0 -37.563156 -5.173884 32.610931 0 1 -1
0 -40.427692 -7.636281 27.568996 1 1 -1
0 -41.062374 -7.988058 28.101383 1 2 -1
0 -40.156277 -2.525617 32.790825 0 1 -1
0 -39.521603 -2.173858 32.258438 1 1 -1
0 -37.563156 -5.173884 32.610931 1 2 -1
0 -40.427692 -7.636281 27.568996 0 1 -1
0 -41.062374 -7.988058 28.101383 0 2 -1
0 -42.386135 -4.636230 27.216503 1 1 -1
0 -43.020813 -4.988002 27.748890 1 2 -1
0 -43.020813 -4.988002 27.748890 0 1 -1
0 -40.156277 -2.525617 32.790825 0 2 -1
0 -39.521603 -2.173858 32.258438 1 2 -1
0 -39.521603 -2.173858 32.258438 0 1 -1
0 -37.563156 -5.173884 32.610931 0 2 -1
0 -40.427692 -7.636281 27.568996 1 2 -1
0 -25.925058 -2.830950 43.661079 0 1 -1
0 -20.423836 -2.830950 46.731339 0 2 -1
0 -25.925058 0.769062 43.661079 1 1 -1
0 -20.423836 0.769062 46.731339 1 2 -1
0 -19.985229 -2.830950 45.945450 0 1 -1
0 -25.486454 -2.830950 42.875187 1 1 -1
0 -25.925058 -2.830950 43.661079 1 2 -1
0 -20.423836 0.769062 46.731339 0 1 -1
0 -19.985229 0.769062 45.945450 1 1 -1
0 -19.985229 -2.830950 45.945450 1 2 -1
0 -25.486454 -2.830950 42.875187 0 1 -1
0 -25.925058 -2.830950 43.661079 0 2 -1
0 -25.486454 0.769062 42.875187 1 1 -1
0 -25.925058 0.769062 43.661079 1 2 -1
0 -25.925058 0.769062 43.661079 0 1 -1
0 -20.423836 0.769062 46.731339 0 2 -1
0 -19.985229 0.769062 45.945450 1 2 -1
0 -19.985229 0.769062 45.945450 0 1 -1
0 -19.985229 -2.830950 45.945450 0 2 -1
0 -25.486454 -2.830950 42.875187 1 2 -1
182
0 0 1
0.577350 -0.577350 0.577350
0 -1 0
1 0 0
-1 0 0
-0.577350 0.577350 -0.577350
0 1 0
0 0 -1
-0.584412 0 -0.811457
-0.805905 -0.577350 -0.131084
-0.811456 0 0.584413
0.811456 0 -0.584413
0.805905 0.577350 0.131084
0.584412 0 0.811457
-0.244594 0 -0.969626
-0.701030 -0.577351 -0.418595
-0.969624 0 0.244599
0.969625 0 -0.244598
0.701030 0.577351 0.418595
0.244594 0 0.969626
-0.044581 -0.565398 -0.823613
-0.810002 -0.491662 -0.319633
-0.044581 -0.565396 -0.823614
-0.044581 -0.565394 -0.823615
-0.485011 -0.708497 0.512637
-0.485010 -0.708499 0.512634
-0.485010 -0.708502 0.512631
-0.873372 0.422315 -0.242635
-0.873371 0.422313 -0.242639
-0.873371 0.422311 -0.242644
0.873371 -0.422317 0.242636
0.873371 -0.422317 0.242637
0.810001 0.491663 0.319635
0.873370 -0.422317 0.242637
0.485013 0.708505 -0.512624
0.485013 0.708506 -0.512623
0.485013 0.708506 -0.512623
0.044582 0.565397 0.823613
0.044582 0.565398 0.823613
0.044582 0.565399 0.823612
0.387114 -0.581290 0.715713
-0.002595 -0.999988 -0.004101
0.387117 -0.581289 0.715712
0.387119 -0.581289 0.715711
-0.817691 -0.575120 -0.024867
-0.817688 -0.575124 -0.024859
-0.817685 -0.575129 -0.024851
0.426078 -0.575601 -0.697955
0.426077 -0.575601 -0.697956
0.426076 -0.575600 -0.697957
-0.426086 0.575609 0.697943
-0.426078 0.575603 0.697953
0.002590 0.999988 0.004094
-0.426070 0.575597 0.697963
0.817676 0.575142 0.024838
0.817681 0.575135 0.024849
0.817685 0.575128 0.024861
-0.387113 0.581291 -0.715712
-0.387116 0.581290 -0.715712
-0.387118 0.581290 -0.715711
0.453184 -0.687531 0.567385
-0.334581 -0.928803 0.159314
0.453180 -0.687530 0.567388
0.453177 -0.687530 0.567392
-0.877874 -0.233671 0.418012
-0.877875 -0.233670 0.418011
-0.877876 -0.233669 0.418010
-0.154815 -0.687531 -0.709460
-0.154815 -0.687531 -0.709460
-0.154816 -0.687530 -0.709461
0.154817 0.687524 0.709467
0.154815 0.687526 0.709465
0.334580 0.928803 -0.159314
0.154812 0.687529 0.709463
0.877873 0.233674 -0.418014
0.877873 0.233674 -0.418014
0.877873 0.233674 -0.418014
-0.453179 0.687530 -0.567390
-0.453180 0.687530 -0.567389
-0.453180 0.687530 -0.567389
-0.720524 -0.531347 -0.445551
-0.803385 -0.380929 0.457674
-0.720523 -0.531349 -0.445550
-0.720523 -0.531350 -0.445549
0.022096 -0.659796 0.751120
0.022101 -0.659791 0.751124
0.022106 -0.659786 0.751128
-0.693082 0.531351 0.487138
-0.693080 0.531352 0.487140
-0.693077 0.531354 0.487142
0.693087 -0.531347 -0.487136
0.693079 -0.531351 -0.487142
0.803384 0.380932 -0.457672
0.693072 -0.531354 -0.487148
-0.022094 0.659799 -0.751117
-0.022097 0.659796 -0.751120
-0.022100 0.659793 -0.751122
0.720523 0.531350 0.445549
0.720523 0.531350 0.445549
0.720522 0.531350 0.445549
0.871528 0 -0.490345
0.220074 -0.577351 -0.786278
-0.490350 0 -0.871526
0.490350 0 0.871526
-0.220074 0.577351 0.786278
-0.871528 0 0.490345
-0.999958 0 0.009196
-0.572015 -0.577351 0.582636
0.009201 0 0.999958
-0.009194 0 -0.999958
0.572017 0.577350 -0.582635
0.999958 0 -0.009196
0.761170 0.594126 -0.260067
0.910070 -0.313067 -0.271591
0.761170 0.594126 -0.260066
0.761170 0.594126 -0.260066
0.617807 -0.542248 0.569457
0.617806 -0.542249 0.569457
0.617806 -0.542250 0.569457
0.197305 -0.594125 -0.779799
0.197306 -0.594124 -0.779799
0.197307 -0.594123 -0.779800
-0.197306 0.594126 0.779798
-0.197308 0.594124 0.779799
-0.910070 0.313067 0.271591
-0.197309 0.594122 0.779800
-0.617808 0.542248 -0.569456
-0.617807 0.542249 -0.569456
-0.617806 0.542250 -0.569457
-0.761170 -0.594126 0.260065
-0.761170 -0.594126 0.260066
-0.761169 -0.594126 0.260067
0.846144 0 0.532954
0.796222 -0.577351 -0.180822
0.532951 0 -0.846146
-0.532952 0 0.846145
-0.796222 0.577351 0.180821
-0.846144 0 -0.532954
-0.741277 0 0.671199
-0.040458 -0.577351 0.815493
0.671202 0 0.741274
-0.671200 0 -0.741276
0.040459 0.577350 -0.815494
0.741277 0 -0.671200
0.871294 0 0.490761
0.786381 -0.577352 -0.219703
0.490755 0 -0.871297
-0.490757 0 0.871297
-0.786382 0.577351 0.219702
-0.871294 0 -0.490762
0.973553 0 0.228462
0.693983 -0.577351 -0.430179
0.228459 0 -0.973553
-0.228459 0 0.973553
-0.693983 0.577351 0.430179
-0.973553 0 -0.228462
-0.705203 -0.390854 0.591542
0.169453 -0.481130 0.860116
-0.705203 -0.390854 0.591542
-0.705203 -0.390854 0.591542
0.544015 -0.833343 0.097913
0.544016 -0.833343 0.097912
0.544017 -0.833342 0.097912
0.454694 0.390858 0.800302
0.454688 0.390856 0.800306
0.454683 0.390855 0.800310
-0.454686 -0.390853 -0.800309
-0.454688 -0.390854 -0.800308
-0.169450 0.481134 -0.860115
-0.454689 -0.390854 -0.800307
-0.544014 0.833344 -0.097912
-0.544011 0.833346 -0.097914
-0.544007 0.833348 -0.097916
0.705201 0.390858 -0.591541
0.705202 0.390857 -0.591542
0.705202 0.390855 -0.591542
-0.487343 0 0.873211
0.222781 -0.577351 0.785516
0.873212 0 0.487341
-0.873213 0 -0.487338
-0.222783 0.577352 -0.785515
0.487343 0 -0.873210
192
0 0 1 2 0 1 0 1
0 1 3 2 1 0 0 1
0 4 1 5 2 1 2 1
0 1 6 5 1 2 2 1
0 7 1 8 3 1 3 1
0 1 9 8 1 3 3 1
0 10 11 12 4 4 5 1
0 11 13 12 4 4 5 1
0 14 15 12 6 6 5 1
0 15 16 12 6 6 5 1
0 17 18 12 7 7 5 1
0 18 19 12 7 7 5 1
0 20 21 22 8 9 8 1
0 21 23 22 9 8 8 1
0 24 21 25 2 9 2 1
0 21 26 25 9 2 2 1
0 27 21 28 10 9 10 1
0 21 29 28 9 10 10 1
0 30 31 32 11 11 12 1
0 31 33 32 11 11 12 1
0 34 35 32 6 6 12 1
0 35 36 32 6 6 12 1
0 37 38 32 13 13 12 1
0 38 39 32 13 13 12 1
0 40 41 42 14 15 14 1
0 41 43 42 15 14 14 1
0 44 41 45 2 15 2 1
0 41 46 45 15 2 2 1
0 47 41 48 16 15 16 1
0 41 49 48 15 16 16 1
0 50 51 52 17 17 18 1
0 51 53 52 17 17 18 1
0 54 55 52 6 6 18 1
0 55 56 52 6 6 18 1
0 57 58 52 19 19 18 1
0 58 59 52 19 19 18 1
0 60 61 62 20 21 22 1
0 61 63 62 21 23 22 1
0 64 61 65 24 21 25 1
0 61 66 65 21 26 25 1
0 67 61 68 27 21 28 1
0 61 69 68 21 29 28 1
0 70 71 72 30 31 32 1
0 71 73 72 31 33 32 1
0 74 75 72 34 35 32 1
0 75 76 72 35 36 32 1
0 77 78 72 37 38 32 1
0 78 79 72 38 39 32 1
0 80 81 82 40 41 42 1
0 81 83 82 41 43 42 1
0 84 81 85 44 41 45 1
0 81 86 85 41 46 45 1
0 87 81 88 47 41 48 1
0 81 89 88 41 49 48 1
0 90 91 92 50 51 52 1
0 91 93 92 51 53 52 1
0 94 95 92 54 55 52 1
0 95 96 92 55 56 52 1
0 97 98 92 57 58 52 1
0 98 99 92 58 59 52 1
0 100 101 102 60 61 62 1
0 101 103 102 61 63 62 1
0 104 101 105 64 61 65 1
0 101 106 105 61 66 65 1
0 107 101 108 67 61 68 1
0 101 109 108 61 69 68 1
0 110 111 112 70 71 72 1
0 111 113 112 71 73 72 1
0 114 115 112 74 75 72 1
0 115 116 112 75 76 72 1
0 117 118 112 77 78 72 1
0 118 119 112 78 79 72 1
0 120 121 122 80 81 82 1
0 121 123 122 81 83 82 1
0 124 121 125 84 81 85 1
0 121 126 125 81 86 85 1
0 127 121 128 87 81 88 1
0 121 129 128 81 89 88 1
0 130 131 132 90 91 92 1
0 131 133 132 91 93 92 1
0 134 135 132 94 95 92 1
0 135 136 132 95 96 92 1
0 137 138 132 97 98 92 1
0 138 139 132 98 99 92 1
0 140 141 142 100 101 100 1
0 141 143 142 101 100 100 1
0 144 141 145 2 101 2 1
0 141 146 145 101 2 2 1
0 147 141 148 102 101 102 1
0 141 149 148 101 102 102 1
0 150 151 152 103 103 104 1
0 151 153 152 103 103 104 1
0 154 155 152 6 6 104 1
0 155 156 152 6 6 104 1
0 157 158 152 105 105 104 1
0 158 159 152 105 105 104 1
0 160 161 162 106 107 106 1
0 161 163 162 107 106 106 1
0 164 161 165 2 107 2 1
0 161 166 165 107 2 2 1
0 167 161 168 108 107 108 1
0 161 169 168 107 108 108 1
0 170 171 172 109 109 110 1
0 171 173 172 109 109 110 1
0 174 175 172 6 6 110 1
0 175 176 172 6 6 110 1
0 177 178 172 111 111 110 1
0 178 179 172 111 111 110 1
0 180 181 182 112 113 114 1
0 181 183 182 113 115 114 1
0 184 181 185 116 113 117 1
0 181 186 185 113 118 117 1
0 187 181 188 119 113 120 1
0 181 189 188 113 121 120 1
0 190 191 192 122 123 124 1
0 191 193 192 123 125 124 1
0 194 195 192 126 127 124 1
0 195 196 192 127 128 124 1
0 197 198 192 129 130 124 1
0 198 199 192 130 131 124 1
0 200 201 202 132 133 132 1
0 201 203 202 133 132 132 1
0 204 201 205 2 133 2 1
0 201 206 205 133 2 2 1
0 207 201 208 134 133 134 1
0 201 209 208 133 134 134 1
0 210 211 212 135 135 136 1
0 211 213 212 135 135 136 1
0 214 215 212 6 6 136 1
0 215 216 212 6 6 136 1
0 217 218 212 137 137 136 1
0 218 219 212 137 137 136 1
0 220 221 222 138 139 138 1
0 221 223 222 139 138 138 1
0 224 221 225 2 139 2 1
0 221 226 225 139 2 2 1
0 227 221 228 140 139 140 1
0 221 229 228 139 140 140 1
0 230 231 232 141 141 142 1
0 231 233 232 141 141 142 1
0 234 235 232 6 6 142 1
0 235 236 232 6 6 142 1
0 237 238 232 143 143 142 1
0 238 239 232 143 143 142 1
0 240 241 242 144 145 144 1
0 241 243 242 145 144 144 1
0 244 241 245 2 145 2 1
0 241 246 245 145 2 2 1
0 247 241 248 146 145 146 1
0 241 249 248 145 146 146 1
0 250 251 252 147 147 148 1
0 251 253 252 147 147 148 1
0 254 255 252 6 6 148 1
0 255 256 252 6 6 148 1
0 257 258 252 149 149 148 1
0 258 259 252 149 149 148 1
0 260 261 262 150 151 150 1
0 261 263 262 151 150 150 1
0 264 261 265 2 151 2 1
0 261 266 265 151 2 2 1
0 267 261 268 152 151 152 1
0 261 269 268 151 152 152 1
0 270 271 272 153 153 154 1
0 271 273 272 153 153 154 1
0 274 275 272 6 6 154 1
0 275 276 272 6 6 154 1
0 277 278 272 155 155 154 1
0 278 279 272 155 155 154 1
0 280 281 282 156 157 158 1
0 281 283 282 157 159 158 1
0 284 281 285 160 157 161 1
0 281 286 285 157 162 161 1
0 287 281 288 163 157 164 1
0 281 289 288 157 165 164 1
0 290 291 292 166 167 168 1
0 291 293 292 167 169 168 1
0 294 295 292 170 171 168 1
0 295 296 292 171 172 168 1
0 297 298 292 173 174 168 1
0 298 299 292 174 175 168 1
0 300 301 302 176 177 176 1
0 301 303 302 177 176 176 1
0 304 301 305 2 177 2 1
0 301 306 305 177 2 2 1
0 307 301 308 178 177 178 1
0 301 309 308 177 178 178 1
0 310 311 312 179 179 180 1
0 311 313 312 179 179 180 1
0 314 315 312 6 6 180 1
0 315 316 312 6 6 180 1
0 317 318 312 181 181 180 1
0 318 319 312 181 181 180 1

Materials: 1
"Tex_0001_0_dds"
1 1 1 1
0.800000 0.800000 0.800000 1
0.498039 0.498039 0.498039 1
1 1 1 1
0.185600
1
"Tex_0001_0.png"
""

Bones: 0
GroupComments: 0
MaterialComments: 0
BoneComments: 0
ModelComment: 0
