// MilkShape 3D ASCII

Frames: 30
Frame: 1

Meshes: 14
"LuzFuera1" 0 8
32
0 2.977312 20.854784 -6.798915 0.357178 1.505371 13
0 2.940607 21.512751 -4.326282 0.468506 1.505371 13
0 0.927485 -0.117421 -0.336852 0.384521 1.452393 13
0 0.916567 0.078554 0.399473 0.441162 1.452393 13
0 2.940607 21.512751 -4.326282 0.357178 1.505371 13
0 1.105402 21.967333 -2.601874 0.468506 1.505371 13
0 0.916567 0.078554 0.399473 0.384521 1.452393 13
0 0.370035 0.213942 0.912999 0.441162 1.452393 13
0 0.370035 0.213942 0.912999 0.384521 1.452393 13
0 1.105402 21.967333 -2.601874 0.357178 1.505371 13
0 -0.391912 0.209423 0.902929 0.441162 1.452393 13
0 -1.453276 21.952230 -2.635837 0.468506 1.505371 13
0 -0.391912 0.209423 0.902929 0.384521 1.452393 13
0 -1.453276 21.952230 -2.635837 0.357178 1.505371 13
0 -0.922972 0.067734 0.375074 0.441162 1.452393 13
0 -3.236570 21.476303 -4.408271 0.468506 1.505371 13
0 -0.912039 -0.128246 -0.361258 0.384521 1.452393 13
0 -3.199873 20.818338 -6.880897 0.357178 1.505371 13
0 -0.365522 -0.263629 -0.874777 0.441162 1.452393 13
0 -1.364668 20.363758 -8.605309 0.468506 1.505371 13
0 -0.922972 0.067734 0.375074 0.384521 1.452393 13
0 -3.236570 21.476303 -4.408271 0.357178 1.505371 13
0 -0.912039 -0.128246 -0.361258 0.441162 1.452393 13
0 -3.199873 20.818338 -6.880897 0.468506 1.505371 13
0 0.396418 -0.259109 -0.864707 0.384521 1.452393 13
0 1.194002 20.378855 -8.571350 0.357178 1.505371 13
0 0.927485 -0.117421 -0.336852 0.441162 1.452393 13
0 2.977312 20.854784 -6.798915 0.468506 1.505371 13
0 -0.365522 -0.263629 -0.874777 0.384521 1.452393 13
0 -1.364668 20.363758 -8.605309 0.357178 1.505371 13
0 0.396418 -0.259109 -0.864707 0.441162 1.452393 13
0 1.194002 20.378855 -8.571350 0.468506 1.505371 13
24
0.995609 -0.085728 0.037592
0.995609 -0.085729 0.037586
0.995609 -0.085730 0.037580
0.693866 0.091945 0.714210
0.693863 0.091946 0.714213
0.693860 0.091946 0.714216
-0.013993 0.159955 0.987025
-0.014019 0.159956 0.987025
-0.014046 0.159958 0.987024
-0.713249 0.078542 0.696497
-0.713241 0.078543 0.696505
-0.713233 0.078544 0.696513
-0.693135 -0.282155 -0.663289
-0.693135 -0.282155 -0.663289
-0.693135 -0.282155 -0.663289
-0.994434 -0.104549 0.013061
-0.994434 -0.104549 0.013062
-0.994434 -0.104549 0.013062
0.714132 -0.268936 -0.646289
0.714129 -0.268937 -0.646291
0.714127 -0.268938 -0.646294
0.014455 -0.350284 -0.936532
0.014476 -0.350282 -0.936532
0.014496 -0.350281 -0.936533
16
0 0 1 2 0 1 1 1
0 1 3 2 1 2 1 1
0 4 5 6 3 4 4 1
0 5 7 6 4 5 4 1
0 8 9 10 6 7 7 1
0 9 11 10 7 8 7 1
0 12 13 14 9 10 10 1
0 13 15 14 10 11 10 1
0 16 17 18 12 13 13 1
0 17 19 18 13 14 13 1
0 20 21 22 15 16 16 1
0 21 23 22 16 17 16 1
0 24 25 26 18 19 19 1
0 25 27 26 19 20 19 1
0 28 29 30 21 22 22 1
0 29 31 30 22 23 22 1
"Duplicate11" 0 8
32
0 2.977312 20.854784 -6.798915 0.357178 1.505371 14
0 2.940607 21.512751 -4.326282 0.468506 1.505371 14
0 0.927485 -0.117421 -0.336852 0.384521 1.452393 14
0 0.916567 0.078554 0.399473 0.441162 1.452393 14
0 2.940607 21.512751 -4.326282 0.357178 1.505371 14
0 1.105402 21.967333 -2.601874 0.468506 1.505371 14
0 0.916567 0.078554 0.399473 0.384521 1.452393 14
0 0.370035 0.213942 0.912999 0.441162 1.452393 14
0 0.370035 0.213942 0.912999 0.384521 1.452393 14
0 1.105402 21.967333 -2.601874 0.357178 1.505371 14
0 -0.391912 0.209423 0.902929 0.441162 1.452393 14
0 -1.453276 21.952230 -2.635837 0.468506 1.505371 14
0 -0.391912 0.209423 0.902929 0.384521 1.452393 14
0 -1.453276 21.952230 -2.635837 0.357178 1.505371 14
0 -0.922972 0.067734 0.375074 0.441162 1.452393 14
0 -3.236570 21.476303 -4.408271 0.468506 1.505371 14
0 -0.912039 -0.128246 -0.361258 0.384521 1.452393 14
0 -3.199873 20.818338 -6.880897 0.357178 1.505371 14
0 -0.365522 -0.263629 -0.874777 0.441162 1.452393 14
0 -1.364668 20.363758 -8.605309 0.468506 1.505371 14
0 -0.922972 0.067734 0.375074 0.384521 1.452393 14
0 -3.236570 21.476303 -4.408271 0.357178 1.505371 14
0 -0.912039 -0.128246 -0.361258 0.441162 1.452393 14
0 -3.199873 20.818338 -6.880897 0.468506 1.505371 14
0 0.396418 -0.259109 -0.864707 0.384521 1.452393 14
0 1.194002 20.378855 -8.571350 0.357178 1.505371 14
0 0.927485 -0.117421 -0.336852 0.441162 1.452393 14
0 2.977312 20.854784 -6.798915 0.468506 1.505371 14
0 -0.365522 -0.263629 -0.874777 0.384521 1.452393 14
0 -1.364668 20.363758 -8.605309 0.357178 1.505371 14
0 0.396418 -0.259109 -0.864707 0.441162 1.452393 14
0 1.194002 20.378855 -8.571350 0.468506 1.505371 14
24
0.995609 -0.085728 0.037592
0.995609 -0.085729 0.037586
0.995609 -0.085730 0.037580
0.693866 0.091945 0.714210
0.693863 0.091946 0.714213
0.693860 0.091946 0.714216
-0.013993 0.159955 0.987025
-0.014019 0.159956 0.987025
-0.014046 0.159958 0.987024
-0.713249 0.078542 0.696497
-0.713241 0.078543 0.696505
-0.713233 0.078544 0.696513
-0.693135 -0.282155 -0.663289
-0.693135 -0.282155 -0.663289
-0.693135 -0.282155 -0.663289
-0.994434 -0.104549 0.013061
-0.994434 -0.104549 0.013062
-0.994434 -0.104549 0.013062
0.714132 -0.268936 -0.646289
0.714129 -0.268937 -0.646291
0.714127 -0.268938 -0.646294
0.014455 -0.350284 -0.936532
0.014476 -0.350282 -0.936532
0.014496 -0.350281 -0.936533
16
0 0 1 2 0 1 1 1
0 1 3 2 1 2 1 1
0 4 5 6 3 4 4 1
0 5 7 6 4 5 4 1
0 8 9 10 6 7 7 1
0 9 11 10 7 8 7 1
0 12 13 14 9 10 10 1
0 13 15 14 10 11 10 1
0 16 17 18 12 13 13 1
0 17 19 18 13 14 13 1
0 20 21 22 15 16 16 1
0 21 23 22 16 17 16 1
0 24 25 26 18 19 19 1
0 25 27 26 19 20 19 1
0 28 29 30 21 22 22 1
0 29 31 30 22 23 22 1
"Duplicate12" 0 8
32
0 2.977312 20.854784 -6.798915 0.357178 1.505371 15
0 2.940607 21.512751 -4.326282 0.468506 1.505371 15
0 0.927485 -0.117421 -0.336852 0.384521 1.452393 15
0 0.916567 0.078554 0.399473 0.441162 1.452393 15
0 2.940607 21.512751 -4.326282 0.357178 1.505371 15
0 1.105402 21.967333 -2.601874 0.468506 1.505371 15
0 0.916567 0.078554 0.399473 0.384521 1.452393 15
0 0.370035 0.213942 0.912999 0.441162 1.452393 15
0 0.370035 0.213942 0.912999 0.384521 1.452393 15
0 1.105402 21.967333 -2.601874 0.357178 1.505371 15
0 -0.391912 0.209423 0.902929 0.441162 1.452393 15
0 -1.453276 21.952230 -2.635837 0.468506 1.505371 15
0 -0.391912 0.209423 0.902929 0.384521 1.452393 15
0 -1.453276 21.952230 -2.635837 0.357178 1.505371 15
0 -0.922972 0.067734 0.375074 0.441162 1.452393 15
0 -3.236570 21.476303 -4.408271 0.468506 1.505371 15
0 -0.912039 -0.128246 -0.361258 0.384521 1.452393 15
0 -3.199873 20.818338 -6.880897 0.357178 1.505371 15
0 -0.365522 -0.263629 -0.874777 0.441162 1.452393 15
0 -1.364668 20.363758 -8.605309 0.468506 1.505371 15
0 -0.922972 0.067734 0.375074 0.384521 1.452393 15
0 -3.236570 21.476303 -4.408271 0.357178 1.505371 15
0 -0.912039 -0.128246 -0.361258 0.441162 1.452393 15
0 -3.199873 20.818338 -6.880897 0.468506 1.505371 15
0 0.396418 -0.259109 -0.864707 0.384521 1.452393 15
0 1.194002 20.378855 -8.571350 0.357178 1.505371 15
0 0.927485 -0.117421 -0.336852 0.441162 1.452393 15
0 2.977312 20.854784 -6.798915 0.468506 1.505371 15
0 -0.365522 -0.263629 -0.874777 0.384521 1.452393 15
0 -1.364668 20.363758 -8.605309 0.357178 1.505371 15
0 0.396418 -0.259109 -0.864707 0.441162 1.452393 15
0 1.194002 20.378855 -8.571350 0.468506 1.505371 15
24
0.995609 -0.085728 0.037592
0.995609 -0.085729 0.037586
0.995609 -0.085730 0.037580
0.693866 0.091945 0.714210
0.693863 0.091946 0.714213
0.693860 0.091946 0.714216
-0.013993 0.159955 0.987025
-0.014019 0.159956 0.987025
-0.014046 0.159958 0.987024
-0.713249 0.078542 0.696497
-0.713241 0.078543 0.696505
-0.713233 0.078544 0.696513
-0.693135 -0.282155 -0.663289
-0.693135 -0.282155 -0.663289
-0.693135 -0.282155 -0.663289
-0.994434 -0.104549 0.013061
-0.994434 -0.104549 0.013062
-0.994434 -0.104549 0.013062
0.714132 -0.268936 -0.646289
0.714129 -0.268937 -0.646291
0.714127 -0.268938 -0.646294
0.014455 -0.350284 -0.936532
0.014476 -0.350282 -0.936532
0.014496 -0.350281 -0.936533
16
0 0 1 2 0 1 1 1
0 1 3 2 1 2 1 1
0 4 5 6 3 4 4 1
0 5 7 6 4 5 4 1
0 8 9 10 6 7 7 1
0 9 11 10 7 8 7 1
0 12 13 14 9 10 10 1
0 13 15 14 10 11 10 1
0 16 17 18 12 13 13 1
0 17 19 18 13 14 13 1
0 20 21 22 15 16 16 1
0 21 23 22 16 17 16 1
0 24 25 26 18 19 19 1
0 25 27 26 19 20 19 1
0 28 29 30 21 22 22 1
0 29 31 30 22 23 22 1
"Duplicate13" 0 8
32
0 2.977312 20.854784 -6.798915 0.357178 1.505371 13
0 2.940607 21.512751 -4.326282 0.468506 1.505371 13
0 0.927485 -0.117421 -0.336852 0.384521 1.452393 13
0 0.916567 0.078554 0.399473 0.441162 1.452393 13
0 2.940607 21.512751 -4.326282 0.357178 1.505371 13
0 1.105402 21.967333 -2.601874 0.468506 1.505371 13
0 0.916567 0.078554 0.399473 0.384521 1.452393 13
0 0.370035 0.213942 0.912999 0.441162 1.452393 13
0 0.370035 0.213942 0.912999 0.384521 1.452393 13
0 1.105402 21.967333 -2.601874 0.357178 1.505371 13
0 -0.391912 0.209423 0.902929 0.441162 1.452393 13
0 -1.453276 21.952230 -2.635837 0.468506 1.505371 13
0 -0.391912 0.209423 0.902929 0.384521 1.452393 13
0 -1.453276 21.952230 -2.635837 0.357178 1.505371 13
0 -0.922972 0.067734 0.375074 0.441162 1.452393 13
0 -3.236570 21.476303 -4.408271 0.468506 1.505371 13
0 -0.912039 -0.128246 -0.361258 0.384521 1.452393 13
0 -3.199873 20.818338 -6.880897 0.357178 1.505371 13
0 -0.365522 -0.263629 -0.874777 0.441162 1.452393 13
0 -1.364668 20.363758 -8.605309 0.468506 1.505371 13
0 -0.922972 0.067734 0.375074 0.384521 1.452393 13
0 -3.236570 21.476303 -4.408271 0.357178 1.505371 13
0 -0.912039 -0.128246 -0.361258 0.441162 1.452393 13
0 -3.199873 20.818338 -6.880897 0.468506 1.505371 13
0 0.396418 -0.259109 -0.864707 0.384521 1.452393 13
0 1.194002 20.378855 -8.571350 0.357178 1.505371 13
0 0.927485 -0.117421 -0.336852 0.441162 1.452393 13
0 2.977312 20.854784 -6.798915 0.468506 1.505371 13
0 -0.365522 -0.263629 -0.874777 0.384521 1.452393 13
0 -1.364668 20.363758 -8.605309 0.357178 1.505371 13
0 0.396418 -0.259109 -0.864707 0.441162 1.452393 13
0 1.194002 20.378855 -8.571350 0.468506 1.505371 13
24
0.995609 -0.085728 0.037592
0.995609 -0.085729 0.037586
0.995609 -0.085730 0.037580
0.693866 0.091945 0.714210
0.693863 0.091946 0.714213
0.693860 0.091946 0.714216
-0.013993 0.159955 0.987025
-0.014019 0.159956 0.987025
-0.014046 0.159958 0.987024
-0.713249 0.078542 0.696497
-0.713241 0.078543 0.696505
-0.713233 0.078544 0.696513
-0.693135 -0.282155 -0.663289
-0.693135 -0.282155 -0.663289
-0.693135 -0.282155 -0.663289
-0.994434 -0.104549 0.013061
-0.994434 -0.104549 0.013062
-0.994434 -0.104549 0.013062
0.714132 -0.268936 -0.646289
0.714129 -0.268937 -0.646291
0.714127 -0.268938 -0.646294
0.014455 -0.350284 -0.936532
0.014476 -0.350282 -0.936532
0.014496 -0.350281 -0.936533
16
0 0 1 2 0 1 1 1
0 1 3 2 1 2 1 1
0 4 5 6 3 4 4 1
0 5 7 6 4 5 4 1
0 8 9 10 6 7 7 1
0 9 11 10 7 8 7 1
0 12 13 14 9 10 10 1
0 13 15 14 10 11 10 1
0 16 17 18 12 13 13 1
0 17 19 18 13 14 13 1
0 20 21 22 15 16 16 1
0 21 23 22 16 17 16 1
0 24 25 26 18 19 19 1
0 25 27 26 19 20 19 1
0 28 29 30 21 22 22 1
0 29 31 30 22 23 22 1
"Duplicate14" 0 8
32
0 2.977312 20.854784 -6.798915 0.357178 1.505371 16
0 2.940607 21.512751 -4.326282 0.468506 1.505371 16
0 0.927485 -0.117421 -0.336852 0.384521 1.452393 16
0 0.916567 0.078554 0.399473 0.441162 1.452393 16
0 2.940607 21.512751 -4.326282 0.357178 1.505371 16
0 1.105402 21.967333 -2.601874 0.468506 1.505371 16
0 0.916567 0.078554 0.399473 0.384521 1.452393 16
0 0.370035 0.213942 0.912999 0.441162 1.452393 16
0 0.370035 0.213942 0.912999 0.384521 1.452393 16
0 1.105402 21.967333 -2.601874 0.357178 1.505371 16
0 -0.391912 0.209423 0.902929 0.441162 1.452393 16
0 -1.453276 21.952230 -2.635837 0.468506 1.505371 16
0 -0.391912 0.209423 0.902929 0.384521 1.452393 16
0 -1.453276 21.952230 -2.635837 0.357178 1.505371 16
0 -0.922972 0.067734 0.375074 0.441162 1.452393 16
0 -3.236570 21.476303 -4.408271 0.468506 1.505371 16
0 -0.912039 -0.128246 -0.361258 0.384521 1.452393 16
0 -3.199873 20.818338 -6.880897 0.357178 1.505371 16
0 -0.365522 -0.263629 -0.874777 0.441162 1.452393 16
0 -1.364668 20.363758 -8.605309 0.468506 1.505371 16
0 -0.922972 0.067734 0.375074 0.384521 1.452393 16
0 -3.236570 21.476303 -4.408271 0.357178 1.505371 16
0 -0.912039 -0.128246 -0.361258 0.441162 1.452393 16
0 -3.199873 20.818338 -6.880897 0.468506 1.505371 16
0 0.396418 -0.259109 -0.864707 0.384521 1.452393 16
0 1.194002 20.378855 -8.571350 0.357178 1.505371 16
0 0.927485 -0.117421 -0.336852 0.441162 1.452393 16
0 2.977312 20.854784 -6.798915 0.468506 1.505371 16
0 -0.365522 -0.263629 -0.874777 0.384521 1.452393 16
0 -1.364668 20.363758 -8.605309 0.357178 1.505371 16
0 0.396418 -0.259109 -0.864707 0.441162 1.452393 16
0 1.194002 20.378855 -8.571350 0.468506 1.505371 16
24
0.995609 -0.085728 0.037592
0.995609 -0.085729 0.037586
0.995609 -0.085730 0.037580
0.693866 0.091945 0.714210
0.693863 0.091946 0.714213
0.693860 0.091946 0.714216
-0.013993 0.159955 0.987025
-0.014019 0.159956 0.987025
-0.014046 0.159958 0.987024
-0.713249 0.078542 0.696497
-0.713241 0.078543 0.696505
-0.713233 0.078544 0.696513
-0.693135 -0.282155 -0.663289
-0.693135 -0.282155 -0.663289
-0.693135 -0.282155 -0.663289
-0.994434 -0.104549 0.013061
-0.994434 -0.104549 0.013062
-0.994434 -0.104549 0.013062
0.714132 -0.268936 -0.646289
0.714129 -0.268937 -0.646291
0.714127 -0.268938 -0.646294
0.014455 -0.350284 -0.936532
0.014476 -0.350282 -0.936532
0.014496 -0.350281 -0.936533
16
0 0 1 2 0 1 1 1
0 1 3 2 1 2 1 1
0 4 5 6 3 4 4 1
0 5 7 6 4 5 4 1
0 8 9 10 6 7 7 1
0 9 11 10 7 8 7 1
0 12 13 14 9 10 10 1
0 13 15 14 10 11 10 1
0 16 17 18 12 13 13 1
0 17 19 18 13 14 13 1
0 20 21 22 15 16 16 1
0 21 23 22 16 17 16 1
0 24 25 26 18 19 19 1
0 25 27 26 19 20 19 1
0 28 29 30 21 22 22 1
0 29 31 30 22 23 22 1
"Duplicate15" 0 8
32
0 2.977312 20.854784 -6.798915 0.357178 1.505371 17
0 2.940607 21.512751 -4.326282 0.468506 1.505371 17
0 0.927485 -0.117421 -0.336852 0.384521 1.452393 17
0 0.916567 0.078554 0.399473 0.441162 1.452393 17
0 2.940607 21.512751 -4.326282 0.357178 1.505371 17
0 1.105402 21.967333 -2.601874 0.468506 1.505371 17
0 0.916567 0.078554 0.399473 0.384521 1.452393 17
0 0.370035 0.213942 0.912999 0.441162 1.452393 17
0 0.370035 0.213942 0.912999 0.384521 1.452393 17
0 1.105402 21.967333 -2.601874 0.357178 1.505371 17
0 -0.391912 0.209423 0.902929 0.441162 1.452393 17
0 -1.453276 21.952230 -2.635837 0.468506 1.505371 17
0 -0.391912 0.209423 0.902929 0.384521 1.452393 17
0 -1.453276 21.952230 -2.635837 0.357178 1.505371 17
0 -0.922972 0.067734 0.375074 0.441162 1.452393 17
0 -3.236570 21.476303 -4.408271 0.468506 1.505371 17
0 -0.912039 -0.128246 -0.361258 0.384521 1.452393 17
0 -3.199873 20.818338 -6.880897 0.357178 1.505371 17
0 -0.365522 -0.263629 -0.874777 0.441162 1.452393 17
0 -1.364668 20.363758 -8.605309 0.468506 1.505371 17
0 -0.922972 0.067734 0.375074 0.384521 1.452393 17
0 -3.236570 21.476303 -4.408271 0.357178 1.505371 17
0 -0.912039 -0.128246 -0.361258 0.441162 1.452393 17
0 -3.199873 20.818338 -6.880897 0.468506 1.505371 17
0 0.396418 -0.259109 -0.864707 0.384521 1.452393 17
0 1.194002 20.378855 -8.571350 0.357178 1.505371 17
0 0.927485 -0.117421 -0.336852 0.441162 1.452393 17
0 2.977312 20.854784 -6.798915 0.468506 1.505371 17
0 -0.365522 -0.263629 -0.874777 0.384521 1.452393 17
0 -1.364668 20.363758 -8.605309 0.357178 1.505371 17
0 0.396418 -0.259109 -0.864707 0.441162 1.452393 17
0 1.194002 20.378855 -8.571350 0.468506 1.505371 17
24
0.995609 -0.085728 0.037592
0.995609 -0.085729 0.037586
0.995609 -0.085730 0.037580
0.693866 0.091945 0.714210
0.693863 0.091946 0.714213
0.693860 0.091946 0.714216
-0.013993 0.159955 0.987025
-0.014019 0.159956 0.987025
-0.014046 0.159958 0.987024
-0.713249 0.078542 0.696497
-0.713241 0.078543 0.696505
-0.713233 0.078544 0.696513
-0.693135 -0.282155 -0.663289
-0.693135 -0.282155 -0.663289
-0.693135 -0.282155 -0.663289
-0.994434 -0.104549 0.013061
-0.994434 -0.104549 0.013062
-0.994434 -0.104549 0.013062
0.714132 -0.268936 -0.646289
0.714129 -0.268937 -0.646291
0.714127 -0.268938 -0.646294
0.014455 -0.350284 -0.936532
0.014476 -0.350282 -0.936532
0.014496 -0.350281 -0.936533
16
0 0 1 2 0 1 1 1
0 1 3 2 1 2 1 1
0 4 5 6 3 4 4 1
0 5 7 6 4 5 4 1
0 8 9 10 6 7 7 1
0 9 11 10 7 8 7 1
0 12 13 14 9 10 10 1
0 13 15 14 10 11 10 1
0 16 17 18 12 13 13 1
0 17 19 18 13 14 13 1
0 20 21 22 15 16 16 1
0 21 23 22 16 17 16 1
0 24 25 26 18 19 19 1
0 25 27 26 19 20 19 1
0 28 29 30 21 22 22 1
0 29 31 30 22 23 22 1
"Luz5" 0 8
33
0 13.939209 -3.626495 -2.634542 0.357178 0.510058 9
0 12.954637 -5.849784 -3.725805 0.468506 0.510058 9
0 6.946945 -1.870054 -1.317269 0.384521 0.457081 9
0 6.454654 -2.981705 -1.862902 0.441162 0.457081 9
0 0.006897 0.006553 -0.000001 0.411865 0.404346 9
0 12.954637 -5.849784 -3.725805 0.357178 0.510058 9
0 11.970064 -8.073077 -2.634542 0.468506 0.510058 9
0 6.454654 -2.981705 -1.862902 0.384521 0.457081 9
0 5.962363 -4.093342 -1.317269 0.441162 0.457081 9
0 7.150856 -1.409589 -0.000001 0.384521 0.457081 9
0 6.946945 -1.870054 -1.317269 0.441162 0.457081 9
0 14.347034 -2.705577 -0.000001 0.357178 0.510058 9
0 13.939209 -3.626495 -2.634542 0.468506 0.510058 9
0 6.946945 -1.870054 1.317268 0.384521 0.457081 9
0 7.150856 -1.409589 -0.000001 0.441162 0.457081 9
0 13.939209 -3.626495 2.634541 0.357178 0.510058 9
0 14.347034 -2.705577 -0.000001 0.468506 0.510058 9
0 5.962363 -4.093342 -1.317269 0.384521 0.457081 9
0 5.758455 -4.553814 -0.000001 0.441162 0.457081 9
0 11.970064 -8.073077 -2.634542 0.357178 0.510058 9
0 11.562241 -8.993994 -0.000001 0.468506 0.510058 9
0 5.758455 -4.553814 -0.000001 0.384521 0.457081 9
0 5.962363 -4.093342 1.317268 0.441162 0.457081 9
0 11.562241 -8.993994 -0.000001 0.357178 0.510058 9
0 11.970064 -8.073077 2.634541 0.468506 0.510058 9
0 6.454654 -2.981705 1.862902 0.384521 0.457081 9
0 6.946945 -1.870054 1.317268 0.441162 0.457081 9
0 12.954637 -5.849784 3.725805 0.357178 0.510058 9
0 13.939209 -3.626495 2.634541 0.468506 0.510058 9
0 5.962363 -4.093342 1.317268 0.384521 0.457081 9
0 6.454654 -2.981705 1.862902 0.441162 0.457081 9
0 11.970064 -8.073077 2.634541 0.357178 0.510058 9
0 12.954637 -5.849784 3.725805 0.468506 0.510058 9
33
-0.051969 0.458475 -0.887187
-0.051970 0.458474 -0.887187
-0.049749 0.457739 -0.887694
-0.048638 0.457370 -0.887945
-0.910963 0.412489 -0.000001
-0.373534 -0.270150 -0.887407
-0.373535 -0.270151 -0.887407
-0.375548 -0.269012 -0.886903
-0.376554 -0.268443 -0.886648
0.174173 0.920850 -0.348855
0.171500 0.921432 -0.348643
0.166149 0.922574 -0.348213
0.166149 0.922575 -0.348211
0.174173 0.920850 0.348854
0.171500 0.921432 0.348643
0.166149 0.922574 0.348213
0.166150 0.922574 0.348211
-0.576131 -0.739690 -0.347753
-0.573943 -0.741287 -0.347970
-0.569553 -0.744464 -0.348400
-0.569553 -0.744466 -0.348398
-0.576130 -0.739690 0.347753
-0.573942 -0.741287 0.347970
-0.569552 -0.744464 0.348400
-0.569554 -0.744465 0.348397
-0.048638 0.457371 0.887945
-0.049748 0.457740 0.887693
-0.051970 0.458475 0.887187
-0.051969 0.458475 0.887187
-0.376555 -0.268443 0.886648
-0.375548 -0.269013 0.886902
-0.373535 -0.270151 0.887406
-0.373534 -0.270151 0.887407
24
0 0 1 2 0 1 2 1
0 1 3 2 1 3 2 1
0 2 3 4 2 3 4 1
0 5 6 7 5 6 7 1
0 6 8 7 6 8 7 1
0 7 8 4 7 8 4 1
0 4 9 10 4 9 10 1
0 9 11 10 9 11 10 1
0 10 11 12 10 11 12 1
0 4 13 14 4 13 14 1
0 13 15 14 13 15 14 1
0 14 15 16 14 15 16 1
0 4 17 18 4 17 18 1
0 17 19 18 17 19 18 1
0 18 19 20 18 19 20 1
0 4 21 22 4 21 22 1
0 21 23 22 21 23 22 1
0 22 23 24 22 23 24 1
0 4 25 26 4 25 26 1
0 25 27 26 25 27 26 1
0 26 27 28 26 27 28 1
0 4 29 30 4 29 30 1
0 29 31 30 29 31 30 1
0 30 31 32 30 31 32 1
"Luz6" 0 8
33
0 13.939209 -3.626495 -2.634542 0.357178 0.506934 11
0 12.954637 -5.849784 -3.725805 0.468506 0.506934 11
0 6.946945 -1.870054 -1.317269 0.384521 0.453956 11
0 6.454654 -2.981705 -1.862902 0.441162 0.453956 11
0 0.006897 0.006553 -0.000001 0.411865 0.401221 11
0 12.954637 -5.849784 -3.725805 0.357178 0.506934 11
0 11.970064 -8.073077 -2.634542 0.468506 0.506934 11
0 6.454654 -2.981705 -1.862902 0.384521 0.453956 11
0 5.962363 -4.093342 -1.317269 0.441162 0.453956 11
0 7.150856 -1.409589 -0.000001 0.384521 0.453956 11
0 6.946945 -1.870054 -1.317269 0.441162 0.453956 11
0 14.347034 -2.705577 -0.000001 0.357178 0.506934 11
0 13.939209 -3.626495 -2.634542 0.468506 0.506934 11
0 6.946945 -1.870054 1.317268 0.384521 0.453956 11
0 7.150856 -1.409589 -0.000001 0.441162 0.453956 11
0 13.939209 -3.626495 2.634541 0.357178 0.506934 11
0 14.347034 -2.705577 -0.000001 0.468506 0.506934 11
0 5.962363 -4.093342 -1.317269 0.384521 0.453956 11
0 5.758455 -4.553814 -0.000001 0.441162 0.453956 11
0 11.970064 -8.073077 -2.634542 0.357178 0.506934 11
0 11.562241 -8.993994 -0.000001 0.468506 0.506934 11
0 5.758455 -4.553814 -0.000001 0.384521 0.453956 11
0 5.962363 -4.093342 1.317268 0.441162 0.453956 11
0 11.562241 -8.993994 -0.000001 0.357178 0.506934 11
0 11.970064 -8.073077 2.634541 0.468506 0.506934 11
0 6.454654 -2.981705 1.862902 0.384521 0.453956 11
0 6.946945 -1.870054 1.317268 0.441162 0.453956 11
0 12.954637 -5.849784 3.725805 0.357178 0.506934 11
0 13.939209 -3.626495 2.634541 0.468506 0.506934 11
0 5.962363 -4.093342 1.317268 0.384521 0.453956 11
0 6.454654 -2.981705 1.862902 0.441162 0.453956 11
0 11.970064 -8.073077 2.634541 0.357178 0.506934 11
0 12.954637 -5.849784 3.725805 0.468506 0.506934 11
33
-0.051969 0.458475 -0.887187
-0.051970 0.458474 -0.887187
-0.049749 0.457739 -0.887694
-0.048638 0.457370 -0.887945
-0.910963 0.412489 -0.000001
-0.373534 -0.270150 -0.887407
-0.373535 -0.270151 -0.887407
-0.375548 -0.269012 -0.886903
-0.376554 -0.268443 -0.886648
0.174173 0.920850 -0.348855
0.171500 0.921432 -0.348643
0.166149 0.922574 -0.348213
0.166149 0.922575 -0.348211
0.174173 0.920850 0.348854
0.171500 0.921432 0.348643
0.166149 0.922574 0.348213
0.166150 0.922574 0.348211
-0.576131 -0.739690 -0.347753
-0.573943 -0.741287 -0.347970
-0.569553 -0.744464 -0.348400
-0.569553 -0.744466 -0.348398
-0.576130 -0.739690 0.347753
-0.573942 -0.741287 0.347970
-0.569552 -0.744464 0.348400
-0.569554 -0.744465 0.348397
-0.048638 0.457371 0.887945
-0.049748 0.457740 0.887693
-0.051970 0.458475 0.887187
-0.051969 0.458475 0.887187
-0.376555 -0.268443 0.886648
-0.375548 -0.269013 0.886902
-0.373535 -0.270151 0.887406
-0.373534 -0.270151 0.887407
24
0 0 1 2 0 1 2 1
0 1 3 2 1 3 2 1
0 2 3 4 2 3 4 1
0 5 6 7 5 6 7 1
0 6 8 7 6 8 7 1
0 7 8 4 7 8 4 1
0 4 9 10 4 9 10 1
0 9 11 10 9 11 10 1
0 10 11 12 10 11 12 1
0 4 13 14 4 13 14 1
0 13 15 14 13 15 14 1
0 14 15 16 14 15 16 1
0 4 17 18 4 17 18 1
0 17 19 18 17 19 18 1
0 18 19 20 18 19 20 1
0 4 21 22 4 21 22 1
0 21 23 22 21 23 22 1
0 22 23 24 22 23 24 1
0 4 25 26 4 25 26 1
0 25 27 26 25 27 26 1
0 26 27 28 26 27 28 1
0 4 29 30 4 29 30 1
0 29 31 30 29 31 30 1
0 30 31 32 30 31 32 1
"Luz4" 0 8
33
0 13.939209 -3.626495 -2.634542 0.357178 0.506152 7
0 12.954637 -5.849784 -3.725805 0.468506 0.506152 7
0 6.946945 -1.870054 -1.317269 0.384521 0.453174 7
0 6.454654 -2.981705 -1.862902 0.441162 0.453174 7
0 0.006897 0.006553 -0.000001 0.411865 0.400439 7
0 12.954637 -5.849784 -3.725805 0.357178 0.506152 7
0 11.970064 -8.073077 -2.634542 0.468506 0.506152 7
0 6.454654 -2.981705 -1.862902 0.384521 0.453174 7
0 5.962363 -4.093342 -1.317269 0.441162 0.453174 7
0 7.150856 -1.409589 -0.000001 0.384521 0.453174 7
0 6.946945 -1.870054 -1.317269 0.441162 0.453174 7
0 14.347034 -2.705577 -0.000001 0.357178 0.506152 7
0 13.939209 -3.626495 -2.634542 0.468506 0.506152 7
0 6.946945 -1.870054 1.317268 0.384521 0.453174 7
0 7.150856 -1.409589 -0.000001 0.441162 0.453174 7
0 13.939209 -3.626495 2.634541 0.357178 0.506152 7
0 14.347034 -2.705577 -0.000001 0.468506 0.506152 7
0 5.962363 -4.093342 -1.317269 0.384521 0.453174 7
0 5.758455 -4.553814 -0.000001 0.441162 0.453174 7
0 11.970064 -8.073077 -2.634542 0.357178 0.506152 7
0 11.562241 -8.993994 -0.000001 0.468506 0.506152 7
0 5.758455 -4.553814 -0.000001 0.384521 0.453174 7
0 5.962363 -4.093342 1.317268 0.441162 0.453174 7
0 11.562241 -8.993994 -0.000001 0.357178 0.506152 7
0 11.970064 -8.073077 2.634541 0.468506 0.506152 7
0 6.454654 -2.981705 1.862902 0.384521 0.453174 7
0 6.946945 -1.870054 1.317268 0.441162 0.453174 7
0 12.954637 -5.849784 3.725805 0.357178 0.506152 7
0 13.939209 -3.626495 2.634541 0.468506 0.506152 7
0 5.962363 -4.093342 1.317268 0.384521 0.453174 7
0 6.454654 -2.981705 1.862902 0.441162 0.453174 7
0 11.970064 -8.073077 2.634541 0.357178 0.506152 7
0 12.954637 -5.849784 3.725805 0.468506 0.506152 7
33
-0.051969 0.458475 -0.887187
-0.051970 0.458474 -0.887187
-0.049749 0.457739 -0.887694
-0.048638 0.457370 -0.887945
-0.910963 0.412489 -0.000001
-0.373534 -0.270150 -0.887407
-0.373535 -0.270151 -0.887407
-0.375548 -0.269012 -0.886903
-0.376554 -0.268443 -0.886648
0.174173 0.920850 -0.348855
0.171500 0.921432 -0.348643
0.166149 0.922574 -0.348213
0.166149 0.922575 -0.348211
0.174173 0.920850 0.348854
0.171500 0.921432 0.348643
0.166149 0.922574 0.348213
0.166150 0.922574 0.348211
-0.576131 -0.739690 -0.347753
-0.573943 -0.741287 -0.347970
-0.569553 -0.744464 -0.348400
-0.569553 -0.744466 -0.348398
-0.576130 -0.739690 0.347753
-0.573942 -0.741287 0.347970
-0.569552 -0.744464 0.348400
-0.569554 -0.744465 0.348397
-0.048638 0.457371 0.887945
-0.049748 0.457740 0.887693
-0.051970 0.458475 0.887187
-0.051969 0.458475 0.887187
-0.376555 -0.268443 0.886648
-0.375548 -0.269013 0.886902
-0.373535 -0.270151 0.887406
-0.373534 -0.270151 0.887407
24
0 0 1 2 0 1 2 1
0 1 3 2 1 3 2 1
0 2 3 4 2 3 4 1
0 5 6 7 5 6 7 1
0 6 8 7 6 8 7 1
0 7 8 4 7 8 4 1
0 4 9 10 4 9 10 1
0 9 11 10 9 11 10 1
0 10 11 12 10 11 12 1
0 4 13 14 4 13 14 1
0 13 15 14 13 15 14 1
0 14 15 16 14 15 16 1
0 4 17 18 4 17 18 1
0 17 19 18 17 19 18 1
0 18 19 20 18 19 20 1
0 4 21 22 4 21 22 1
0 21 23 22 21 23 22 1
0 22 23 24 22 23 24 1
0 4 25 26 4 25 26 1
0 25 27 26 25 27 26 1
0 26 27 28 26 27 28 1
0 4 29 30 4 29 30 1
0 29 31 30 29 31 30 1
0 30 31 32 30 31 32 1
"Luz1" 0 8
33
0 13.939209 -3.626495 -2.634542 0.357178 0.508496 1
0 12.954637 -5.849784 -3.725805 0.468506 0.508496 1
0 6.946945 -1.870054 -1.317269 0.384521 0.455518 1
0 6.454654 -2.981705 -1.862902 0.441162 0.455518 1
0 0.006897 0.006553 -0.000001 0.411865 0.402783 1
0 12.954637 -5.849784 -3.725805 0.357178 0.508496 1
0 11.970064 -8.073077 -2.634542 0.468506 0.508496 1
0 6.454654 -2.981705 -1.862902 0.384521 0.455518 1
0 5.962363 -4.093342 -1.317269 0.441162 0.455518 1
0 7.150856 -1.409589 -0.000001 0.384521 0.455518 1
0 6.946945 -1.870054 -1.317269 0.441162 0.455518 1
0 14.347034 -2.705577 -0.000001 0.357178 0.508496 1
0 13.939209 -3.626495 -2.634542 0.468506 0.508496 1
0 6.946945 -1.870054 1.317268 0.384521 0.455518 1
0 7.150856 -1.409589 -0.000001 0.441162 0.455518 1
0 13.939209 -3.626495 2.634541 0.357178 0.508496 1
0 14.347034 -2.705577 -0.000001 0.468506 0.508496 1
0 5.962363 -4.093342 -1.317269 0.384521 0.455518 1
0 5.758455 -4.553814 -0.000001 0.441162 0.455518 1
0 11.970064 -8.073077 -2.634542 0.357178 0.508496 1
0 11.562241 -8.993994 -0.000001 0.468506 0.508496 1
0 5.758455 -4.553814 -0.000001 0.384521 0.455518 1
0 5.962363 -4.093342 1.317268 0.441162 0.455518 1
0 11.562241 -8.993994 -0.000001 0.357178 0.508496 1
0 11.970064 -8.073077 2.634541 0.468506 0.508496 1
0 6.454654 -2.981705 1.862902 0.384521 0.455518 1
0 6.946945 -1.870054 1.317268 0.441162 0.455518 1
0 12.954637 -5.849784 3.725805 0.357178 0.508496 1
0 13.939209 -3.626495 2.634541 0.468506 0.508496 1
0 5.962363 -4.093342 1.317268 0.384521 0.455518 1
0 6.454654 -2.981705 1.862902 0.441162 0.455518 1
0 11.970064 -8.073077 2.634541 0.357178 0.508496 1
0 12.954637 -5.849784 3.725805 0.468506 0.508496 1
33
-0.051969 0.458475 -0.887187
-0.051970 0.458474 -0.887187
-0.049749 0.457739 -0.887694
-0.048638 0.457370 -0.887945
-0.910963 0.412489 -0.000001
-0.373534 -0.270150 -0.887407
-0.373535 -0.270151 -0.887407
-0.375548 -0.269012 -0.886903
-0.376554 -0.268443 -0.886648
0.174173 0.920850 -0.348855
0.171500 0.921432 -0.348643
0.166149 0.922574 -0.348213
0.166149 0.922575 -0.348211
0.174173 0.920850 0.348854
0.171500 0.921432 0.348643
0.166149 0.922574 0.348213
0.166150 0.922574 0.348211
-0.576131 -0.739690 -0.347753
-0.573943 -0.741287 -0.347970
-0.569553 -0.744464 -0.348400
-0.569553 -0.744466 -0.348398
-0.576130 -0.739690 0.347753
-0.573942 -0.741287 0.347970
-0.569552 -0.744464 0.348400
-0.569554 -0.744465 0.348397
-0.048638 0.457371 0.887945
-0.049748 0.457740 0.887693
-0.051970 0.458475 0.887187
-0.051969 0.458475 0.887187
-0.376555 -0.268443 0.886648
-0.375548 -0.269013 0.886902
-0.373535 -0.270151 0.887406
-0.373534 -0.270151 0.887407
24
0 0 1 2 0 1 2 1
0 1 3 2 1 3 2 1
0 2 3 4 2 3 4 1
0 5 6 7 5 6 7 1
0 6 8 7 6 8 7 1
0 7 8 4 7 8 4 1
0 4 9 10 4 9 10 1
0 9 11 10 9 11 10 1
0 10 11 12 10 11 12 1
0 4 13 14 4 13 14 1
0 13 15 14 13 15 14 1
0 14 15 16 14 15 16 1
0 4 17 18 4 17 18 1
0 17 19 18 17 19 18 1
0 18 19 20 18 19 20 1
0 4 21 22 4 21 22 1
0 21 23 22 21 23 22 1
0 22 23 24 22 23 24 1
0 4 25 26 4 25 26 1
0 25 27 26 25 27 26 1
0 26 27 28 26 27 28 1
0 4 29 30 4 29 30 1
0 29 31 30 29 31 30 1
0 30 31 32 30 31 32 1
"Luz3" 0 8
33
0 13.939209 -3.626495 -2.634542 0.357178 0.510058 5
0 12.954637 -5.849784 -3.725805 0.468506 0.510058 5
0 6.946945 -1.870054 -1.317269 0.384521 0.457080 5
0 6.454654 -2.981705 -1.862902 0.441162 0.457080 5
0 0.006897 0.006553 -0.000001 0.411865 0.404345 5
0 12.954637 -5.849784 -3.725805 0.357178 0.510058 5
0 11.970064 -8.073077 -2.634542 0.468506 0.510058 5
0 6.454654 -2.981705 -1.862902 0.384521 0.457080 5
0 5.962363 -4.093342 -1.317269 0.441162 0.457080 5
0 7.150856 -1.409589 -0.000001 0.384521 0.457080 5
0 6.946945 -1.870054 -1.317269 0.441162 0.457080 5
0 14.347034 -2.705577 -0.000001 0.357178 0.510058 5
0 13.939209 -3.626495 -2.634542 0.468506 0.510058 5
0 6.946945 -1.870054 1.317268 0.384521 0.457080 5
0 7.150856 -1.409589 -0.000001 0.441162 0.457080 5
0 13.939209 -3.626495 2.634541 0.357178 0.510058 5
0 14.347034 -2.705577 -0.000001 0.468506 0.510058 5
0 5.962363 -4.093342 -1.317269 0.384521 0.457080 5
0 5.758455 -4.553814 -0.000001 0.441162 0.457080 5
0 11.970064 -8.073077 -2.634542 0.357178 0.510058 5
0 11.562241 -8.993994 -0.000001 0.468506 0.510058 5
0 5.758455 -4.553814 -0.000001 0.384521 0.457080 5
0 5.962363 -4.093342 1.317268 0.441162 0.457080 5
0 11.562241 -8.993994 -0.000001 0.357178 0.510058 5
0 11.970064 -8.073077 2.634541 0.468506 0.510058 5
0 6.454654 -2.981705 1.862902 0.384521 0.457080 5
0 6.946945 -1.870054 1.317268 0.441162 0.457080 5
0 12.954637 -5.849784 3.725805 0.357178 0.510058 5
0 13.939209 -3.626495 2.634541 0.468506 0.510058 5
0 5.962363 -4.093342 1.317268 0.384521 0.457080 5
0 6.454654 -2.981705 1.862902 0.441162 0.457080 5
0 11.970064 -8.073077 2.634541 0.357178 0.510058 5
0 12.954637 -5.849784 3.725805 0.468506 0.510058 5
33
-0.051969 0.458475 -0.887187
-0.051970 0.458474 -0.887187
-0.049749 0.457739 -0.887694
-0.048638 0.457370 -0.887945
-0.910963 0.412489 -0.000001
-0.373534 -0.270150 -0.887407
-0.373535 -0.270151 -0.887407
-0.375548 -0.269012 -0.886903
-0.376554 -0.268443 -0.886648
0.174173 0.920850 -0.348855
0.171500 0.921432 -0.348643
0.166149 0.922574 -0.348213
0.166149 0.922575 -0.348211
0.174173 0.920850 0.348854
0.171500 0.921432 0.348643
0.166149 0.922574 0.348213
0.166150 0.922574 0.348211
-0.576131 -0.739690 -0.347753
-0.573943 -0.741287 -0.347970
-0.569553 -0.744464 -0.348400
-0.569553 -0.744466 -0.348398
-0.576130 -0.739690 0.347753
-0.573942 -0.741287 0.347970
-0.569552 -0.744464 0.348400
-0.569554 -0.744465 0.348397
-0.048638 0.457371 0.887945
-0.049748 0.457740 0.887693
-0.051970 0.458475 0.887187
-0.051969 0.458475 0.887187
-0.376555 -0.268443 0.886648
-0.375548 -0.269013 0.886902
-0.373535 -0.270151 0.887406
-0.373534 -0.270151 0.887407
24
0 0 1 2 0 1 2 1
0 1 3 2 1 3 2 1
0 2 3 4 2 3 4 1
0 5 6 7 5 6 7 1
0 6 8 7 6 8 7 1
0 7 8 4 7 8 4 1
0 4 9 10 4 9 10 1
0 9 11 10 9 11 10 1
0 10 11 12 10 11 12 1
0 4 13 14 4 13 14 1
0 13 15 14 13 15 14 1
0 14 15 16 14 15 16 1
0 4 17 18 4 17 18 1
0 17 19 18 17 19 18 1
0 18 19 20 18 19 20 1
0 4 21 22 4 21 22 1
0 21 23 22 21 23 22 1
0 22 23 24 22 23 24 1
0 4 25 26 4 25 26 1
0 25 27 26 25 27 26 1
0 26 27 28 26 27 28 1
0 4 29 30 4 29 30 1
0 29 31 30 29 31 30 1
0 30 31 32 30 31 32 1
"Luz2" 0 8
33
0 13.939209 -3.626495 -2.634542 0.357178 0.508496 3
0 12.954637 -5.849784 -3.725805 0.468506 0.508496 3
0 6.946945 -1.870054 -1.317269 0.384521 0.455518 3
0 6.454654 -2.981705 -1.862902 0.441162 0.455518 3
0 0.006897 0.006553 -0.000001 0.411865 0.402783 3
0 12.954637 -5.849784 -3.725805 0.357178 0.508496 3
0 11.970064 -8.073077 -2.634542 0.468506 0.508496 3
0 6.454654 -2.981705 -1.862902 0.384521 0.455518 3
0 5.962363 -4.093342 -1.317269 0.441162 0.455518 3
0 7.150856 -1.409589 -0.000001 0.384521 0.455518 3
0 6.946945 -1.870054 -1.317269 0.441162 0.455518 3
0 14.347034 -2.705577 -0.000001 0.357178 0.508496 3
0 13.939209 -3.626495 -2.634542 0.468506 0.508496 3
0 6.946945 -1.870054 1.317268 0.384521 0.455518 3
0 7.150856 -1.409589 -0.000001 0.441162 0.455518 3
0 13.939209 -3.626495 2.634541 0.357178 0.508496 3
0 14.347034 -2.705577 -0.000001 0.468506 0.508496 3
0 5.962363 -4.093342 -1.317269 0.384521 0.455518 3
0 5.758455 -4.553814 -0.000001 0.441162 0.455518 3
0 11.970064 -8.073077 -2.634542 0.357178 0.508496 3
0 11.562241 -8.993994 -0.000001 0.468506 0.508496 3
0 5.758455 -4.553814 -0.000001 0.384521 0.455518 3
0 5.962363 -4.093342 1.317268 0.441162 0.455518 3
0 11.562241 -8.993994 -0.000001 0.357178 0.508496 3
0 11.970064 -8.073077 2.634541 0.468506 0.508496 3
0 6.454654 -2.981705 1.862902 0.384521 0.455518 3
0 6.946945 -1.870054 1.317268 0.441162 0.455518 3
0 12.954637 -5.849784 3.725805 0.357178 0.508496 3
0 13.939209 -3.626495 2.634541 0.468506 0.508496 3
0 5.962363 -4.093342 1.317268 0.384521 0.455518 3
0 6.454654 -2.981705 1.862902 0.441162 0.455518 3
0 11.970064 -8.073077 2.634541 0.357178 0.508496 3
0 12.954637 -5.849784 3.725805 0.468506 0.508496 3
33
-0.051969 0.458475 -0.887187
-0.051970 0.458474 -0.887187
-0.049749 0.457739 -0.887694
-0.048638 0.457370 -0.887945
-0.910963 0.412489 -0.000001
-0.373534 -0.270150 -0.887407
-0.373535 -0.270151 -0.887407
-0.375548 -0.269012 -0.886903
-0.376554 -0.268443 -0.886648
0.174173 0.920850 -0.348855
0.171500 0.921432 -0.348643
0.166149 0.922574 -0.348213
0.166149 0.922575 -0.348211
0.174173 0.920850 0.348854
0.171500 0.921432 0.348643
0.166149 0.922574 0.348213
0.166150 0.922574 0.348211
-0.576131 -0.739690 -0.347753
-0.573943 -0.741287 -0.347970
-0.569553 -0.744464 -0.348400
-0.569553 -0.744466 -0.348398
-0.576130 -0.739690 0.347753
-0.573942 -0.741287 0.347970
-0.569552 -0.744464 0.348400
-0.569554 -0.744465 0.348397
-0.048638 0.457371 0.887945
-0.049748 0.457740 0.887693
-0.051970 0.458475 0.887187
-0.051969 0.458475 0.887187
-0.376555 -0.268443 0.886648
-0.375548 -0.269013 0.886902
-0.373535 -0.270151 0.887406
-0.373534 -0.270151 0.887407
24
0 0 1 2 0 1 2 1
0 1 3 2 1 3 2 1
0 2 3 4 2 3 4 1
0 5 6 7 5 6 7 1
0 6 8 7 6 8 7 1
0 7 8 4 7 8 4 1
0 4 9 10 4 9 10 1
0 9 11 10 9 11 10 1
0 10 11 12 10 11 12 1
0 4 13 14 4 13 14 1
0 13 15 14 13 15 14 1
0 14 15 16 14 15 16 1
0 4 17 18 4 17 18 1
0 17 19 18 17 19 18 1
0 18 19 20 18 19 20 1
0 4 21 22 4 21 22 1
0 21 23 22 21 23 22 1
0 22 23 24 22 23 24 1
0 4 25 26 4 25 26 1
0 25 27 26 25 27 26 1
0 26 27 28 26 27 28 1
0 4 29 30 4 29 30 1
0 29 31 30 29 31 30 1
0 30 31 32 30 31 32 1
"Duplicate16" 0 8
32
0 2.977312 20.854784 -6.798915 0.357178 1.505371 20
0 2.940607 21.512751 -4.326282 0.468506 1.505371 20
0 0.927485 -0.117421 -0.336852 0.384521 1.452393 20
0 0.916567 0.078554 0.399473 0.441162 1.452393 20
0 2.940607 21.512751 -4.326282 0.357178 1.505371 20
0 1.105402 21.967333 -2.601874 0.468506 1.505371 20
0 0.916567 0.078554 0.399473 0.384521 1.452393 20
0 0.370035 0.213942 0.912999 0.441162 1.452393 20
0 0.370035 0.213942 0.912999 0.384521 1.452393 20
0 1.105402 21.967333 -2.601874 0.357178 1.505371 20
0 -0.391912 0.209423 0.902929 0.441162 1.452393 20
0 -1.453276 21.952230 -2.635837 0.468506 1.505371 20
0 -0.391912 0.209423 0.902929 0.384521 1.452393 20
0 -1.453276 21.952230 -2.635837 0.357178 1.505371 20
0 -0.922972 0.067734 0.375074 0.441162 1.452393 20
0 -3.236570 21.476303 -4.408271 0.468506 1.505371 20
0 -0.912039 -0.128246 -0.361258 0.384521 1.452393 20
0 -3.199873 20.818338 -6.880897 0.357178 1.505371 20
0 -0.365522 -0.263629 -0.874777 0.441162 1.452393 20
0 -1.364668 20.363758 -8.605309 0.468506 1.505371 20
0 -0.922972 0.067734 0.375074 0.384521 1.452393 20
0 -3.236570 21.476303 -4.408271 0.357178 1.505371 20
0 -0.912039 -0.128246 -0.361258 0.441162 1.452393 20
0 -3.199873 20.818338 -6.880897 0.468506 1.505371 20
0 0.396418 -0.259109 -0.864707 0.384521 1.452393 20
0 1.194002 20.378855 -8.571350 0.357178 1.505371 20
0 0.927485 -0.117421 -0.336852 0.441162 1.452393 20
0 2.977312 20.854784 -6.798915 0.468506 1.505371 20
0 -0.365522 -0.263629 -0.874777 0.384521 1.452393 20
0 -1.364668 20.363758 -8.605309 0.357178 1.505371 20
0 0.396418 -0.259109 -0.864707 0.441162 1.452393 20
0 1.194002 20.378855 -8.571350 0.468506 1.505371 20
24
0.995609 -0.085728 0.037592
0.995609 -0.085729 0.037586
0.995609 -0.085730 0.037580
0.693866 0.091945 0.714210
0.693863 0.091946 0.714213
0.693860 0.091946 0.714216
-0.013993 0.159955 0.987025
-0.014019 0.159956 0.987025
-0.014046 0.159958 0.987024
-0.713249 0.078542 0.696497
-0.713241 0.078543 0.696505
-0.713233 0.078544 0.696513
-0.693135 -0.282155 -0.663289
-0.693135 -0.282155 -0.663289
-0.693135 -0.282155 -0.663289
-0.994434 -0.104549 0.013061
-0.994434 -0.104549 0.013062
-0.994434 -0.104549 0.013062
0.714132 -0.268936 -0.646289
0.714129 -0.268937 -0.646291
0.714127 -0.268938 -0.646294
0.014455 -0.350284 -0.936532
0.014476 -0.350282 -0.936532
0.014496 -0.350281 -0.936533
16
0 0 1 2 0 1 1 1
0 1 3 2 1 2 1 1
0 4 5 6 3 4 4 1
0 5 7 6 4 5 4 1
0 8 9 10 6 7 7 1
0 9 11 10 7 8 7 1
0 12 13 14 9 10 10 1
0 13 15 14 10 11 10 1
0 16 17 18 12 13 13 1
0 17 19 18 13 14 13 1
0 20 21 22 15 16 16 1
0 21 23 22 16 17 16 1
0 24 25 26 18 19 19 1
0 25 27 26 19 20 19 1
0 28 29 30 21 22 22 1
0 29 31 30 22 23 22 1
"Duplicate17" 0 8
32
0 2.977312 20.854784 -6.798915 0.357178 1.505371 19
0 2.940607 21.512751 -4.326282 0.468506 1.505371 19
0 0.927485 -0.117421 -0.336852 0.384521 1.452393 19
0 0.916567 0.078554 0.399473 0.441162 1.452393 19
0 2.940607 21.512751 -4.326282 0.357178 1.505371 19
0 1.105402 21.967333 -2.601874 0.468506 1.505371 19
0 0.916567 0.078554 0.399473 0.384521 1.452393 19
0 0.370035 0.213942 0.912999 0.441162 1.452393 19
0 0.370035 0.213942 0.912999 0.384521 1.452393 19
0 1.105402 21.967333 -2.601874 0.357178 1.505371 19
0 -0.391912 0.209423 0.902929 0.441162 1.452393 19
0 -1.453276 21.952230 -2.635837 0.468506 1.505371 19
0 -0.391912 0.209423 0.902929 0.384521 1.452393 19
0 -1.453276 21.952230 -2.635837 0.357178 1.505371 19
0 -0.922972 0.067734 0.375074 0.441162 1.452393 19
0 -3.236570 21.476303 -4.408271 0.468506 1.505371 19
0 -0.912039 -0.128246 -0.361258 0.384521 1.452393 19
0 -3.199873 20.818338 -6.880897 0.357178 1.505371 19
0 -0.365522 -0.263629 -0.874777 0.441162 1.452393 19
0 -1.364668 20.363758 -8.605309 0.468506 1.505371 19
0 -0.922972 0.067734 0.375074 0.384521 1.452393 19
0 -3.236570 21.476303 -4.408271 0.357178 1.505371 19
0 -0.912039 -0.128246 -0.361258 0.441162 1.452393 19
0 -3.199873 20.818338 -6.880897 0.468506 1.505371 19
0 0.396418 -0.259109 -0.864707 0.384521 1.452393 19
0 1.194002 20.378855 -8.571350 0.357178 1.505371 19
0 0.927485 -0.117421 -0.336852 0.441162 1.452393 19
0 2.977312 20.854784 -6.798915 0.468506 1.505371 19
0 -0.365522 -0.263629 -0.874777 0.384521 1.452393 19
0 -1.364668 20.363758 -8.605309 0.357178 1.505371 19
0 0.396418 -0.259109 -0.864707 0.441162 1.452393 19
0 1.194002 20.378855 -8.571350 0.468506 1.505371 19
24
0.995609 -0.085728 0.037592
0.995609 -0.085729 0.037586
0.995609 -0.085730 0.037580
0.693866 0.091945 0.714210
0.693863 0.091946 0.714213
0.693860 0.091946 0.714216
-0.013993 0.159955 0.987025
-0.014019 0.159956 0.987025
-0.014046 0.159958 0.987024
-0.713249 0.078542 0.696497
-0.713241 0.078543 0.696505
-0.713233 0.078544 0.696513
-0.693135 -0.282155 -0.663289
-0.693135 -0.282155 -0.663289
-0.693135 -0.282155 -0.663289
-0.994434 -0.104549 0.013061
-0.994434 -0.104549 0.013062
-0.994434 -0.104549 0.013062
0.714132 -0.268936 -0.646289
0.714129 -0.268937 -0.646291
0.714127 -0.268938 -0.646294
0.014455 -0.350284 -0.936532
0.014476 -0.350282 -0.936532
0.014496 -0.350281 -0.936533
16
0 0 1 2 0 1 1 1
0 1 3 2 1 2 1 1
0 4 5 6 3 4 4 1
0 5 7 6 4 5 4 1
0 8 9 10 6 7 7 1
0 9 11 10 7 8 7 1
0 12 13 14 9 10 10 1
0 13 15 14 10 11 10 1
0 16 17 18 12 13 13 1
0 17 19 18 13 14 13 1
0 20 21 22 15 16 16 1
0 21 23 22 16 17 16 1
0 24 25 26 18 19 19 1
0 25 27 26 19 20 19 1
0 28 29 30 21 22 22 1
0 29 31 30 22 23 22 1

Materials: 10
"Tex_0000_0_dds"
1.000000 1.000000 1.000000 1.000000
0.800000 0.800000 0.800000 1.000000
0.500000 0.500000 0.500000 1.000000
0.000000 0.000000 0.000000 1.000000
0.185600
1.000000
"Tex_0000_0.png"
""
"Tex_0001_0_dds"
1.000000 1.000000 1.000000 1.000000
0.800000 0.800000 0.800000 1.000000
0.500000 0.500000 0.500000 1.000000
1.000000 1.000000 1.000000 1.000000
0.185600
1.000000
"Tex_0001_0.png"
""
"Tex_0002_0_dds"
1.000000 1.000000 1.000000 1.000000
0.800000 0.800000 0.800000 1.000000
0.500000 0.500000 0.500000 1.000000
0.921569 0.921569 0.921569 1.000000
0.185600
1.000000
"Bola.ini"
""
"Tex_0003_0_dds"
1.000000 1.000000 1.000000 1.000000
0.800000 0.800000 0.800000 1.000000
0.500000 0.500000 0.500000 1.000000
1.000000 1.000000 1.000000 1.000000
0.185600
1.000000
"Tex_0003_0.png"
""
"Tex_0005_0_dds"
1.000000 1.000000 1.000000 1.000000
0.800000 0.800000 0.800000 1.000000
0.500000 0.500000 0.500000 1.000000
1.000000 1.000000 1.000000 1.000000
0.185600
1.000000
"Tex_0005_0.png"
""
"Tex_0006_0_dds"
1.000000 1.000000 1.000000 1.000000
0.800000 0.800000 0.800000 1.000000
0.500000 0.500000 0.500000 1.000000
1.000000 1.000000 1.000000 1.000000
0.185600
1.000000
"Tex_0006_0.png"
""
"Tex_0008_0_dds"
1.000000 1.000000 1.000000 1.000000
0.800000 0.800000 0.800000 1.000000
0.500000 0.500000 0.500000 1.000000
1.000000 1.000000 1.000000 1.000000
0.185600
1.000000
"Tex_0008_0.png"
""
"Tex_0009_0_dds"
0.000000 0.000000 0.000000 0.670000
0.000000 0.000000 0.000000 0.670000
1.000000 1.000000 1.000000 0.670000
1.000000 1.000000 1.000000 0.670000
0.185600
0.670000
"Luces.ini"
""
"Tex_0010_0_dds"
1.000000 1.000000 1.000000 1.000000
1.000000 1.000000 1.000000 1.000000
1.000000 1.000000 1.000000 1.000000
1.000000 1.000000 1.000000 1.000000
0.185600
1.000000
"Tex_0010_1.png"
""
"Material01"
0.200000 0.200000 0.200000 0.820000
0.800000 0.800000 0.800000 0.820000
1.000000 1.000000 1.000000 0.820000
1.000000 1.000000 1.000000 0.820000
0.000000
0.820000
"Tex_0010_0.png"
""

Bones: 21
"joint1"
""
8 0.000000 0.000000 0.000000 0.000000 -0.000000 0.000000
2
0 0.000000 20.727394 0.000000
180.000000 0.000000 20.727394 0.000000
1
1.000000 0.000000 -0.000000 0.000000
"joint2"
"joint1"
8 0.000000 0.000000 0.000000 0.000000 -0.000000 0.000000
2
0 -18.052631 0.000000 0.000000
180.000000 -18.052631 0.000000 0.000000
30
0 0.000000 -0.000000 0.000000
3.000000 0.000000 -0.000000 0.000000
9.000000 0.000000 0.000000 -0.025277
15.000000 0.000000 0.000000 -0.070593
33.000000 0.000000 0.000000 -0.280544
39.000000 0.000000 0.000000 -0.377779
45.000000 0.000000 0.000000 -0.470907
51.000000 0.000000 0.000000 -0.559382
57.000000 0.000000 0.000000 -0.659939
62.999996 0.000000 0.000000 -0.733523
69.000000 0.000000 0.000000 -0.816803
75.000000 0.000000 0.000000 -0.867671
81.000000 0.000000 0.000000 -0.904574
87.000000 0.000000 0.000000 -0.935661
90.000000 0.000000 0.000000 -0.942478
93.000000 0.000000 0.000000 -0.942478
96.000000 0.000000 0.000000 -0.935661
102.000000 0.000000 0.000000 -0.904574
108.000000 0.000000 0.000000 -0.867671
114.000000 0.000000 0.000000 -0.816803
120.000000 0.000000 0.000000 -0.733523
125.999992 0.000000 0.000000 -0.659939
132.000000 0.000000 0.000000 -0.559382
138.000000 0.000000 0.000000 -0.470907
144.000000 0.000000 0.000000 -0.377779
150.000000 0.000000 0.000000 -0.280544
168.000000 0.000000 0.000000 -0.070593
174.000000 0.000000 0.000000 -0.025277
177.000000 0.000000 0.000000 -0.009479
180.000000 0.000000 -0.000000 0.000000
"joint3"
""
8 0.000000 0.000000 0.000000 0.000000 -0.000000 0.000000
2
0 -0.511111 20.727394 -0.644444
180.000000 -0.511111 20.727394 -0.644444
2
0 0.000000 -1.047197 0.000000
180.000000 0.000000 -1.047197 0.000000
"joint4"
"joint3"
8 0.000000 0.000000 0.000000 0.000000 -0.000000 0.000000
30
0 -18.052631 0.000000 0.000000
3.000000 -18.052631 0.000000 0.000000
9.000000 -18.052631 0.000000 0.000000
15.000000 -18.052631 0.000000 0.000000
33.000000 -18.052631 0.000000 0.000000
39.000000 -18.052631 0.000000 0.000000
45.000000 -18.052631 0.000000 0.000000
51.000000 -18.052631 0.000000 0.000000
57.000000 -18.052631 0.000000 0.000000
62.999996 -18.052631 0.000000 0.000000
69.000000 -18.052631 0.000000 0.000000
75.000000 -18.052631 0.000000 0.000000
81.000000 -18.052631 0.000000 0.000000
87.000000 -18.052631 0.000000 0.000000
90.000000 -18.052631 0.000000 0.000000
93.000000 -18.052631 0.000000 0.000000
96.000000 -18.052631 0.000000 0.000000
102.000000 -18.052631 0.000000 0.000000
108.000000 -18.052631 0.000000 0.000000
114.000000 -18.052631 0.000000 0.000000
120.000000 -18.052631 0.000000 0.000000
125.999992 -18.052631 0.000000 0.000000
132.000000 -18.052631 0.000000 0.000000
138.000000 -18.052631 0.000000 0.000000
144.000000 -18.052631 0.000000 0.000000
150.000000 -18.052631 0.000000 0.000000
168.000000 -18.052631 0.000000 0.000000
174.000000 -18.052631 0.000000 0.000000
177.000000 -18.052631 0.000000 0.000000
180.000000 -18.052631 0.000000 0.000000
30
0 0.000000 -0.000000 0.000000
3.000000 0.000000 -0.000000 0.000000
9.000000 0.000000 0.000000 -0.025277
15.000000 0.000000 0.000000 -0.070593
33.000000 0.000000 0.000000 -0.280544
39.000000 0.000000 0.000000 -0.377779
45.000000 0.000000 0.000000 -0.470907
51.000000 0.000000 0.000000 -0.559382
57.000000 0.000000 0.000000 -0.659939
62.999996 0.000000 0.000000 -0.733523
69.000000 0.000000 0.000000 -0.816803
75.000000 0.000000 0.000000 -0.867671
81.000000 0.000000 0.000000 -0.904574
87.000000 0.000000 0.000000 -0.935661
90.000000 0.000000 0.000000 -0.942478
93.000000 0.000000 0.000000 -0.942478
96.000000 0.000000 0.000000 -0.935661
102.000000 0.000000 0.000000 -0.904574
108.000000 0.000000 0.000000 -0.867671
114.000000 0.000000 0.000000 -0.816803
120.000000 0.000000 0.000000 -0.733523
125.999992 0.000000 0.000000 -0.659939
132.000000 0.000000 0.000000 -0.559382
138.000000 0.000000 0.000000 -0.470907
144.000000 0.000000 0.000000 -0.377779
150.000000 0.000000 0.000000 -0.280544
168.000000 0.000000 0.000000 -0.070593
174.000000 0.000000 0.000000 -0.025277
177.000000 0.000000 0.000000 -0.009479
180.000000 0.000000 -0.000000 0.000000
"joint5"
""
8 0.000000 0.000000 0.000000 0.000000 -0.000000 0.000000
2
0 0.818182 20.727394 -1.636365
180.000000 0.818182 20.727394 -1.636365
2
0 -3.141592 -1.047198 -3.141592
180.000000 -3.141592 -1.047198 -3.141592
"joint6"
"joint5"
8 0.000000 0.000000 0.000000 0.000000 -0.000000 0.000000
30
0 -18.052631 0.000000 0.000000
3.000000 -18.052631 0.000000 0.000000
9.000000 -18.052631 0.000000 0.000000
15.000000 -18.052631 0.000000 0.000000
33.000000 -18.052631 0.000000 0.000000
39.000000 -18.052631 0.000000 0.000000
45.000000 -18.052631 0.000000 0.000000
51.000000 -18.052631 0.000000 0.000000
57.000000 -18.052631 0.000000 0.000000
62.999996 -18.052631 0.000000 0.000000
69.000000 -18.052631 0.000000 0.000000
75.000000 -18.052631 0.000000 0.000000
81.000000 -18.052631 0.000000 0.000000
87.000000 -18.052631 0.000000 0.000000
90.000000 -18.052631 0.000000 0.000000
93.000000 -18.052631 0.000000 0.000000
96.000000 -18.052631 0.000000 0.000000
102.000000 -18.052631 0.000000 0.000000
108.000000 -18.052631 0.000000 0.000000
114.000000 -18.052631 0.000000 0.000000
120.000000 -18.052631 0.000000 0.000000
125.999992 -18.052631 0.000000 0.000000
132.000000 -18.052631 0.000000 0.000000
138.000000 -18.052631 0.000000 0.000000
144.000000 -18.052631 0.000000 0.000000
150.000000 -18.052631 0.000000 0.000000
168.000000 -18.052631 0.000000 0.000000
174.000000 -18.052631 0.000000 0.000000
177.000000 -18.052631 0.000000 0.000000
180.000000 -18.052631 0.000000 0.000000
30
0 0.000000 -0.000000 0.000000
3.000000 0.000000 -0.000000 0.000000
9.000000 0.000000 0.000000 -0.025277
15.000000 0.000000 0.000000 -0.070593
33.000000 0.000000 0.000000 -0.280544
39.000000 0.000000 0.000000 -0.377779
45.000000 0.000000 0.000000 -0.470907
51.000000 0.000000 0.000000 -0.559382
57.000000 0.000000 0.000000 -0.659939
62.999996 0.000000 0.000000 -0.733523
69.000000 0.000000 0.000000 -0.816803
75.000000 0.000000 0.000000 -0.867671
81.000000 0.000000 0.000000 -0.904574
87.000000 0.000000 0.000000 -0.935661
90.000000 0.000000 0.000000 -0.942478
93.000000 0.000000 0.000000 -0.942478
96.000000 0.000000 0.000000 -0.935661
102.000000 0.000000 0.000000 -0.904574
108.000000 0.000000 0.000000 -0.867671
114.000000 0.000000 0.000000 -0.816803
120.000000 0.000000 0.000000 -0.733523
125.999992 0.000000 0.000000 -0.659939
132.000000 0.000000 0.000000 -0.559382
138.000000 0.000000 0.000000 -0.470907
144.000000 0.000000 0.000000 -0.377779
150.000000 0.000000 0.000000 -0.280544
168.000000 0.000000 0.000000 -0.070593
174.000000 0.000000 0.000000 -0.025277
177.000000 0.000000 0.000000 -0.009479
180.000000 0.000000 -0.000000 0.000000
"joint7"
""
8 0.000000 0.000000 0.000000 0.000000 -0.000000 0.000000
2
0 1.088889 20.727394 -1.066667
180.000000 1.088889 20.727394 -1.066667
2
0 3.141592 -0 3.141592
180.000000 3.141592 -0 3.141592
"joint8"
"joint7"
8 0.000000 0.000000 0.000000 0.000000 -0.000000 0.000000
30
0 -18.052631 0.000000 0.000000
3.000000 -18.052631 0.000000 0.000000
9.000000 -18.052631 0.000000 0.000000
15.000000 -18.052631 0.000000 0.000000
33.000000 -18.052631 0.000000 0.000000
39.000000 -18.052631 0.000000 0.000000
45.000000 -18.052631 0.000000 0.000000
51.000000 -18.052631 0.000000 0.000000
57.000000 -18.052631 0.000000 0.000000
62.999996 -18.052631 0.000000 0.000000
69.000000 -18.052631 0.000000 0.000000
75.000000 -18.052631 0.000000 0.000000
81.000000 -18.052631 0.000000 0.000000
87.000000 -18.052631 0.000000 0.000000
90.000000 -18.052631 0.000000 0.000000
93.000000 -18.052631 0.000000 0.000000
96.000000 -18.052631 0.000000 0.000000
102.000000 -18.052631 0.000000 0.000000
108.000000 -18.052631 0.000000 0.000000
114.000000 -18.052631 0.000000 0.000000
120.000000 -18.052631 0.000000 0.000000
125.999992 -18.052631 0.000000 0.000000
132.000000 -18.052631 0.000000 0.000000
138.000000 -18.052631 0.000000 0.000000
144.000000 -18.052631 0.000000 0.000000
150.000000 -18.052631 0.000000 0.000000
168.000000 -18.052631 0.000000 0.000000
174.000000 -18.052631 0.000000 0.000000
177.000000 -18.052631 0.000000 0.000000
180.000000 -18.052631 0.000000 0.000000
30
0 0.000000 -0.000000 0.000000
3.000000 0.000000 -0.000000 0.000000
9.000000 0.000000 0.000000 -0.025277
15.000000 0.000000 0.000000 -0.070593
33.000000 0.000000 0.000000 -0.280544
39.000000 0.000000 0.000000 -0.377779
45.000000 0.000000 0.000000 -0.470907
51.000000 0.000000 0.000000 -0.559382
57.000000 0.000000 0.000000 -0.659939
62.999996 0.000000 0.000000 -0.733523
69.000000 0.000000 0.000000 -0.816803
75.000000 0.000000 0.000000 -0.867671
81.000000 0.000000 0.000000 -0.904574
87.000000 0.000000 0.000000 -0.935661
90.000000 0.000000 0.000000 -0.942478
93.000000 0.000000 0.000000 -0.942478
96.000000 0.000000 0.000000 -0.935661
102.000000 0.000000 0.000000 -0.904574
108.000000 0.000000 0.000000 -0.867671
114.000000 0.000000 0.000000 -0.816803
120.000000 0.000000 0.000000 -0.733523
125.999992 0.000000 0.000000 -0.659939
132.000000 0.000000 0.000000 -0.559382
138.000000 0.000000 0.000000 -0.470907
144.000000 0.000000 0.000000 -0.377779
150.000000 0.000000 0.000000 -0.280544
168.000000 0.000000 0.000000 -0.070593
174.000000 0.000000 0.000000 -0.025277
177.000000 0.000000 0.000000 -0.009479
180.000000 0.000000 -0.000000 0.000000
"joint9"
""
8 0.000000 0.000000 0.000000 0.000000 -0.000000 0.000000
2
0 0.400000 20.727394 -0.622222
180.000000 0.400000 20.727394 -0.622222
2
0 3.141592 1.047197 3.141592
180.000000 3.141592 1.047197 3.141592
"joint10"
"joint9"
8 0.000000 0.000000 0.000000 0.000000 -0.000000 0.000000
30
0 -18.052631 0.000000 0.000000
3.000000 -18.052631 0.000000 0.000000
9.000000 -18.052631 0.000000 0.000000
15.000000 -18.052631 0.000000 0.000000
33.000000 -18.052631 0.000000 0.000000
39.000000 -18.052631 0.000000 0.000000
45.000000 -18.052631 0.000000 0.000000
51.000000 -18.052631 0.000000 0.000000
57.000000 -18.052631 0.000000 0.000000
62.999996 -18.052631 0.000000 0.000000
69.000000 -18.052631 0.000000 0.000000
75.000000 -18.052631 0.000000 0.000000
81.000000 -18.052631 0.000000 0.000000
87.000000 -18.052631 0.000000 0.000000
90.000000 -18.052631 0.000000 0.000000
93.000000 -18.052631 0.000000 0.000000
96.000000 -18.052631 0.000000 0.000000
102.000000 -18.052631 0.000000 0.000000
108.000000 -18.052631 0.000000 0.000000
114.000000 -18.052631 0.000000 0.000000
120.000000 -18.052631 0.000000 0.000000
125.999992 -18.052631 0.000000 0.000000
132.000000 -18.052631 0.000000 0.000000
138.000000 -18.052631 0.000000 0.000000
144.000000 -18.052631 0.000000 0.000000
150.000000 -18.052631 0.000000 0.000000
168.000000 -18.052631 0.000000 0.000000
174.000000 -18.052631 0.000000 0.000000
177.000000 -18.052631 0.000000 0.000000
180.000000 -18.052631 0.000000 0.000000
30
0 0.000000 -0.000000 0.000000
3.000000 0.000000 -0.000000 0.000000
9.000000 0.000000 0.000000 -0.025277
15.000000 0.000000 0.000000 -0.070593
33.000000 0.000000 0.000000 -0.280544
39.000000 0.000000 0.000000 -0.377779
45.000000 0.000000 0.000000 -0.470907
51.000000 0.000000 0.000000 -0.559382
57.000000 0.000000 0.000000 -0.659939
62.999996 0.000000 0.000000 -0.733523
69.000000 0.000000 0.000000 -0.816803
75.000000 0.000000 0.000000 -0.867671
81.000000 0.000000 0.000000 -0.904574
87.000000 0.000000 0.000000 -0.935661
90.000000 0.000000 0.000000 -0.942478
93.000000 0.000000 0.000000 -0.942478
96.000000 0.000000 0.000000 -0.935661
102.000000 0.000000 0.000000 -0.904574
108.000000 0.000000 0.000000 -0.867671
114.000000 0.000000 0.000000 -0.816803
120.000000 0.000000 0.000000 -0.733523
125.999992 0.000000 0.000000 -0.659939
132.000000 0.000000 0.000000 -0.559382
138.000000 0.000000 0.000000 -0.470907
144.000000 0.000000 0.000000 -0.377779
150.000000 0.000000 0.000000 -0.280544
168.000000 0.000000 0.000000 -0.070593
174.000000 0.000000 0.000000 -0.025277
177.000000 0.000000 0.000000 -0.009479
180.000000 0.000000 -0.000000 0.000000
"joint11"
""
8 0.000000 0.000000 0.000000 0.000000 -0.000000 0.000000
2
0 0.577777 20.727394 -0.822223
180.000000 0.577777 20.727394 -0.822223
2
0 0.000000 1.047199 0.000000
180.000000 0.000000 1.047199 0.000000
"joint12"
"joint11"
8 0.000000 0.000000 0.000000 0.000000 -0.000000 0.000000
30
0 -18.052631 0.000000 0.000000
3.000000 -18.052631 0.000000 0.000000
9.000000 -18.052631 0.000000 0.000000
15.000000 -18.052631 0.000000 0.000000
33.000000 -18.052631 0.000000 0.000000
39.000000 -18.052631 0.000000 0.000000
45.000000 -18.052631 0.000000 0.000000
51.000000 -18.052631 0.000000 0.000000
57.000000 -18.052631 0.000000 0.000000
62.999996 -18.052631 0.000000 0.000000
69.000000 -18.052631 0.000000 0.000000
75.000000 -18.052631 0.000000 0.000000
81.000000 -18.052631 0.000000 0.000000
87.000000 -18.052631 0.000000 0.000000
90.000000 -18.052631 0.000000 0.000000
93.000000 -18.052631 0.000000 0.000000
96.000000 -18.052631 0.000000 0.000000
102.000000 -18.052631 0.000000 0.000000
108.000000 -18.052631 0.000000 0.000000
114.000000 -18.052631 0.000000 0.000000
120.000000 -18.052631 0.000000 0.000000
125.999992 -18.052631 0.000000 0.000000
132.000000 -18.052631 0.000000 0.000000
138.000000 -18.052631 0.000000 0.000000
144.000000 -18.052631 0.000000 0.000000
150.000000 -18.052631 0.000000 0.000000
168.000000 -18.052631 0.000000 0.000000
174.000000 -18.052631 0.000000 0.000000
177.000000 -18.052631 0.000000 0.000000
180.000000 -18.052631 0.000000 0.000000
30
0 0.000000 -0.000000 0.000000
3.000000 0.000000 -0.000000 0.000000
9.000000 0.000000 0.000000 -0.025277
15.000000 0.000000 0.000000 -0.070593
33.000000 0.000000 0.000000 -0.280544
39.000000 0.000000 0.000000 -0.377779
45.000000 0.000000 0.000000 -0.470907
51.000000 0.000000 0.000000 -0.559382
57.000000 0.000000 0.000000 -0.659939
62.999996 0.000000 0.000000 -0.733523
69.000000 0.000000 0.000000 -0.816803
75.000000 0.000000 0.000000 -0.867671
81.000000 0.000000 0.000000 -0.904574
87.000000 0.000000 0.000000 -0.935661
90.000000 0.000000 0.000000 -0.942478
93.000000 0.000000 0.000000 -0.942478
96.000000 0.000000 0.000000 -0.935661
102.000000 0.000000 0.000000 -0.904574
108.000000 0.000000 0.000000 -0.867671
114.000000 0.000000 0.000000 -0.816803
120.000000 0.000000 0.000000 -0.733523
125.999992 0.000000 0.000000 -0.659939
132.000000 0.000000 0.000000 -0.559382
138.000000 0.000000 0.000000 -0.470907
144.000000 0.000000 0.000000 -0.377779
150.000000 0.000000 0.000000 -0.280544
168.000000 0.000000 0.000000 -0.070593
174.000000 0.000000 0.000000 -0.025277
177.000000 0.000000 0.000000 -0.009479
180.000000 0.000000 -0.000000 0.000000
"LuzAfueraPadre1"
""
8 0.000000 0.000000 0.000000 0.000000 -0.000000 0.000000
2
0 20.572462 -6.083333 57.362312
180.000000 20.572462 -6.083333 57.362312
2
0 0.000000 -0.000000 0.000000
180.000000 0.000000 -0.000000 0.000000
"LuzAfueraHija1"
"LuzAfueraPadre1"
8 0.000000 0.000000 0.000000 0.000000 -0.000000 0.000000
5
0 0.000000 0.000000 0.000000
45.000000 0.000000 0.000000 0.000000
90.000000 0.000000 0.000000 0.000000
135.000000 0.000000 0.000000 0.000000
180.000000 0.000000 0.000000 0.000000
5
0 0.000000 -0.000000 0.000000
45.000000 0.000000 -1.570796 0.000000
90.000000 3.141592 -0 3.141592
135.000000 -0.000000 1.570795 0.000000
180.000000 0.000000 0.000002 0.000000
"joint15"
""
8 0.000000 0.000000 0.000000 0.000000 -0.000000 0.000000
5
0 -18.827538 -6.083333 57.362312
45.000000 -18.827538 -6.083333 57.362312
90.000000 -18.827538 -6.083333 57.362312
135.000000 -18.827538 -6.083333 57.362312
180.000000 -18.827538 -6.083333 57.362312
5
0 0.000000 -0.000000 0.000000
45.000000 -0.000000 1.570796 0.000000
90.000000 3.141592 -0.000000 3.141592
135.000000 0.000000 -1.570795 0.000000
180.000000 0.000000 -0 0.000000
"joint16"
""
8 0.000000 0.000000 0.000000 0.000000 -0.000000 0.000000
5
0 -58.677540 -6.083333 19.362312
45.000000 -58.677540 -6.083333 19.362312
90.000000 -58.677540 -6.083333 19.362312
135.000000 -58.677540 -6.083333 19.362312
180.000000 -58.677540 -6.083333 19.362312
5
0 0.000000 -0.000000 0.000000
45.000000 0.000000 -1.570796 0.000000
90.000000 3.141592 -0.000000 3.141592
135.000000 -0.000000 1.570796 0.000000
180.000000 0.000000 0 0.000000
"joint17"
""
8 0.000000 0.000000 0.000000 0.000000 -0.000000 0.000000
5
0 -58.677540 -6.083333 -19.804356
45.000000 -58.677540 -6.083333 -19.804356
90.000000 -58.677540 -6.083333 -19.804356
135.000000 -58.677540 -6.083333 -19.804356
180.000000 -58.677540 -6.083333 -19.804356
5
0 3.141592 -0 3.141592
45.000000 -0.000000 1.570795 0.000000
90.000000 0.000000 0.000002 0.000000
135.000000 0.000000 -1.570795 0.000000
180.000000 3.141592 -0.000002 3.141592
"joint18"
""
8 0.000000 0.000000 0.000000 0.000000 -0.000000 0.000000
5
0 59.072456 -6.083333 -19.804356
45.000000 59.072456 -6.083333 -19.804356
90.000000 59.072456 -6.083333 -19.804356
135.000000 59.072456 -6.083333 -19.804356
180.000000 59.072456 -6.083333 -19.804356
5
0 0.000000 -0.000000 0.000000
45.000000 0.000000 -1.570796 0.000000
90.000000 3.141592 -0 3.141592
135.000000 -0.000000 1.570795 0.000000
180.000000 0.000000 0 0.000000
"joint19"
""
8 0.000000 0.000000 0.000000 0.000000 -0.000000 0.000000
5
0 59.072456 -6.083333 18.695641
45.000000 59.072456 -6.083333 18.695641
90.000000 59.072456 -6.083333 18.695641
135.000000 59.072456 -6.083333 18.695641
180.000000 59.072456 -6.083333 18.695641
5
0 0.000000 -0.000000 0.000000
45.000000 -0.000000 1.570796 0.000000
90.000000 3.141592 -0.000000 3.141592
135.000000 0.000000 -1.570796 0.000000
180.000000 0.000000 -0 0.000000
"joint20"
""
8 0.000000 0.000000 0.000000 0.000000 -0.000000 0.000000
5
0 20.072468 -6.083333 -20.582138
45.000000 20.072468 -6.083333 -20.582138
90.000000 20.072468 -6.083333 -20.582138
135.000000 20.072468 -6.083333 -20.582138
180.000000 20.072468 -6.083333 -20.582138
5
0 0.000000 -0.000000 0.000000
45.000000 0.000000 -1.570796 0.000000
90.000000 3.141592 -0 3.141592
135.000000 -0.000000 1.570795 0.000000
180.000000 0.000000 0 0.000000
"joint21"
""
8 0.000000 0.000000 0.000000 0.000000 -0.000000 0.000000
5
0 -19.149746 -6.083333 -20.582138
45.000000 -19.149746 -6.083333 -20.582138
90.000000 -19.149746 -6.083333 -20.582138
135.000000 -19.149746 -6.083333 -20.582138
180.000000 -19.149746 -6.083333 -20.582138
5
0 0.000000 -0.000000 0.000000
45.000000 -0.000000 1.570796 0.000000
90.000000 3.141592 0 3.141592
135.000000 0.000000 -1.570795 0.000000
180.000000 0.000000 -0 0.000000
GroupComments: 0
MaterialComments: 0
BoneComments: 0
ModelComment: 0
