// MilkShape 3D ASCII

Frames: 30
Frame: 1

Meshes: 1
"Tex_0009_0_dds" 0 0
362
0 -8.289391 32.040836 3.961694 2.035156 0.016113 -1
0 -7.500472 32.337906 0.981552 2.019531 0.056152 -1
0 -5.314056 32.337906 4.768541 1.993164 0.009766 -1
0 0.659349 32.259239 -1.204865 1.918945 0.083496 -1
0 -1.527068 32.337906 6.954960 1.946289 -0.017578 -1
0 -4.507208 32.040836 7.743876 1.986328 -0.033203 -1
0 0.659349 32.244190 16.254995 1.918945 -0.118164 -1
0 -3.903581 32.264740 15.824232 1.973633 -0.118164 -1
0 -8.070579 32.244190 13.915821 2.019531 -0.090820 -1
0 -11.806812 32.264740 11.261296 2.066406 -0.064453 -1
0 -14.461336 32.244190 7.525064 2.093750 -0.017578 -1
0 -16.369745 32.264740 3.358066 2.121094 0.029297 -1
0 -16.800507 32.244190 -1.204865 2.121094 0.083496 -1
0 -9.673759 32.040836 -1.204865 2.052734 0.083496 -1
0 -7.500472 32.337906 -3.391281 2.019531 0.110352 -1
0 -16.369745 32.264740 -5.767793 2.121094 0.137207 -1
0 -14.461336 32.244190 -9.934794 2.093750 0.184082 -1
0 -8.289391 32.207481 -6.371421 2.035156 0.150391 -1
0 -5.314056 32.254593 -7.178267 1.993164 0.157227 -1
0 -11.806812 32.264740 -13.671023 2.066406 0.230957 -1
0 -8.070579 32.244190 -16.325546 2.019531 0.257812 -1
0 -4.507208 31.957527 -10.153605 1.986328 0.199707 -1
0 -1.527068 32.254593 -9.364686 1.946289 0.184082 -1
0 -3.903581 32.264740 -18.233959 1.973633 0.284668 -1
0 0.659349 32.244190 -18.664721 1.918945 0.284668 -1
0 0.659349 31.957527 -11.537974 1.918945 0.217773 -1
0 2.845766 32.254593 -9.364686 1.892578 0.184082 -1
0 5.222280 32.264740 -18.233959 1.865234 0.284668 -1
0 9.389280 32.244190 -16.325546 1.818359 0.257812 -1
0 5.825907 31.957527 -10.153605 1.852539 0.199707 -1
0 6.632756 32.254593 -7.178267 1.845703 0.157227 -1
0 9.608091 31.957527 -6.371421 1.802734 0.150391 -1
0 8.819172 32.337906 -3.391281 1.818359 0.110352 -1
0 13.125511 32.264740 -13.671023 1.772461 0.230957 -1
0 15.780032 32.244190 -9.934794 1.745117 0.184082 -1
0 17.688442 32.264740 -5.767793 1.717773 0.137207 -1
0 18.119205 32.244190 -1.204865 1.717773 0.083496 -1
0 10.992459 32.040836 -1.204865 1.785156 0.083496 -1
0 8.819172 32.337906 0.981552 1.818359 0.056152 -1
0 17.688442 32.264740 3.358066 1.717773 0.029297 -1
0 15.780032 32.244190 7.525064 1.745117 -0.017578 -1
0 9.608091 32.040836 3.961694 1.802734 0.016113 -1
0 6.632756 32.337906 4.768541 1.845703 0.009766 -1
0 13.125511 32.264740 11.261296 1.772461 -0.064453 -1
0 9.389280 32.244190 13.915821 1.818359 -0.090820 -1
0 5.825907 32.040836 7.743876 1.852539 -0.033203 -1
0 2.845766 32.337906 6.954960 1.892578 -0.017578 -1
0 5.222280 32.264740 15.824232 1.865234 -0.118164 -1
0 0.659349 32.040836 9.128246 1.918945 -0.050781 -1
0 -11.739989 -5.662300 5.509553 2.035156 0.016113 -1
0 -7.617378 -5.662300 6.558123 1.993164 0.009766 -1
0 -10.646869 -5.662300 1.636588 2.019531 0.056152 -1
0 0.659349 -5.662300 -1.204865 1.918945 0.083496 -1
0 -10.646869 -5.662300 -4.046316 2.019531 0.110352 -1
0 -13.658170 -5.662300 -1.204865 2.052734 0.083496 -1
0 -11.436810 -5.662300 18.445856 2.019531 -0.090820 -1
0 -16.613718 -5.662300 14.996058 2.066406 -0.064453 -1
0 -20.291817 -5.662300 10.140486 2.093750 -0.017578 -1
0 -22.936102 -5.662300 4.725084 2.121094 0.029297 -1
0 -23.532967 -5.662300 -1.204865 2.121094 0.083496 -1
0 -22.936102 -5.662300 -7.134812 2.121094 0.137207 -1
0 -20.291817 -5.662300 -12.550216 2.093750 0.184082 -1
0 -11.739989 -5.662300 -7.919280 2.035156 0.150391 -1
0 -7.617378 -5.662300 -8.967851 1.993164 0.157227 -1
0 -16.613718 -5.662300 -17.405787 2.066406 0.230957 -1
0 -11.436810 -5.662300 -20.855595 2.019531 0.257812 -1
0 -2.370142 -5.662300 -11.809308 1.946289 0.184082 -1
0 -6.499409 -5.662300 -12.834572 1.986328 0.199707 -1
0 -5.663033 -5.662300 -23.335749 1.973633 0.284668 -1
0 0.659349 -5.662300 -23.895571 1.918945 0.284668 -1
0 0.659349 -5.662300 -14.633692 1.918945 0.217773 -1
0 3.688840 -5.662300 -11.809308 1.892578 0.184082 -1
0 6.981733 -5.662300 -23.335749 1.865234 0.284668 -1
0 12.755509 -5.662300 -20.855595 1.818359 0.257812 -1
0 7.818108 -5.662300 -12.834572 1.852539 0.199707 -1
0 8.936079 -5.662300 -8.967851 1.845703 0.157227 -1
0 17.932415 -5.662300 -17.405787 1.772461 0.230957 -1
0 21.610512 -5.662300 -12.550216 1.745117 0.184082 -1
0 13.058687 -5.662300 -7.919280 1.802734 0.150391 -1
0 11.965568 -5.662300 -4.046316 1.818359 0.110352 -1
0 11.965568 -5.662300 1.636588 1.818359 0.056152 -1
0 14.976869 -5.662300 -1.204865 1.785156 0.083496 -1
0 24.254797 -5.662300 -7.134812 1.717773 0.137207 -1
0 24.851665 -5.662300 -1.204865 1.717773 0.083496 -1
0 24.254797 -5.662300 4.725084 1.717773 0.029297 -1
0 21.610512 -5.662300 10.140486 1.745117 -0.017578 -1
0 13.058687 -5.662300 5.509553 1.802734 0.016113 -1
0 8.936079 -5.662300 6.558123 1.845703 0.009766 -1
0 17.932415 -5.662300 14.996058 1.772461 -0.064453 -1
0 12.755509 -5.662300 18.445856 1.818359 -0.090820 -1
0 7.818108 -5.662300 10.424843 1.852539 -0.033203 -1
0 3.688840 -5.662300 9.399580 1.892578 -0.017578 -1
0 6.981733 -5.662300 20.925999 1.865234 -0.118164 -1
0 0.659349 -5.662300 21.485815 1.918945 -0.118164 -1
0 -6.499409 -5.662300 10.424843 1.986328 -0.033203 -1
0 -2.370142 -5.662300 9.399580 1.946289 -0.017578 -1
0 -5.663033 -5.662300 20.925999 1.973633 -0.118164 -1
0 0.659349 -5.662300 12.223965 1.918945 -0.050781 -1
0 0.659349 30.368099 -39.954018 1.918945 0.586670 -1
0 10.891373 30.368099 -39.391273 1.784180 0.586670 -1
0 20.033932 30.368099 -34.762642 1.667969 0.519287 -1
0 28.613756 30.368099 -29.159283 1.550781 0.451660 -1
0 16.576233 26.742983 -60.607483 1.704102 0.888611 -1
0 30.781483 26.742983 -53.377914 1.516602 0.780762 -1
0 44.145077 26.742983 -44.690582 1.330078 0.672852 -1
0 52.832409 26.742983 -31.327007 1.221680 0.485840 -1
0 34.217106 30.368099 -20.579462 1.483398 0.334961 -1
0 18.896128 21.590124 -69.265427 1.675781 0.994312 -1
0 35.191135 21.590124 -61.015663 1.463867 0.872314 -1
0 50.483147 21.590124 -51.028664 1.252930 0.750244 -1
0 60.470158 21.590124 -35.736671 1.130859 0.538818 -1
0 68.719917 21.590124 -19.441654 1.008789 0.327637 -1
0 60.061970 26.742983 -17.121750 1.114258 0.299316 -1
0 60.903606 26.742983 -1.204865 1.114258 0.083496 -1
0 69.722923 21.590124 -1.204865 1.008789 0.083496 -1
0 68.719917 21.590124 17.031918 1.008789 -0.161133 -1
0 60.061970 26.742983 14.712022 1.114258 -0.132812 -1
0 52.832409 26.742983 28.917257 1.221680 -0.319336 -1
0 60.470158 21.590124 33.326920 1.130859 -0.372070 -1
0 38.408012 15.820528 -66.587463 1.411133 0.963776 -1
0 55.133347 15.820528 -55.678856 1.174805 0.827637 -1
0 66.041946 15.820528 -38.953514 1.039062 0.591553 -1
0 75.072220 15.820528 -21.143747 0.902832 0.355957 -1
0 76.156677 15.820528 -1.204865 0.902832 0.083496 -1
0 75.072220 15.820528 18.734003 0.902832 -0.189453 -1
0 66.041946 15.820528 36.543793 1.039062 -0.424805 -1
0 50.483147 21.590124 48.618973 1.252930 -0.583984 -1
0 55.133347 15.820528 53.269165 1.174805 -0.661133 -1
0 76.906715 7.122738 -21.635294 0.701660 0.409668 -1
0 78.030357 7.122738 -1.204865 0.701660 0.083496 -1
0 76.906715 7.122738 19.225546 0.701660 -0.243164 -1
0 67.664604 7.122738 37.480637 0.864746 -0.525391 -1
0 56.476288 7.122738 54.612106 1.027344 -0.808594 -1
0 38.408012 15.820528 64.177750 1.411133 -0.796875 -1
0 39.344849 7.122738 65.800415 1.310547 -0.971680 -1
0 21.045321 7.122738 73.664749 1.592773 -1.134766 -1
0 20.553774 15.820528 71.830254 1.647461 -0.933594 -1
0 0.659349 15.820528 74.292480 1.918945 -0.933594 -1
0 0.659349 7.122738 76.166161 1.918945 -1.134766 -1
0 79.171883 -1.240259 -1.204865 0.500000 0.083496 -1
0 78.033562 -1.240259 19.527487 0.500000 -0.296875 -1
0 68.653191 -1.240259 38.051399 0.690430 -0.625977 -1
0 57.301208 -1.240259 55.437012 0.880371 -0.956055 -1
0 39.915607 -1.240259 66.789001 1.209961 -1.146484 -1
0 21.347265 -1.240259 74.791595 1.539062 -1.335938 -1
0 0.659349 -1.240259 77.307678 1.918945 -1.335938 -1
0 -19.771065 7.122738 75.042526 2.246094 -1.134766 -1
0 -20.073015 -1.240259 76.169373 2.298828 -1.335938 -1
0 57.596775 -4.256109 55.732590 0.854980 -0.981445 -1
0 40.121426 -4.256109 67.145500 1.192383 -1.175781 -1
0 21.455454 -4.256109 75.195351 1.529297 -1.371094 -1
0 0.659349 -4.256109 77.719337 1.918945 -1.371094 -1
0 -20.181204 -4.256109 76.573128 2.308594 -1.371094 -1
0 -38.596935 -1.240259 66.789001 2.628906 -1.146484 -1
0 -38.802753 -4.256109 67.145500 2.646484 -1.175781 -1
0 -56.278095 -4.256109 55.732590 2.984375 -0.981445 -1
0 -55.982525 -1.240259 55.437012 2.958984 -0.956055 -1
0 -67.334496 -1.240259 38.051399 3.148438 -0.625977 -1
0 40.276745 -6.531879 67.414513 1.174805 -1.207031 -1
0 21.845806 -6.531879 76.652168 1.520508 -1.406250 -1
0 0.659349 -6.531879 78.029961 1.918945 -1.406250 -1
0 -20.571556 -6.531879 78.029961 2.318359 -1.406250 -1
0 -38.958065 -6.531879 67.414513 2.664062 -1.207031 -1
0 -57.344574 -6.531879 56.799072 3.009766 -1.007812 -1
0 -67.960022 -6.531879 38.412552 3.208984 -0.661133 -1
0 -67.691010 -4.256109 38.257233 3.179688 -0.643555 -1
0 -77.118637 -4.256109 19.635672 3.373047 -0.306641 -1
0 -76.714890 -1.240259 19.527487 3.337891 -0.296875 -1
0 -77.853203 -1.240259 -1.204865 3.337891 0.083496 -1
0 -78.264839 -4.256109 -1.204865 3.373047 0.083496 -1
0 -77.118637 -4.256109 -22.045427 3.373047 0.473145 -1
0 -76.714890 -1.240259 -21.937241 3.337891 0.463867 -1
0 -67.334496 -1.240259 -40.461121 3.148438 0.792969 -1
0 -67.691010 -4.256109 -40.666939 3.179688 0.810547 -1
0 -56.278095 -4.256109 -58.142281 2.984375 1.147949 -1
0 -55.982525 -1.240259 -57.846718 2.958984 1.122314 -1
0 -38.596935 -1.240259 -69.198692 2.628906 1.312500 -1
0 -38.802753 -4.256109 -69.555214 2.646484 1.342773 -1
0 -20.181204 -4.256109 -78.982834 2.308594 1.537598 -1
0 -78.575470 -6.531879 20.026026 3.408203 -0.315430 -1
0 -78.575470 -6.531879 -1.204865 3.408203 0.083496 -1
0 -78.575470 -6.531879 -22.435778 3.408203 0.482422 -1
0 -67.960022 -6.531879 -40.822250 3.208984 0.828003 -1
0 -57.344574 -6.531879 -59.208771 3.009766 1.173584 -1
0 -38.958065 -6.531879 -69.824219 2.664062 1.373047 -1
0 -20.571556 -6.531879 -80.439659 2.318359 1.572754 -1
0 0.659349 -6.531879 -80.439659 1.918945 1.572754 -1
0 0.659349 -4.256109 -80.129036 1.918945 1.537598 -1
0 21.499897 -4.256109 -78.982834 1.529297 1.537598 -1
0 21.890251 -6.531879 -80.439659 1.520508 1.572754 -1
0 40.276745 -6.531879 -69.824219 1.174805 1.373047 -1
0 40.121426 -4.256109 -69.555214 1.192383 1.342773 -1
0 57.596775 -4.256109 -58.142281 0.854980 1.147949 -1
0 58.663254 -6.531879 -59.208771 0.829102 1.173584 -1
0 69.278717 -6.531879 -40.822250 0.629395 0.828003 -1
0 69.009697 -4.256109 -40.666939 0.660156 0.810547 -1
0 78.437317 -4.256109 -22.045427 0.465088 0.473145 -1
0 79.894150 -6.531879 -22.435778 0.430176 0.482422 -1
0 79.894150 -6.531879 -1.204865 0.430176 0.083496 -1
0 78.033562 -1.240259 -21.937241 0.500000 0.463867 -1
0 68.653191 -1.240259 -40.461121 0.690430 0.792969 -1
0 57.301208 -1.240259 -57.846718 0.880371 1.122314 -1
0 39.915607 -1.240259 -69.198692 1.209961 1.312500 -1
0 21.391710 -1.240259 -78.579079 1.539062 1.502441 -1
0 0.659349 -1.240259 -79.717392 1.918945 1.502441 -1
0 -20.073015 -1.240259 -78.579079 2.298828 1.502441 -1
0 56.476288 7.122738 -57.021797 1.027344 0.974960 -1
0 39.344849 7.122738 -68.210106 1.310547 1.138184 -1
0 21.089764 7.122738 -77.452217 1.592773 1.301270 -1
0 0.659349 7.122738 -78.575867 1.918945 1.301270 -1
0 -19.771065 7.122738 -77.452217 2.246094 1.301270 -1
0 -38.026157 7.122738 -68.210106 2.529297 1.138184 -1
0 -55.157600 7.122738 -57.021797 2.810547 0.974960 -1
0 -66.345917 7.122738 -39.890358 2.974609 0.692383 -1
0 20.598217 15.820528 -75.617722 1.647461 1.099976 -1
0 0.659349 15.820528 -76.702187 1.918945 1.099976 -1
0 -19.279520 15.820528 -75.617722 2.191406 1.099976 -1
0 -37.089317 15.820528 -66.587463 2.427734 0.963776 -1
0 -53.814659 15.820528 -55.678841 2.664062 0.827637 -1
0 -64.723267 15.820528 -38.953514 2.800781 0.591553 -1
0 -75.588028 7.122738 -21.635294 3.136719 0.409668 -1
0 -73.753525 15.820528 -21.143747 2.935547 0.355957 -1
0 0.659349 21.590124 -70.268425 1.918945 0.994312 -1
0 -17.577431 21.590124 -69.265427 2.164062 0.994312 -1
0 -33.872452 21.590124 -61.015663 2.375000 0.872314 -1
0 -49.164467 21.590124 -51.028664 2.585938 0.750244 -1
0 -59.151478 21.590124 -35.736671 2.708984 0.538818 -1
0 -67.401230 21.590124 -19.441654 2.830078 0.327637 -1
0 0.659349 26.742983 -61.449112 1.918945 0.888611 -1
0 -15.257538 26.742983 -60.607483 2.134766 0.888611 -1
0 -29.462788 26.742983 -53.377914 2.322266 0.780762 -1
0 -42.826397 26.742983 -44.690582 2.509766 0.672852 -1
0 -51.513718 26.742983 -31.327007 2.617188 0.485840 -1
0 -58.743290 26.742983 -17.121750 2.724609 0.299316 -1
0 -59.584923 26.742983 -1.204865 2.724609 0.083496 -1
0 -68.404221 21.590124 -1.204865 2.830078 0.083496 -1
0 -9.572672 30.368099 -39.391273 2.054688 0.586670 -1
0 -18.715233 30.368099 -34.762634 2.171875 0.519287 -1
0 -27.295061 30.368099 -29.159283 2.287109 0.451660 -1
0 -32.898422 30.368099 -20.579462 2.355469 0.334961 -1
0 -37.527081 30.368099 -11.436885 2.421875 0.218262 -1
0 -38.089828 30.368099 -1.204865 2.421875 0.083496 -1
0 -37.527081 30.368099 9.027158 2.421875 -0.051758 -1
0 -32.898415 30.368099 18.169718 2.355469 -0.167969 -1
0 -27.295061 30.368099 26.749531 2.287109 -0.285156 -1
0 -18.715233 30.368099 32.352898 2.171875 -0.352539 -1
0 -9.572672 30.368099 36.981552 2.054688 -0.419922 -1
0 0.659349 30.368099 37.544304 1.918945 -0.419922 -1
0 10.891373 30.368099 36.981552 1.784180 -0.419922 -1
0 20.033932 30.368099 32.352882 1.667969 -0.352539 -1
0 16.576233 26.742983 58.197784 1.704102 -0.721680 -1
0 0.659349 26.742983 59.039413 1.918945 -0.721680 -1
0 -15.257538 26.742983 58.197784 2.134766 -0.721680 -1
0 -29.462788 26.742983 50.968216 2.322266 -0.614258 -1
0 -42.826397 26.742983 42.280891 2.509766 -0.505859 -1
0 -51.513718 26.742983 28.917257 2.617188 -0.319336 -1
0 -58.743290 26.742983 14.712022 2.724609 -0.132812 -1
0 18.896128 21.590124 66.855713 1.675781 -0.827148 -1
0 0.659349 21.590124 67.858727 1.918945 -0.827148 -1
0 -17.577431 21.590124 66.855713 2.164062 -0.827148 -1
0 -33.872444 21.590124 58.605972 2.375000 -0.706055 -1
0 -49.164467 21.590124 48.618973 2.585938 -0.583984 -1
0 -59.151478 21.590124 33.326920 2.708984 -0.372070 -1
0 -67.401230 21.590124 17.031918 2.830078 -0.161133 -1
0 -19.279520 15.820528 73.208031 2.191406 -0.933594 -1
0 -37.089317 15.820528 64.177750 2.427734 -0.796875 -1
0 -53.814659 15.820528 53.269165 2.664062 -0.661133 -1
0 -64.723267 15.820528 36.543793 2.800781 -0.424805 -1
0 -73.753525 15.820528 18.734003 2.935547 -0.189453 -1
0 -74.837975 15.820528 -1.204865 2.935547 0.083496 -1
0 -38.026157 7.122738 65.800415 2.529297 -0.971680 -1
0 -55.157600 7.122738 54.612106 2.810547 -0.808594 -1
0 -66.345917 7.122738 37.480637 2.974609 -0.525391 -1
0 -75.588028 7.122738 19.225546 3.136719 -0.243164 -1
0 -76.711685 7.122738 -1.204865 3.136719 0.083496 -1
0 60.913017 -5.662300 55.308876 1.330078 -0.505859 -1
0 42.396458 -5.662300 66.598839 1.516602 -0.614258 -1
0 69.695015 -5.662300 63.545753 1.252930 -0.583984 -1
0 48.506458 -5.662300 76.524788 1.463867 -0.706055 -1
0 25.928158 -5.662300 87.246132 1.675781 -0.827148 -1
0 22.669287 -5.662300 74.616547 1.704102 -0.721680 -1
0 0.659349 -5.662300 77.088112 1.918945 -0.721680 -1
0 0.659349 -5.662300 88.549599 1.918945 -0.827148 -1
0 14.836799 -5.662300 48.421921 1.784180 -0.419922 -1
0 0.659349 -5.662300 49.153275 1.918945 -0.419922 -1
0 -13.518102 -5.662300 48.421921 2.054688 -0.419922 -1
0 -21.395033 -5.662300 75.994324 2.134766 -0.721680 -1
0 -41.077778 -5.662300 66.598839 2.322266 -0.614258 -1
0 -26.186005 -5.662300 42.406555 2.171875 -0.352539 -1
0 -38.074165 -5.662300 35.124435 2.287109 -0.285156 -1
0 -59.594337 -5.662300 55.308876 2.509766 -0.505859 -1
0 -71.631447 -5.662300 37.941620 2.617188 -0.319336 -1
0 -45.838169 -5.662300 23.974178 2.355469 -0.167969 -1
0 -52.251606 -5.662300 12.092589 2.421875 -0.051758 -1
0 -81.648735 -5.662300 19.480585 2.724609 -0.132812 -1
0 -82.814888 -5.662300 -1.204865 2.724609 0.083496 -1
0 -24.609467 -5.662300 87.246132 2.164062 -0.827148 -1
0 -47.187778 -5.662300 76.524811 2.375000 -0.706055 -1
0 -68.376328 -5.662300 63.545753 2.585938 -0.583984 -1
0 -82.214287 -5.662300 43.672394 2.708984 -0.372070 -1
0 -93.645134 -5.662300 22.495491 2.830078 -0.161133 -1
0 -95.034897 -5.662300 -1.204865 2.830078 0.083496 -1
0 -93.645134 -5.662300 -24.905247 2.830078 0.327637 -1
0 -81.648735 -5.662300 -21.890337 2.724609 0.299316 -1
0 -53.031368 -5.662300 -1.204865 2.421875 0.083496 -1
0 -52.251606 -5.662300 -14.502318 2.421875 0.218262 -1
0 -71.631447 -5.662300 -40.351334 2.617188 0.485840 -1
0 -45.838181 -5.662300 -26.383934 2.355469 0.334961 -1
0 -38.074165 -5.662300 -37.534180 2.287109 0.451660 -1
0 -59.594337 -5.662300 -57.718567 2.509766 0.672852 -1
0 -41.077778 -5.662300 -69.008537 2.322266 0.780762 -1
0 -26.186005 -5.662300 -44.816246 2.171875 0.519287 -1
0 -13.518102 -5.662300 -50.831612 2.054688 0.586670 -1
0 -21.395033 -5.662300 -78.404030 2.134766 0.888611 -1
0 0.659349 -5.662300 -79.497810 1.918945 0.888611 -1
0 0.659349 -5.662300 -51.562965 1.918945 0.586670 -1
0 14.836799 -5.662300 -50.831612 1.784180 0.586670 -1
0 22.713732 -5.662300 -78.404030 1.704102 0.888611 -1
0 42.396458 -5.662300 -69.008537 1.516602 0.780762 -1
0 27.504700 -5.662300 -44.816261 1.667969 0.519287 -1
0 39.392849 -5.662300 -37.534180 1.550781 0.451660 -1
0 60.913017 -5.662300 -57.718567 1.330078 0.672852 -1
0 72.950150 -5.662300 -40.351334 1.221680 0.485840 -1
0 47.156853 -5.662300 -26.383934 1.483398 0.334961 -1
0 53.570297 -5.662300 -14.502318 1.416016 0.218262 -1
0 48.506458 -5.662300 -78.934502 1.463867 0.872314 -1
0 69.695015 -5.662300 -65.955460 1.252930 0.750244 -1
0 83.532967 -5.662300 -46.082077 1.130859 0.538818 -1
0 94.963821 -5.662300 -24.905247 1.008789 0.327637 -1
0 82.967400 -5.662300 -21.890337 1.114258 0.299316 -1
0 84.133568 -5.662300 -1.204865 1.114258 0.083496 -1
0 96.353577 -5.662300 -1.204865 1.008789 0.083496 -1
0 94.963821 -5.662300 22.495491 1.008789 -0.161133 -1
0 82.967400 -5.662300 19.480585 1.114258 -0.132812 -1
0 72.950150 -5.662300 37.941620 1.221680 -0.319336 -1
0 83.532982 -5.662300 43.672386 1.130859 -0.372070 -1
0 54.350052 -5.662300 -1.204865 1.416016 0.083496 -1
0 53.570297 -5.662300 12.092589 1.416016 -0.051758 -1
0 47.156860 -5.662300 23.974178 1.483398 -0.167969 -1
0 39.392849 -5.662300 35.124435 1.550781 -0.285156 -1
0 27.504700 -5.662300 42.406555 1.667969 -0.352539 -1
0 44.145077 26.742983 42.280891 1.330078 -0.505859 -1
0 30.781483 26.742983 50.968216 1.516602 -0.614258 -1
0 35.191139 21.590124 58.605957 1.463867 -0.706055 -1
0 28.613756 30.368099 26.749531 1.550781 -0.285156 -1
0 34.217110 30.368099 18.169718 1.483398 -0.167969 -1
0 38.845764 30.368099 9.027158 1.416016 -0.051758 -1
0 39.408516 30.368099 -1.204865 1.416016 0.083496 -1
0 38.845764 30.368099 -11.436885 1.416016 0.218262 -1
0 67.664604 7.122738 -39.890358 0.864746 0.692383 -1
0 69.009697 -4.256109 38.257233 0.660156 -0.643555 -1
0 78.437317 -4.256109 19.635672 0.465088 -0.306641 -1
0 79.583519 -4.256109 -1.204865 0.465088 0.083496 -1
0 79.894150 -6.531879 20.026026 0.430176 -0.315430 -1
0 69.278717 -6.531879 38.412552 0.629395 -0.661133 -1
0 58.663254 -6.531879 56.799072 0.829102 -1.007812 -1
0 -82.214287 -5.662300 -46.082077 2.708984 0.538818 -1
0 -68.376328 -5.662300 -65.955460 2.585938 0.750244 -1
0 -47.187778 -5.662300 -78.934494 2.375000 0.872314 -1
0 -24.609467 -5.662300 -89.655823 2.164062 0.994312 -1
0 0.659349 -5.662300 -90.959328 1.918945 0.994312 -1
0 25.928158 -5.662300 -89.655823 1.675781 0.994312 -1
242
0.023119 -0.999644 -0.013347
0.014658 -0.999885 -0.003928
0.010730 -0.999885 -0.010730
-0.000000 -0.999985 0.005500
0.003928 -0.999885 -0.014658
0.013347 -0.999644 -0.023119
0.000000 -0.999221 -0.039462
0.012203 -0.998888 -0.045544
0.019731 -0.999221 -0.034175
0.033341 -0.998888 -0.033341
0.034175 -0.999221 -0.019731
0.045544 -0.998888 -0.012203
0.039462 -0.999221 0.000000
0.026695 -0.999644 0.000000
0.011115 -0.999916 -0.006691
0.045544 -0.998888 0.012203
0.035733 -0.999023 0.025994
-0.000694 -0.999767 0.021564
-0.010279 -0.999652 0.024312
0.030135 -0.999091 0.030135
0.017157 -0.999411 0.029716
0.009505 -0.999819 0.016463
0.003075 -0.999929 0.011477
0.011030 -0.999091 0.041166
-0.000000 -0.999411 0.034314
0.000000 -0.999819 0.019010
-0.003075 -0.999929 0.011477
-0.011030 -0.999091 0.041166
-0.017157 -0.999411 0.029716
-0.009505 -0.999819 0.016463
-0.007486 -0.999883 0.013377
-0.012747 -0.999503 0.028814
-0.010695 -0.999845 0.013979
-0.030135 -0.999091 0.030135
-0.028560 -0.999359 0.021592
-0.045544 -0.998888 0.012203
-0.039462 -0.999221 -0.000000
-0.026695 -0.999644 0.000000
-0.014658 -0.999885 -0.003928
-0.045544 -0.998888 -0.012203
-0.034175 -0.999221 -0.019731
-0.023119 -0.999644 -0.013347
-0.010730 -0.999885 -0.010730
-0.033341 -0.998888 -0.033341
-0.019731 -0.999221 -0.034175
-0.013347 -0.999644 -0.023119
-0.003928 -0.999885 -0.014658
-0.012203 -0.998888 -0.045544
0.000000 -0.999644 -0.026695
0.000000 1.000000 0.000000
0.000000 -0.991885 0.127141
-0.032261 -0.992201 0.120401
-0.063570 -0.991885 0.110107
-0.088140 -0.992201 0.088140
-0.086851 -0.942016 0.324133
-0.170665 -0.939943 0.295601
-0.237282 -0.942016 0.237282
-0.295601 -0.939943 0.170665
-0.110107 -0.991885 0.063570
-0.150501 -0.813552 0.561678
-0.294526 -0.808095 0.510134
-0.411177 -0.813552 0.411177
-0.510135 -0.808094 0.294527
-0.561678 -0.813552 0.150501
-0.324133 -0.942016 0.086851
-0.341331 -0.939943 -0.000000
-0.589052 -0.808095 -0.000000
-0.561678 -0.813553 -0.150501
-0.324133 -0.942016 -0.086851
-0.295601 -0.939943 -0.170665
-0.510135 -0.808095 -0.294526
-0.432419 -0.502051 0.748971
-0.608427 -0.509543 0.608427
-0.748971 -0.502051 0.432419
-0.831126 -0.509544 0.222700
-0.864837 -0.502052 -0.000000
-0.831126 -0.509543 -0.222700
-0.748972 -0.502052 -0.432419
-0.411177 -0.813552 -0.411176
-0.608427 -0.509543 -0.608427
-0.950820 -0.176159 0.254772
-0.984914 -0.173044 -0.000000
-0.950820 -0.176159 -0.254772
-0.852961 -0.173044 -0.492457
-0.696049 -0.176159 -0.696049
-0.415367 -0.491471 -0.765458
-0.465452 -0.172962 -0.868008
-0.256929 -0.174707 -0.950508
-0.231720 -0.458615 -0.857892
-0.024654 -0.490630 -0.871019
-0.033071 -0.172950 -0.984375
-0.990827 -0.135139 -0.000000
-0.956721 -0.137723 -0.256353
-0.858081 -0.135141 -0.495413
-0.700369 -0.137724 -0.700368
-0.468560 -0.135619 -0.872960
-0.258435 -0.137723 -0.956161
-0.032852 -0.135649 -0.990212
0.254771 -0.176159 -0.950820
0.256352 -0.137723 -0.956721
-0.685429 -0.245710 -0.685429
-0.468793 -0.135178 -0.872903
-0.253167 -0.244524 -0.936010
-0.032614 -0.135169 -0.990286
0.250885 -0.245708 -0.936314
0.495413 -0.135140 -0.858081
0.495406 -0.135240 -0.858069
0.685429 -0.245710 -0.685429
0.700369 -0.137724 -0.700368
0.858081 -0.135141 -0.495413
-0.444207 -0.347178 -0.825922
-0.218167 -0.552421 -0.804509
-0.030641 -0.347333 -0.937241
0.215741 -0.552427 -0.805158
0.469221 -0.345434 -0.812716
0.589416 -0.552429 -0.589416
0.812716 -0.345434 -0.469221
0.858069 -0.135244 -0.495406
0.936314 -0.245708 -0.250885
0.956721 -0.137722 -0.256353
0.990827 -0.135138 -0.000000
0.990813 -0.135239 -0.000000
0.936314 -0.245708 0.250885
0.956721 -0.137723 0.256353
0.858081 -0.135140 0.495414
0.858069 -0.135242 0.495407
0.685430 -0.245710 0.685429
0.700369 -0.137723 0.700368
0.495413 -0.135142 0.858081
0.495406 -0.135242 0.858069
0.250884 -0.245708 0.936314
0.805158 -0.552427 -0.215741
0.938443 -0.345434 -0.000000
0.805158 -0.552427 0.215742
0.812716 -0.345434 0.469222
0.589415 -0.552430 0.589415
0.469222 -0.345432 0.812716
0.215742 -0.552425 0.805160
-0.000000 -0.345431 0.938444
-0.000000 -0.135239 0.990813
-0.250885 -0.245708 0.936314
-0.215742 -0.552425 0.805160
-0.469222 -0.345433 0.812716
-0.495406 -0.135242 0.858069
-0.685429 -0.245710 0.685429
-0.589415 -0.552430 0.589415
-0.812715 -0.345435 0.469221
-0.858069 -0.135242 0.495406
-0.936314 -0.245709 0.250885
-0.805159 -0.552427 0.215742
-0.938443 -0.345434 -0.000000
-0.956721 -0.137723 0.256353
-0.858081 -0.135140 0.495413
-0.700369 -0.137723 0.700369
-0.495413 -0.135141 0.858081
-0.256353 -0.137724 0.956721
-0.000000 -0.135140 0.990827
0.256353 -0.137724 0.956721
-0.696049 -0.176159 0.696049
-0.492457 -0.173043 0.852961
-0.254772 -0.176159 0.950820
0.000000 -0.173044 0.984914
0.254772 -0.176159 0.950820
0.492457 -0.173043 0.852961
0.696049 -0.176160 0.696049
0.852961 -0.173043 0.492457
-0.222700 -0.509543 0.831126
-0.000000 -0.502052 0.864837
0.222700 -0.509543 0.831126
0.432419 -0.502051 0.748972
0.608427 -0.509543 0.608427
0.748971 -0.502051 0.432419
0.950820 -0.176160 0.254772
0.831126 -0.509544 0.222699
-0.000000 -0.808095 0.589052
0.150501 -0.813552 0.561678
0.294526 -0.808095 0.510134
0.411177 -0.813552 0.411177
0.510135 -0.808095 0.294526
0.561678 -0.813552 0.150501
-0.000000 -0.939943 0.341331
0.086851 -0.942016 0.324133
0.170665 -0.939943 0.295601
0.237282 -0.942016 0.237282
0.295601 -0.939943 0.170665
0.324133 -0.942016 0.086851
0.341331 -0.939943 -0.000000
0.589053 -0.808095 -0.000000
0.032261 -0.992201 0.120401
0.063570 -0.991885 0.110107
0.088140 -0.992201 0.088140
0.110107 -0.991885 0.063570
0.120401 -0.992201 0.032261
0.127141 -0.991885 0.000000
0.120401 -0.992201 -0.032261
0.110107 -0.991885 -0.063570
0.088140 -0.992201 -0.088140
0.063570 -0.991885 -0.110107
0.032261 -0.992201 -0.120401
0.000000 -0.991885 -0.127141
-0.032261 -0.992201 -0.120401
-0.063570 -0.991885 -0.110107
-0.086851 -0.942016 -0.324134
-0.000000 -0.939943 -0.341331
0.086851 -0.942016 -0.324134
0.170665 -0.939943 -0.295601
0.237282 -0.942016 -0.237281
0.295601 -0.939943 -0.170665
0.324133 -0.942016 -0.086851
-0.156747 -0.796661 -0.583748
-0.000000 -0.808095 -0.589052
0.150501 -0.813552 -0.561678
0.294526 -0.808095 -0.510135
0.411177 -0.813552 -0.411177
0.510134 -0.808095 -0.294526
0.561678 -0.813552 -0.150501
0.222700 -0.509544 -0.831126
0.432419 -0.502052 -0.748972
0.608427 -0.509543 -0.608427
0.748972 -0.502051 -0.432418
0.831126 -0.509544 -0.222699
0.864837 -0.502053 -0.000000
0.492457 -0.173044 -0.852961
0.696049 -0.176159 -0.696049
0.852961 -0.173043 -0.492457
0.950820 -0.176160 -0.254772
0.984914 -0.173045 -0.000000
-0.237282 -0.942016 -0.237281
-0.170665 -0.939943 -0.295601
-0.294526 -0.808095 -0.510135
-0.088140 -0.992201 -0.088140
-0.110107 -0.991885 -0.063570
-0.120401 -0.992201 -0.032261
-0.127141 -0.991885 0.000000
-0.120401 -0.992201 0.032261
-0.852960 -0.173044 0.492457
-0.858069 -0.135244 -0.495406
-0.936314 -0.245709 -0.250884
-0.990813 -0.135239 -0.000000
-0.805159 -0.552427 -0.215741
-0.812715 -0.345436 -0.469221
-0.589416 -0.552429 -0.589416
672
0 0 1 2 0 1 2 1
0 1 3 2 1 3 2 1
0 3 4 2 3 4 2 1
0 2 4 5 2 4 5 1
0 6 7 4 6 7 4 1
0 7 8 4 7 8 4 1
0 4 8 5 4 8 5 1
0 5 8 2 5 8 2 1
0 8 9 2 8 9 2 1
0 9 10 2 9 10 2 1
0 2 10 0 2 10 0 1
0 0 10 1 0 10 1 1
0 10 11 1 10 11 1 1
0 11 12 1 11 12 1 1
0 1 12 13 1 12 13 1
0 13 12 14 13 12 14 1
0 12 15 14 12 15 14 1
0 14 15 16 14 15 16 1
0 17 18 14 17 18 14 1
0 18 3 14 18 3 14 1
0 3 1 14 3 1 14 1
0 14 1 13 14 1 13 1
0 14 16 17 14 16 17 1
0 17 16 18 17 16 18 1
0 16 19 18 16 19 18 1
0 19 20 18 19 20 18 1
0 18 20 21 18 20 21 1
0 21 20 22 21 20 22 1
0 20 23 22 20 23 22 1
0 23 24 22 23 24 22 1
0 22 24 25 22 24 25 1
0 25 24 26 25 24 26 1
0 24 27 26 24 27 26 1
0 27 28 26 27 28 26 1
0 26 28 29 26 28 29 1
0 28 30 29 28 30 29 1
0 25 26 22 25 26 22 1
0 26 3 22 26 3 22 1
0 3 18 22 3 18 22 1
0 22 18 21 22 18 21 1
0 31 32 30 31 32 30 1
0 32 3 30 32 3 30 1
0 3 26 30 3 26 30 1
0 30 26 29 30 26 29 1
0 28 33 30 28 33 30 1
0 33 34 30 33 34 30 1
0 30 34 31 30 34 31 1
0 31 34 32 31 34 32 1
0 34 35 32 34 35 32 1
0 35 36 32 35 36 32 1
0 32 36 37 32 36 37 1
0 37 36 38 37 36 38 1
0 36 39 38 36 39 38 1
0 39 40 38 39 40 38 1
0 38 40 41 38 40 41 1
0 41 40 42 41 40 42 1
0 40 43 42 40 43 42 1
0 42 43 44 42 43 44 1
0 41 42 38 41 42 38 1
0 42 3 38 42 3 38 1
0 3 32 38 3 32 38 1
0 38 32 37 38 32 37 1
0 42 44 45 42 44 45 1
0 45 44 46 45 44 46 1
0 44 47 46 44 47 46 1
0 47 6 46 47 6 46 1
0 46 6 48 46 6 48 1
0 6 4 48 6 4 48 1
0 48 4 46 48 4 46 1
0 4 3 46 4 3 46 1
0 3 42 46 3 42 46 1
0 46 42 45 46 42 45 1
0 49 50 51 49 49 49 1
0 50 52 51 49 49 49 1
0 52 53 51 49 49 49 1
0 51 53 54 49 49 49 1
0 55 50 56 49 49 49 1
0 56 50 57 49 49 49 1
0 50 49 57 49 49 49 1
0 49 51 57 49 49 49 1
0 57 51 58 49 49 49 1
0 58 51 59 49 49 49 1
0 51 54 59 49 49 49 1
0 54 53 59 49 49 49 1
0 59 53 60 49 49 49 1
0 60 53 61 49 49 49 1
0 53 62 61 49 49 49 1
0 62 63 61 49 49 49 1
0 61 63 64 49 49 49 1
0 63 65 64 49 49 49 1
0 62 53 63 49 49 49 1
0 53 52 63 49 49 49 1
0 52 66 63 49 49 49 1
0 63 66 67 49 49 49 1
0 63 67 65 49 49 49 1
0 67 66 65 49 49 49 1
0 65 66 68 49 49 49 1
0 68 66 69 49 49 49 1
0 66 70 69 49 49 49 1
0 70 71 69 49 49 49 1
0 69 71 72 49 49 49 1
0 72 71 73 49 49 49 1
0 71 74 73 49 49 49 1
0 74 75 73 49 49 49 1
0 73 75 76 49 49 49 1
0 76 75 77 49 49 49 1
0 75 78 77 49 49 49 1
0 78 79 77 49 49 49 1
0 70 66 71 49 49 49 1
0 66 52 71 49 49 49 1
0 52 75 71 49 49 49 1
0 71 75 74 49 49 49 1
0 78 75 79 49 49 49 1
0 75 52 79 49 49 49 1
0 52 80 79 49 49 49 1
0 79 80 81 49 49 49 1
0 77 79 82 49 49 49 1
0 82 79 83 49 49 49 1
0 79 81 83 49 49 49 1
0 81 80 83 49 49 49 1
0 83 80 84 49 49 49 1
0 84 80 85 49 49 49 1
0 80 86 85 49 49 49 1
0 86 87 85 49 49 49 1
0 85 87 88 49 49 49 1
0 88 87 89 49 49 49 1
0 87 90 89 49 49 49 1
0 90 91 89 49 49 49 1
0 89 91 92 49 49 49 1
0 91 93 92 49 49 49 1
0 86 80 87 49 49 49 1
0 80 52 87 49 49 49 1
0 52 91 87 49 49 49 1
0 87 91 90 49 49 49 1
0 50 55 94 49 49 49 1
0 94 55 95 49 49 49 1
0 55 96 95 49 49 49 1
0 96 93 95 49 49 49 1
0 95 93 97 49 49 49 1
0 93 91 97 49 49 49 1
0 97 91 95 49 49 49 1
0 91 52 95 49 49 49 1
0 52 50 95 49 49 49 1
0 95 50 94 49 49 49 1
0 98 99 24 50 51 24 1
0 24 99 27 24 51 27 1
0 27 99 28 27 51 28 1
0 99 100 28 51 52 28 1
0 100 101 28 52 53 28 1
0 28 101 33 28 53 33 1
0 102 103 99 54 55 51 1
0 99 103 100 51 55 52 1
0 100 103 101 52 55 53 1
0 103 104 101 55 56 53 1
0 104 105 101 56 57 53 1
0 101 105 106 53 57 58 1
0 102 107 103 54 59 55 1
0 107 108 103 59 60 55 1
0 108 109 103 60 61 55 1
0 103 109 104 55 61 56 1
0 104 109 105 56 61 57 1
0 109 110 105 61 62 57 1
0 110 111 105 62 63 57 1
0 105 111 112 57 63 64 1
0 112 111 113 64 63 65 1
0 111 114 113 63 66 65 1
0 114 115 113 66 67 65 1
0 113 115 116 65 67 68 1
0 116 115 117 68 67 69 1
0 115 118 117 67 70 69 1
0 108 119 109 60 71 61 1
0 119 120 109 71 72 61 1
0 120 121 109 72 73 61 1
0 109 121 110 61 73 62 1
0 110 121 111 62 73 63 1
0 121 122 111 73 74 63 1
0 122 123 111 74 75 63 1
0 111 123 114 63 75 66 1
0 114 123 115 66 75 67 1
0 123 124 115 75 76 67 1
0 124 125 115 76 77 67 1
0 115 125 118 67 77 70 1
0 118 125 126 70 77 78 1
0 125 127 126 77 79 78 1
0 122 128 123 74 80 75 1
0 128 129 123 80 81 75 1
0 129 130 123 81 82 75 1
0 123 130 124 75 82 76 1
0 124 130 125 76 82 77 1
0 130 131 125 82 83 77 1
0 131 132 125 83 84 77 1
0 125 132 127 77 84 79 1
0 127 132 133 79 84 85 1
0 132 134 133 84 86 85 1
0 134 135 133 86 87 85 1
0 133 135 136 85 87 88 1
0 136 135 137 88 87 89 1
0 135 138 137 87 90 89 1
0 129 139 130 81 91 82 1
0 139 140 130 91 92 82 1
0 140 141 130 92 93 82 1
0 130 141 131 82 93 83 1
0 131 141 132 83 93 84 1
0 141 142 132 93 94 84 1
0 142 143 132 94 95 84 1
0 132 143 134 84 95 86 1
0 134 143 135 86 95 87 1
0 143 144 135 95 96 87 1
0 144 145 135 96 97 87 1
0 135 145 138 87 97 90 1
0 138 145 146 90 97 98 1
0 145 147 146 97 99 98 1
0 141 148 142 93 100 94 1
0 142 148 143 94 100 95 1
0 148 149 143 100 101 95 1
0 149 150 143 101 102 95 1
0 143 150 144 95 102 96 1
0 144 150 145 96 102 97 1
0 150 151 145 102 103 97 1
0 151 152 145 103 104 97 1
0 145 152 147 97 104 99 1
0 147 152 153 99 104 105 1
0 152 154 153 104 106 105 1
0 154 155 153 106 107 105 1
0 153 155 156 105 107 108 1
0 155 157 156 107 109 108 1
0 148 158 149 100 110 101 1
0 149 158 150 101 110 102 1
0 158 159 150 110 111 102 1
0 159 160 150 111 112 102 1
0 150 160 151 102 112 103 1
0 151 160 152 103 112 104 1
0 160 161 152 112 113 104 1
0 161 162 152 113 114 104 1
0 152 162 154 104 114 106 1
0 154 162 155 106 114 107 1
0 162 163 155 114 115 107 1
0 163 164 155 115 116 107 1
0 155 164 165 107 116 117 1
0 164 166 165 116 118 117 1
0 155 165 157 107 117 109 1
0 165 166 157 117 118 109 1
0 157 166 167 109 118 119 1
0 167 166 168 119 118 120 1
0 166 169 168 118 121 120 1
0 169 170 168 121 122 120 1
0 168 170 171 120 122 123 1
0 171 170 172 123 122 124 1
0 170 173 172 122 125 124 1
0 173 174 172 125 126 124 1
0 172 174 175 124 126 127 1
0 175 174 176 127 126 128 1
0 174 177 176 126 129 128 1
0 177 178 176 129 130 128 1
0 164 179 166 116 131 118 1
0 179 180 166 131 132 118 1
0 166 180 169 118 132 121 1
0 169 180 170 121 132 122 1
0 180 181 170 132 133 122 1
0 181 182 170 133 134 122 1
0 170 182 173 122 134 125 1
0 173 182 174 125 134 126 1
0 182 183 174 134 135 126 1
0 183 184 174 135 136 126 1
0 174 184 177 126 136 129 1
0 177 184 178 129 136 130 1
0 184 185 178 136 137 130 1
0 178 185 186 130 137 138 1
0 178 186 187 130 138 139 1
0 187 186 188 139 138 140 1
0 186 189 188 138 141 140 1
0 189 190 188 141 142 140 1
0 188 190 191 140 142 143 1
0 191 190 192 143 142 144 1
0 190 193 192 142 145 144 1
0 193 194 192 145 146 144 1
0 192 194 195 144 146 147 1
0 195 194 196 147 146 148 1
0 194 197 196 146 149 148 1
0 196 197 198 148 149 150 1
0 139 199 196 91 151 148 1
0 199 200 196 151 152 148 1
0 196 200 195 148 152 147 1
0 195 200 192 147 152 144 1
0 200 201 192 152 153 144 1
0 201 202 192 153 154 144 1
0 192 202 191 144 154 143 1
0 191 202 188 143 154 140 1
0 202 203 188 154 155 140 1
0 203 204 188 155 156 140 1
0 188 204 187 140 156 139 1
0 187 204 178 139 156 130 1
0 204 205 178 156 157 130 1
0 178 205 176 130 157 128 1
0 201 206 202 153 158 154 1
0 206 207 202 158 159 154 1
0 207 208 202 159 160 154 1
0 202 208 203 154 160 155 1
0 203 208 204 155 160 156 1
0 208 209 204 160 161 156 1
0 209 210 204 161 162 156 1
0 204 210 205 156 162 157 1
0 205 210 176 157 162 128 1
0 210 211 176 162 163 128 1
0 211 212 176 163 164 128 1
0 176 212 175 128 164 127 1
0 175 212 172 127 164 124 1
0 212 213 172 164 165 124 1
0 207 119 208 159 71 160 1
0 119 214 208 71 166 160 1
0 214 215 208 166 167 160 1
0 208 215 209 160 167 161 1
0 209 215 210 161 167 162 1
0 215 216 210 167 168 162 1
0 216 217 210 168 169 162 1
0 210 217 211 162 169 163 1
0 211 217 212 163 169 164 1
0 217 218 212 169 170 164 1
0 218 219 212 170 171 164 1
0 212 219 213 164 171 165 1
0 213 219 220 165 171 172 1
0 219 221 220 171 173 172 1
0 108 107 119 60 59 71 1
0 119 107 214 71 59 166 1
0 214 107 215 166 59 167 1
0 107 222 215 59 174 167 1
0 222 223 215 174 175 167 1
0 215 223 216 167 175 168 1
0 216 223 217 168 175 169 1
0 223 224 217 175 176 169 1
0 224 225 217 176 177 169 1
0 217 225 218 169 177 170 1
0 218 225 219 170 177 171 1
0 225 226 219 177 178 171 1
0 226 227 219 178 179 171 1
0 227 221 219 179 173 171 1
0 102 228 107 54 180 59 1
0 107 228 222 59 180 174 1
0 222 228 223 174 180 175 1
0 228 229 223 180 181 175 1
0 229 230 223 181 182 175 1
0 223 230 224 175 182 176 1
0 224 230 225 176 182 177 1
0 230 231 225 182 183 177 1
0 231 232 225 183 184 177 1
0 225 232 226 177 184 178 1
0 226 232 227 178 184 179 1
0 232 233 227 184 185 179 1
0 233 234 227 185 186 179 1
0 234 235 227 186 187 179 1
0 102 99 228 54 51 180 1
0 99 98 228 51 50 180 1
0 98 236 228 50 188 180 1
0 228 236 229 180 188 181 1
0 229 236 230 181 188 182 1
0 236 237 230 188 189 182 1
0 237 238 230 189 190 182 1
0 230 238 231 182 190 183 1
0 231 238 232 183 190 184 1
0 238 239 232 190 191 184 1
0 239 240 232 191 192 184 1
0 232 240 233 184 192 185 1
0 233 240 234 185 192 186 1
0 240 241 234 192 193 186 1
0 98 24 236 50 24 188 1
0 24 23 236 24 23 188 1
0 23 20 236 23 20 188 1
0 236 20 237 188 20 189 1
0 237 20 238 189 20 190 1
0 20 19 238 20 19 190 1
0 19 16 238 19 16 190 1
0 238 16 239 190 16 191 1
0 239 16 240 191 16 192 1
0 16 15 240 16 15 192 1
0 15 12 240 15 12 192 1
0 240 12 241 192 12 193 1
0 241 12 242 193 12 194 1
0 12 11 242 12 11 194 1
0 11 10 242 11 10 194 1
0 242 10 243 194 10 195 1
0 243 10 244 195 10 196 1
0 10 9 244 10 9 196 1
0 9 8 244 9 8 196 1
0 244 8 245 196 8 197 1
0 245 8 246 197 8 198 1
0 8 7 246 8 7 198 1
0 7 6 246 7 6 198 1
0 246 6 247 198 6 199 1
0 247 6 248 199 6 200 1
0 6 47 248 6 47 200 1
0 47 44 248 47 44 200 1
0 44 249 248 44 201 200 1
0 250 251 248 202 203 200 1
0 248 251 247 200 203 199 1
0 247 251 246 199 203 198 1
0 251 252 246 203 204 198 1
0 252 253 246 204 205 198 1
0 246 253 245 198 205 197 1
0 245 253 244 197 205 196 1
0 253 254 244 205 206 196 1
0 254 255 244 206 207 196 1
0 244 255 243 196 207 195 1
0 243 255 242 195 207 194 1
0 255 256 242 207 208 194 1
0 256 234 242 208 186 194 1
0 242 234 241 194 186 193 1
0 250 257 251 202 209 203 1
0 257 258 251 209 210 203 1
0 258 259 251 210 211 203 1
0 251 259 252 203 211 204 1
0 252 259 253 204 211 205 1
0 259 260 253 211 212 205 1
0 260 261 253 212 213 205 1
0 253 261 254 205 213 206 1
0 254 261 255 206 213 207 1
0 261 262 255 213 214 207 1
0 262 263 255 214 215 207 1
0 255 263 256 207 215 208 1
0 256 263 234 208 215 186 1
0 263 235 234 215 187 186 1
0 258 137 259 210 89 211 1
0 137 264 259 89 216 211 1
0 264 265 259 216 217 211 1
0 259 265 260 211 217 212 1
0 260 265 261 212 217 213 1
0 265 266 261 217 218 213 1
0 266 267 261 218 219 213 1
0 261 267 262 213 219 214 1
0 262 267 263 214 219 215 1
0 267 268 263 219 220 215 1
0 268 269 263 220 221 215 1
0 263 269 235 215 221 187 1
0 235 269 227 187 221 179 1
0 269 221 227 221 173 179 1
0 138 146 137 90 98 89 1
0 137 146 264 89 98 216 1
0 264 146 265 216 98 217 1
0 146 270 265 98 222 217 1
0 270 271 265 222 223 217 1
0 265 271 266 217 223 218 1
0 266 271 267 218 223 219 1
0 271 272 267 223 224 219 1
0 272 273 267 224 225 219 1
0 267 273 268 219 225 220 1
0 268 273 269 220 225 221 1
0 273 274 269 225 226 221 1
0 274 220 269 226 172 221 1
0 269 220 221 221 172 173 1
0 147 153 146 99 105 98 1
0 146 153 270 98 105 222 1
0 270 153 271 222 105 223 1
0 153 156 271 105 108 223 1
0 156 157 271 108 109 223 1
0 271 157 272 223 109 224 1
0 272 157 273 224 109 225 1
0 157 167 273 109 119 225 1
0 167 168 273 119 120 225 1
0 273 168 274 225 120 226 1
0 274 168 220 226 120 172 1
0 168 171 220 120 123 172 1
0 171 172 220 123 124 172 1
0 220 172 213 172 124 165 1
0 275 276 277 49 49 49 1
0 277 276 278 49 49 49 1
0 278 276 279 49 49 49 1
0 276 280 279 49 49 49 1
0 280 281 279 49 49 49 1
0 279 281 282 49 49 49 1
0 276 283 280 49 49 49 1
0 280 283 281 49 49 49 1
0 283 284 281 49 49 49 1
0 284 285 281 49 49 49 1
0 281 285 286 49 49 49 1
0 286 285 287 49 49 49 1
0 285 288 287 49 49 49 1
0 288 289 287 49 49 49 1
0 287 289 290 49 49 49 1
0 290 289 291 49 49 49 1
0 289 292 291 49 49 49 1
0 292 293 291 49 49 49 1
0 291 293 294 49 49 49 1
0 293 295 294 49 49 49 1
0 282 281 296 49 49 49 1
0 281 286 296 49 49 49 1
0 286 287 296 49 49 49 1
0 296 287 297 49 49 49 1
0 297 287 298 49 49 49 1
0 287 290 298 49 49 49 1
0 290 291 298 49 49 49 1
0 298 291 299 49 49 49 1
0 299 291 300 49 49 49 1
0 291 294 300 49 49 49 1
0 294 295 300 49 49 49 1
0 300 295 301 49 49 49 1
0 301 295 302 49 49 49 1
0 295 303 302 49 49 49 1
0 293 304 295 49 49 49 1
0 304 305 295 49 49 49 1
0 295 305 303 49 49 49 1
0 303 305 306 49 49 49 1
0 305 307 306 49 49 49 1
0 307 308 306 49 49 49 1
0 306 308 309 49 49 49 1
0 309 308 310 49 49 49 1
0 308 311 310 49 49 49 1
0 311 312 310 49 49 49 1
0 310 312 313 49 49 49 1
0 313 312 314 49 49 49 1
0 312 315 314 49 49 49 1
0 315 316 314 49 49 49 1
0 59 60 305 49 49 49 1
0 60 61 305 49 49 49 1
0 305 61 307 49 49 49 1
0 307 61 308 49 49 49 1
0 61 64 308 49 49 49 1
0 64 65 308 49 49 49 1
0 308 65 311 49 49 49 1
0 311 65 312 49 49 49 1
0 65 68 312 49 49 49 1
0 68 69 312 49 49 49 1
0 312 69 315 49 49 49 1
0 315 69 316 49 49 49 1
0 69 72 316 49 49 49 1
0 316 72 73 49 49 49 1
0 314 316 317 49 49 49 1
0 317 316 318 49 49 49 1
0 316 319 318 49 49 49 1
0 319 320 318 49 49 49 1
0 318 320 321 49 49 49 1
0 321 320 322 49 49 49 1
0 320 323 322 49 49 49 1
0 322 323 324 49 49 49 1
0 324 323 77 49 49 49 1
0 323 320 77 49 49 49 1
0 77 320 76 49 49 49 1
0 76 320 73 49 49 49 1
0 320 319 73 49 49 49 1
0 319 316 73 49 49 49 1
0 325 318 326 49 49 49 1
0 318 321 326 49 49 49 1
0 321 322 326 49 49 49 1
0 326 322 327 49 49 49 1
0 327 322 328 49 49 49 1
0 322 329 328 49 49 49 1
0 329 330 328 49 49 49 1
0 328 330 331 49 49 49 1
0 331 330 332 49 49 49 1
0 330 333 332 49 49 49 1
0 333 334 332 49 49 49 1
0 332 334 335 49 49 49 1
0 335 334 277 49 49 49 1
0 334 275 277 49 49 49 1
0 322 324 329 49 49 49 1
0 329 324 330 49 49 49 1
0 324 336 330 49 49 49 1
0 336 337 330 49 49 49 1
0 330 337 333 49 49 49 1
0 333 337 334 49 49 49 1
0 337 338 334 49 49 49 1
0 338 339 334 49 49 49 1
0 334 339 275 49 49 49 1
0 275 339 276 49 49 49 1
0 339 340 276 49 49 49 1
0 340 283 276 49 49 49 1
0 77 82 324 49 49 49 1
0 82 83 324 49 49 49 1
0 324 83 336 49 49 49 1
0 336 83 337 49 49 49 1
0 83 84 337 49 49 49 1
0 84 85 337 49 49 49 1
0 337 85 338 49 49 49 1
0 338 85 339 49 49 49 1
0 85 88 339 49 49 49 1
0 88 89 339 49 49 49 1
0 339 89 340 49 49 49 1
0 340 89 283 49 49 49 1
0 89 92 283 49 49 49 1
0 283 92 93 49 49 49 1
0 283 93 284 49 49 49 1
0 284 93 285 49 49 49 1
0 93 96 285 49 49 49 1
0 96 55 285 49 49 49 1
0 285 55 288 49 49 49 1
0 288 55 289 49 49 49 1
0 55 56 289 49 49 49 1
0 56 57 289 49 49 49 1
0 289 57 292 49 49 49 1
0 292 57 293 49 49 49 1
0 57 58 293 49 49 49 1
0 58 59 293 49 49 49 1
0 293 59 304 49 49 49 1
0 59 305 304 49 49 49 1
0 118 126 117 70 78 69 1
0 117 126 341 69 78 227 1
0 341 126 342 227 78 228 1
0 126 343 342 78 229 228 1
0 343 257 342 229 209 228 1
0 342 257 250 228 209 202 1
0 250 248 342 202 200 228 1
0 248 249 342 200 201 228 1
0 249 344 342 201 230 228 1
0 342 344 341 228 230 227 1
0 341 344 117 227 230 69 1
0 344 345 117 230 231 69 1
0 345 346 117 231 232 69 1
0 117 346 116 69 232 68 1
0 116 346 113 68 232 65 1
0 346 347 113 232 233 65 1
0 347 348 113 233 234 65 1
0 113 348 112 65 234 64 1
0 112 348 105 64 234 57 1
0 348 106 105 234 58 57 1
0 249 44 344 201 44 230 1
0 44 43 344 44 43 230 1
0 43 40 344 43 40 230 1
0 344 40 345 230 40 231 1
0 345 40 346 231 40 232 1
0 40 39 346 40 39 232 1
0 39 36 346 39 36 232 1
0 346 36 347 232 36 233 1
0 347 36 348 233 36 234 1
0 36 35 348 36 35 234 1
0 35 34 348 35 34 234 1
0 348 34 106 234 34 58 1
0 106 34 101 58 34 53 1
0 34 33 101 34 33 53 1
0 201 200 206 153 152 158 1
0 206 200 349 158 152 235 1
0 349 200 128 235 152 80 1
0 200 199 128 152 151 80 1
0 199 139 128 151 91 80 1
0 128 139 129 80 91 81 1
0 207 206 119 159 158 71 1
0 119 206 120 71 158 72 1
0 120 206 121 72 158 73 1
0 206 349 121 158 235 73 1
0 349 128 121 235 80 73 1
0 121 128 122 73 80 74 1
0 148 141 350 100 93 236 1
0 350 141 351 236 93 237 1
0 141 140 351 93 92 237 1
0 140 139 351 92 91 237 1
0 351 139 352 237 91 238 1
0 139 196 352 91 148 238 1
0 196 198 352 148 150 238 1
0 352 198 351 238 150 237 1
0 198 353 351 150 239 237 1
0 353 354 351 239 240 237 1
0 351 354 350 237 240 236 1
0 350 354 148 236 240 100 1
0 354 355 148 240 241 100 1
0 148 355 158 100 241 110 1
0 127 133 126 79 85 78 1
0 126 133 343 78 85 229 1
0 343 133 257 229 85 209 1
0 133 136 257 85 88 209 1
0 136 137 257 88 89 209 1
0 257 137 258 209 89 210 1
0 303 306 302 49 49 49 1
0 302 306 356 49 49 49 1
0 356 306 357 49 49 49 1
0 306 309 357 49 49 49 1
0 309 310 357 49 49 49 1
0 357 310 358 49 49 49 1
0 358 310 359 49 49 49 1
0 310 313 359 49 49 49 1
0 313 314 359 49 49 49 1
0 359 314 360 49 49 49 1
0 360 314 361 49 49 49 1
0 314 317 361 49 49 49 1
0 317 318 361 49 49 49 1
0 361 318 325 49 49 49 1

Materials: 1
"Tex_0009_0_dds"
0.000000 0.000000 0.000000 0.670000
0.000000 0.000000 0.000000 0.670000
1.000000 1.000000 1.000000 0.670000
1.000000 1.000000 1.000000 0.670000
0.185600
0.670000
"Luces.ini"
""

Bones: 0
GroupComments: 0
MaterialComments: 0
BoneComments: 0
ModelComment: 0
