// MilkShape 3D ASCII

Frames: 5150
Frame: 1

Meshes: 1
"Plane02" 0 0
4
0 10.231965 0.000000 10.274038 0.000000 0.000000 0
0 10.231965 0.000000 -10.274837 0.000000 1.000000 0
0 -10.227181 0.000000 -10.274837 1.000000 1.000000 0
0 -10.227181 0.000000 10.274038 1.000000 0.000000 0
1
0.000000 1.000000 0.000000
2
0 0 1 2 0 0 0 1
0 0 2 3 0 0 0 1

Materials: 1
"Material01"
0.200000 0.200000 0.200000 1.000000
0.800000 0.800000 0.800000 1.000000
0.000000 0.000000 0.000000 1.000000
1.000000 1.000000 1.000000 1.000000
0.000000
1.000000
"Tex_0031_0.png"
""

Bones: 1
"12.joint_HipMaster"
""
8 0.000000 0.000000 0.000000 0.000000 -0.000000 0.000000
0
0
GroupComments: 0
MaterialComments: 0
BoneComments: 0
ModelComment: 0
