// MilkShape 3D ASCII

Frames: 210
Frame: 147

Meshes: 1
"Plane01" 0 0
4
0 7.775608 23.422977 -0.000001 0.513533 0 0
0 7.775608 -0.501983 -0.000001 0.513533 1 0
0 -7.775608 -0.501983 0.000001 1.003973 1 0
0 -7.775608 23.422977 0.000001 1.003973 0 0
1
-0 0 -1
2
0 0 1 2 0 0 0 1
0 0 2 3 0 0 0 1

Materials: 1
"Tex_0000_2"
0.200000 0.200000 0.200000 1
0.800000 0.800000 0.800000 1
0 0 0 1
1 1 1 1
0
1
"Soda_Text_SN.png"
""

Bones: 1
"joint1"
""
8 0 0 0 0 -0 0
1
0 0 0 0
4
0 0 -0 0
60 0 -0 0
150 3.141592 -0 3.141592
180 0 -0 0
GroupComments: 0
MaterialComments: 0
BoneComments: 0
ModelComment: 0
