// MilkShape 3D ASCII

Frames: 30
Frame: 1

Meshes: 12
"Plane03" 0 0
4
0 77.349159 58.187500 -126.000000 0.548353 0.529565 -1
0 77.349159 4.812500 -126.000000 0.548353 1.014746 -1
0 -77.349159 4.812500 -126.000000 0.891945 1.014746 -1
0 -77.349159 58.187500 -126.000000 0.891945 0.529565 -1
1
0.000000 0.000000 -1.000000
2
0 0 1 2 0 0 0 1
0 0 2 3 0 0 0 1
"Duplicate13" 0 0
4
0 -147.793777 -63.612499 -3.986328 0.548353 0.529565 -1
0 -147.793777 -116.987495 -3.986328 0.548353 1.014746 -1
0 -70.444618 -116.987495 129.986343 0.891945 1.014746 -1
0 -70.444618 -63.612499 129.986343 0.891945 0.529565 -1
1
-0.866025 0.000000 0.500000
2
0 0 1 2 0 0 0 1
0 0 2 3 0 0 0 1
"Duplicate14" 0 0
4
0 70.444633 128.187500 129.986328 0.548353 0.529565 -1
0 70.444633 74.812500 129.986328 0.548353 1.014746 -1
0 147.793793 74.812500 -3.986351 0.891945 1.014746 -1
0 147.793793 128.187500 -3.986351 0.891945 0.529565 -1
1
0.866025 0.000000 0.500000
2
0 0 1 2 0 0 0 1
0 0 2 3 0 0 0 1
"Duplicate15" 0 0
4
0 131.088715 91.087502 68.371429 0.015429 0.529565 -1
0 131.088715 37.712498 68.371429 0.015429 1.014746 -1
0 120.297501 37.712498 -85.950111 0.494345 1.014746 -1
0 120.297501 91.087502 -85.950111 0.494345 0.529565 -1
1
0.997564 0.000000 -0.069756
2
0 0 1 2 0 0 0 1
0 0 2 3 0 0 0 1
"Duplicate16" 0 0
4
0 -6.332972 126.787498 -147.711868 0.015429 0.529565 -1
0 -6.332972 73.412498 -147.711868 0.015429 1.014746 -1
0 -134.583740 73.412498 -61.205627 0.494345 1.014746 -1
0 -134.583740 126.787498 -61.205627 0.494345 0.529565 -1
1
-0.559193 0.000000 -0.829038
2
0 0 1 2 0 0 0 1
0 0 2 3 0 0 0 1
"Duplicate17" 0 0
4
0 -124.755745 37.537498 79.340454 0.015429 0.529565 -1
0 -124.755745 -15.837500 79.340454 0.015429 1.014746 -1
0 14.286251 -15.837500 147.155746 0.494345 1.014746 -1
0 14.286251 37.537498 147.155746 0.494345 0.529565 -1
1
-0.438371 0.000000 0.898794
2
0 0 1 2 0 0 0 1
0 0 2 3 0 0 0 1
"Duplicate18" 0 0
4
0 -79.536423 92.837502 124.630981 -0.003246 0.054628 -1
0 -79.536423 39.462498 124.630981 -0.003246 0.480387 -1
0 75.138458 39.462498 127.330803 0.367024 0.480387 -1
0 75.138458 92.837502 127.330803 0.367024 0.054628 -1
1
-0.017452 0.000000 0.999848
2
0 0 1 2 0 0 0 1
0 0 2 3 0 0 0 1
"Duplicate19" 0 0
4
0 147.701813 174.037491 6.565063 -0.003246 0.054628 -1
0 147.701813 120.662498 6.565063 -0.003246 0.480387 -1
0 72.702477 120.662498 -128.737228 0.367024 0.480387 -1
0 72.702477 174.037491 -128.737228 0.367024 0.054628 -1
1
0.874620 0.000000 -0.484810
2
0 0 1 2 0 0 0 1
0 0 2 3 0 0 0 1
"Duplicate20" 0 0
4
0 -103.544922 50.837498 -105.533791 -0.003246 0.054628 -1
0 -103.544922 -2.537500 -105.533791 -0.003246 0.480387 -1
0 -140.969818 -2.537500 44.569492 0.367024 0.480387 -1
0 -140.969818 50.837498 44.569492 0.367024 0.054628 -1
1
-0.970296 0.000000 -0.241922
2
0 0 1 2 0 0 0 1
0 0 2 3 0 0 0 1
"Duplicate21" 0 0
4
0 89.911873 6.737500 117.366310 0.385984 0.054628 -1
0 89.911873 -46.637501 117.366310 0.385984 0.480387 -1
0 145.350876 -46.637501 -27.057388 1.031087 0.480387 -1
0 145.350876 6.737500 -27.057388 1.031087 0.054628 -1
1
0.933581 0.000000 0.358368
2
0 0 1 2 0 0 0 1
0 0 2 3 0 0 0 1
"Duplicate22" 0 0
4
0 56.686264 -28.962500 -136.549133 0.385984 0.054628 -1
0 56.686264 -82.337502 -136.549133 0.385984 0.480387 -1
0 -96.107834 -82.337502 -112.348854 1.031087 0.480387 -1
0 -96.107834 -28.962500 -112.348854 1.031087 0.054628 -1
1
-0.156435 0.000000 -0.987688
2
0 0 1 2 0 0 0 1
0 0 2 3 0 0 0 1
"Duplicate23" 0 0
4
0 -146.598145 203.437500 19.182831 0.385984 0.054628 -1
0 -146.598145 150.062500 19.182831 0.385984 0.480387 -1
0 -49.243038 150.062500 139.406265 1.031087 0.480387 -1
0 -49.243038 203.437500 139.406265 1.031087 0.054628 -1
1
-0.777146 0.000000 0.629321
2
0 0 1 2 0 0 0 1
0 0 2 3 0 0 0 1

Materials: 1
"Material02"
0.200000 0.200000 0.200000 1.000000
0.800000 0.800000 0.800000 1.000000
0.000000 0.000000 0.000000 1.000000
1.000000 1.000000 1.000000 1.000000
0.000000
1.000000
"Clouds.png"
""

Bones: 0
GroupComments: 0
MaterialComments: 0
BoneComments: 0
ModelComment: 0
