// MilkShape 3D ASCII

Frames: 30
Frame: 30

Meshes: 1
"Duplicate07" 0 0
4
0 -4.500009 4.500000 0 0.225423 0.013612 0
0 -4.500009 -4.500000 0 0.225423 0.657738 0
0 4.500009 -4.500000 0 0.402557 0.657738 0
0 4.500009 4.500000 0 0.402557 0.013612 0
1
0 0 1
2
0 0 1 2 0 0 0 1
0 0 2 3 0 0 0 1

Materials: 1
"Material03"
0.200000 0.200000 0.200000 0.870000
0.800000 0.800000 0.800000 0.870000
0 0 0 0.870000
1 1 1 0.870000
0
0.870000
"Tex_0000_2.png"
""

Bones: 2
"joint1"
""
8 0 0 0 0 -0 0
3
1 0 0 0
15 0 0 -1
30 0 0 0
3
1 0 -0 0
15 0 -0 0
30 0 -0 0
"joint2"
"joint1"
8 0 0 0 0 -0 0
4
1 0 0 0
15 0 0 0
22.500000 0 0 -1
30 0 0 0
4
1 0 -0 0
15 0 -0 0
25 0 -0 0
30 0 -0 0
GroupComments: 0
MaterialComments: 0
BoneComments: 0
ModelComment: 0
