// MilkShape 3D ASCII

Frames: 30
Frame: 1

Meshes: 4
"Box01" 0 2
20
0 -152.500000 143.500000 152.500000 0.993151 0.448118 -1
0 -152.500000 -143.500000 152.500000 0.993151 0.448127 -1
0 152.500000 143.500000 152.500000 0.994650 0.448118 -1
0 152.500000 -143.500000 152.500000 0.994650 0.448127 -1
0 152.500000 143.500000 152.500000 0.993151 0.448118 -1
0 152.500000 -143.500000 152.500000 0.993151 0.448127 -1
0 152.500000 143.500000 -152.500000 0.994650 0.448118 -1
0 152.500000 -143.500000 -152.500000 0.994650 0.448127 -1
0 152.500000 143.500000 -152.500000 0.993151 0.448118 -1
0 152.500000 -143.500000 -152.500000 0.993151 0.448127 -1
0 -152.500000 143.500000 -152.500000 0.994650 0.448118 -1
0 -152.500000 -143.500000 -152.500000 0.994650 0.448127 -1
0 -152.500000 143.500000 -152.500000 0.993151 0.448118 -1
0 -152.500000 -143.500000 -152.500000 0.993151 0.448127 -1
0 -152.500000 143.500000 152.500000 0.994650 0.448118 -1
0 -152.500000 -143.500000 152.500000 0.994650 0.448127 -1
0 -152.500000 143.500000 152.500000 0.993151 0.448127 -1
0 152.500000 143.500000 152.500000 0.994650 0.448127 -1
0 -152.500000 -143.500000 152.500000 0.993151 0.448118 -1
0 152.500000 -143.500000 152.500000 0.994650 0.448118 -1
6
0 0 1
1 0 0
0 0 -1
-1 0 0
0 1 0
0 -1 0
12
0 0 1 2 0 0 0 1
0 1 3 2 0 0 0 1
0 4 5 6 1 1 1 2
0 5 7 6 1 1 1 2
0 8 9 10 2 2 2 1
0 9 11 10 2 2 2 1
0 12 13 14 3 3 3 2
0 13 15 14 3 3 3 2
0 12 16 6 4 4 4 3
0 16 17 6 4 4 4 3
0 18 13 19 5 5 5 3
0 13 7 19 5 5 5 3
"default" 0 1
60
0 21.550528 -1.590989 -21.599348 0.993205 0.784975 -1
0 21.636972 -1.590989 21.595566 0.993205 0.004842 -1
0 -21.558046 -1.590989 21.681986 0.920103 0.004842 -1
0 -21.644503 -1.590989 -21.512938 0.920103 0.784975 -1
0 -21.508743 44.929482 22.247004 0.003982 0.004087 -1
0 -21.558043 1.524865 21.681396 0.003982 0.790080 -1
0 21.636972 1.524865 21.595020 0.909115 0.790080 -1
0 21.686159 44.881134 22.175362 0.909115 0.004087 -1
0 -21.558043 1.524865 21.681396 0.791640 0.098590 -1
0 -21.508743 44.929482 22.247004 0.791639 0.564272 -1
0 -21.513876 44.970772 19.130522 0.825241 0.564272 -1
0 -21.563122 1.779311 18.557846 0.825241 0.098590 -1
0 -21.508743 44.929482 22.247004 0.000181 0.191980 -1
0 21.686159 44.881134 22.175362 0.465863 0.191980 -1
0 21.681091 44.922417 19.058899 0.465863 0.158378 -1
0 -21.513876 44.970772 19.130522 0.000181 0.158379 -1
0 21.686159 44.881134 22.175362 0.000181 0.124054 -1
0 21.636972 1.524865 21.595020 0.465862 0.124054 -1
0 21.631865 1.731020 18.486223 0.465862 0.090452 -1
0 21.681091 44.922417 19.058899 0.000181 0.090452 -1
0 20.803888 -0.842828 -20.849756 0.993205 0.784975 -1
0 -20.894814 -0.842828 -20.766302 0.920103 0.784975 -1
0 -20.811415 -0.842916 20.932297 0.920103 0.004842 -1
0 20.887320 -0.842916 20.848906 0.993205 0.004842 -1
0 20.887320 -0.842916 20.848906 0.982680 0.858993 -1
0 20.697760 1.792003 20.743114 0.978300 0.813787 -1
0 20.636089 1.525791 -20.681253 0.976875 0.818354 -1
0 20.803888 -0.842828 -20.849756 0.980752 0.858992 -1
0 -20.811415 -0.842916 20.932297 0.019248 0.858993 -1
0 -20.622280 1.792003 20.825766 0.023618 0.813787 -1
0 -20.726341 1.525791 -20.598484 0.021214 0.818354 -1
0 -20.894814 -0.842828 -20.766302 0.017321 0.858992 -1
0 -20.762699 44.190475 21.487749 0.912185 0.004087 -1
0 20.935974 44.143753 21.418577 0.004819 0.004087 -1
0 20.697760 1.792003 20.743114 0.004819 0.790080 -1
0 -20.622280 1.792003 20.825766 0.912185 0.790080 -1
0 -20.622280 1.792003 20.825766 0.791640 0.098590 -1
0 -20.267345 1.777857 18.555691 0.825241 0.098590 -1
0 -20.598648 44.053497 19.116789 0.825241 0.564272 -1
0 -20.762699 44.190475 21.487749 0.791639 0.564272 -1
0 -20.762699 44.190475 21.487749 0.000181 0.191980 -1
0 -20.598648 44.053497 19.116789 0.000181 0.158379 -1
0 20.763735 44.007233 19.048241 0.465863 0.158378 -1
0 20.935974 44.143753 21.418577 0.465863 0.191980 -1
0 20.935974 44.143753 21.418577 0.000181 0.124054 -1
0 20.763735 44.007233 19.048241 0.000181 0.090452 -1
0 20.335995 1.732458 18.488390 0.465862 0.090452 -1
0 20.697760 1.792003 20.743114 0.465862 0.124054 -1
0 21.636972 1.524865 21.595020 1 0.818371 -1
0 21.550528 1.525791 -21.599348 0.998003 0.818354 -1
0 -21.644503 1.525791 -21.512938 0 0.818354 -1
0 -21.558043 1.524865 21.681396 0.001998 0.818371 -1
0 21.631865 1.731020 18.486223 0.999882 0.018026 -1
0 21.636972 1.524865 21.595020 1 0.078965 -1
0 20.697760 1.792003 20.743114 0.978300 0 -1
0 20.335995 1.732458 18.488390 0.969941 0.017601 -1
0 -21.558043 1.524865 21.681396 0.001998 0.078965 -1
0 -21.563122 1.779311 18.557846 0.001880 0.003752 -1
0 -20.267345 1.777857 18.555691 0.031819 0.004182 -1
0 -20.622280 1.792003 20.825766 0.023618 0 -1
52
0 -1 0
0.001821 -0.013209 0.999911
0.002000 -0.013032 0.999913
0.001643 -0.013386 0.999909
-0.999998 0.001116 0.001689
-0.999998 0.001114 0.001662
-0.895178 0.006928 -0.445655
-0.448720 0.012359 -0.893587
0.001141 0.999912 0.013245
0.001141 0.999912 0.013244
0.000286 0.900276 -0.435319
-0.000959 0.459069 -0.888400
0.999998 -0.001115 -0.001679
0.999998 -0.001111 -0.001717
0.893682 0.004933 -0.448674
0.445753 0.011359 -0.895084
0 1 0.000002
0 1 0.000002
0 1 0.000002
-0.892015 -0.081632 -0.444574
-0.317166 0.354804 -0.879500
-0.505978 0.810996 0.293720
-0.443416 -0.094816 0.891287
0.443763 -0.067983 -0.893562
0.644793 0.664841 -0.377131
0.282464 0.781206 0.556714
0.891258 -0.095197 0.443392
-0.001820 0.015780 -0.999874
-0.001641 0.015956 -0.999871
-0.002000 0.015605 -0.999876
0.993726 0.003964 0.111773
0.759161 0.014586 -0.650739
0.744638 0.012937 -0.667343
0.997621 0.002228 0.068898
-0.001022 -0.998340 0.057590
-0.001954 -0.722596 -0.691268
-0.001955 -0.722597 -0.691267
-0.001023 -0.998341 0.057574
-0.993317 0.006089 0.115254
-0.732569 0.016424 -0.680495
-0.746881 0.014534 -0.664799
-0.987380 0.003028 0.158343
0.140965 0.990009 -0.003316
0.000007 1 0.000007
-0.089991 0.995941 -0.001975
-0.274028 0.961721 0.000569
-0.110664 -0.993677 -0.018953
-0.218701 -0.973677 -0.064209
-0.001065 -0.999646 0.026571
0.162532 -0.986621 -0.012742
-0.001253 -0.996698 -0.081189
0.321180 -0.945354 0.056109
44
0 0 1 2 0 0 0 1
0 0 2 3 0 0 0 1
0 4 5 6 1 2 1 1
0 4 6 7 1 1 3 1
0 8 9 10 4 5 6 1
0 8 10 11 4 6 7 1
0 12 13 14 8 9 10 1
0 12 14 15 8 10 11 1
0 16 17 18 12 13 14 1
0 16 18 19 12 14 15 1
0 20 21 22 16 17 16 1
0 20 22 23 16 16 18 1
0 24 25 26 19 20 21 1
0 24 26 27 19 21 22 1
0 28 29 25 23 24 20 1
0 28 25 24 23 20 19 1
0 27 26 30 22 21 25 1
0 27 30 31 22 25 26 1
0 31 30 29 26 25 24 1
0 31 29 28 26 24 23 1
0 32 33 34 27 28 27 1
0 32 34 35 27 27 29 1
0 36 37 38 30 31 32 1
0 36 38 39 30 32 33 1
0 40 41 42 34 35 36 1
0 40 42 43 34 36 37 1
0 44 45 46 38 39 40 1
0 44 46 47 38 40 41 1
0 48 49 26 42 43 21 1
0 48 26 25 42 21 20 1
0 49 50 30 43 44 25 1
0 49 30 26 43 25 21 1
0 50 51 29 44 45 24 1
0 50 29 30 44 24 25 1
0 52 53 54 46 47 46 1
0 52 54 55 46 46 48 1
0 11 10 38 7 6 32 1
0 11 38 37 7 32 31 1
0 15 14 42 11 10 36 1
0 15 42 41 11 36 35 1
0 19 18 46 15 14 40 1
0 19 46 45 15 40 39 1
0 56 57 58 49 50 49 1
0 56 58 59 49 49 51 1
"pizza" 0 0
33
0 -20.827536 -0.037089 0.082991 0.767833 0.113920 -1
0 -19.258366 -0.037089 -7.889109 0.593329 0.050864 -1
0 -0.003753 -0.037089 0.041316 0.503906 0.509765 -1
0 19.218987 -0.037089 -7.966091 0.112493 0.767643 -1
0 20.820011 -0.037089 -0.000339 0.248769 0.890963 -1
0 -19.226450 -0.037089 8.048717 0.899226 0.245052 -1
0 14.691413 -0.037089 -14.712775 0.043236 0.603046 -1
0 -14.698930 -0.037089 14.795384 0.963460 0.418810 -1
0 7.926650 -0.037089 -19.213299 0.037192 0.417413 -1
0 -7.934170 -0.037089 19.295904 0.960777 0.602118 -1
0 -0.045431 -0.037089 -20.782463 0.117826 0.250722 -1
0 8.003646 -0.037089 19.264015 0.768620 0.905085 -1
0 0.037899 -0.037089 20.865070 0.899752 0.773692 -1
0 -8.011164 -0.037089 -19.181402 0.243099 0.129094 -1
0 14.750302 -0.037089 14.736501 0.597187 0.976295 -1
0 -14.757829 -0.037089 -14.653859 0.400860 0.056908 -1
0 19.250854 -0.037089 7.971744 0.411554 0.976480 -1
0 -20.827536 -1.432877 0.082991 0.752995 0.136978 -1
0 -19.258366 -1.432877 -7.889109 0.588445 0.077846 -1
0 19.218987 -1.432877 -7.966091 0.135025 0.752018 -1
0 20.820011 -1.432877 -0.000339 0.263607 0.867904 -1
0 -19.226450 -1.432877 8.048717 0.876693 0.260677 -1
0 14.691413 -1.432877 -14.712775 0.070033 0.597234 -1
0 -14.698930 -1.432877 14.795384 0.936663 0.424622 -1
0 7.926650 -1.432877 -19.213299 0.064174 0.422297 -1
0 -7.934170 -1.432877 19.295904 0.933796 0.597234 -1
0 -0.045431 -1.432877 -20.782463 0.140885 0.265560 -1
0 8.003646 -1.432877 19.264015 0.752995 0.882553 -1
0 0.037899 -1.432877 20.865070 0.876694 0.758854 -1
0 -8.011164 -1.432877 -19.181402 0.258724 0.151627 -1
0 14.750302 -1.432877 14.736501 0.591375 0.949498 -1
0 -14.757829 -1.432877 -14.653859 0.406672 0.083705 -1
0 19.250854 -1.432877 7.971744 0.416438 0.949498 -1
33
0.825679 -0.561313 -0.056408
0.784414 -0.561313 0.263862
0 -1 0
-0.741243 -0.561313 0.368086
-0.825680 -0.561312 0.056403
0.741243 -0.561312 -0.368086
-0.543958 -0.561312 0.623729
0.543959 -0.561313 -0.623728
-0.263862 -0.561313 0.784414
0.263862 -0.561313 -0.784414
0.056406 -0.561313 0.825679
-0.368085 -0.561313 -0.741243
-0.056405 -0.561313 -0.825680
0.368087 -0.561313 0.741243
-0.623727 -0.561312 -0.543961
0.623728 -0.561312 0.543960
-0.784414 -0.561313 -0.263862
0.997940 0 0.064161
0.897421 0 0.441175
-0.946530 0 0.322615
-0.997939 0 -0.064163
0.946529 0 -0.322619
-0.751018 0 0.660282
0.751020 0 -0.660280
-0.441173 0 0.897422
0.441173 0 -0.897422
-0.064162 0 0.997940
-0.322616 0 -0.946530
0.064162 0 -0.997939
0.322617 0 0.946530
-0.660279 0 -0.751021
0.660280 0 0.751019
-0.897421 0 -0.441175
48
0 0 1 2 0 1 2 1
0 3 4 2 3 4 2 1
0 5 0 2 5 0 2 1
0 6 3 2 6 3 2 1
0 7 5 2 7 5 2 1
0 8 6 2 8 6 2 1
0 9 7 2 9 7 2 1
0 10 8 2 10 8 2 1
0 11 12 2 11 12 2 1
0 12 9 2 12 9 2 1
0 13 10 2 13 10 2 1
0 14 11 2 14 11 2 1
0 15 13 2 15 13 2 1
0 16 14 2 16 14 2 1
0 1 15 2 1 15 2 1
0 4 16 2 4 16 2 1
0 17 18 1 17 18 1 1
0 17 1 0 17 1 0 1
0 19 20 4 19 20 4 1
0 19 4 3 19 4 3 1
0 21 17 0 21 17 0 1
0 21 0 5 21 0 5 1
0 22 19 3 22 19 3 1
0 22 3 6 22 3 6 1
0 23 21 5 23 21 5 1
0 23 5 7 23 5 7 1
0 24 22 6 24 22 6 1
0 24 6 8 24 6 8 1
0 25 23 7 25 23 7 1
0 25 7 9 25 7 9 1
0 26 24 8 26 24 8 1
0 26 8 10 26 8 10 1
0 27 28 12 27 28 12 1
0 27 12 11 27 12 11 1
0 28 25 9 28 25 9 1
0 28 9 12 28 9 12 1
0 29 26 10 29 26 10 1
0 29 10 13 29 10 13 1
0 30 27 11 30 27 11 1
0 30 11 14 30 11 14 1
0 31 29 13 31 29 13 1
0 31 13 15 31 13 15 1
0 32 30 14 32 30 14 1
0 32 14 16 32 14 16 1
0 18 31 15 18 31 15 1
0 18 15 1 18 15 1 1
0 20 32 16 20 32 16 1
0 20 16 4 20 16 4 1
"Duplicate00" 0 1
16
0 21.636972 -1.590989 21.595566 0.009722 1.000513 -1
0 21.550528 -1.590989 -21.599348 0.691406 1.000513 -1
0 21.550528 1.525791 -21.599348 0.691406 0.884312 -1
0 21.636972 1.524865 21.595020 0.009709 0.884335 -1
0 -21.558046 -1.590989 21.681986 0.154341 1.000733 -1
0 21.636972 -1.590989 21.595566 1 1.000733 -1
0 21.636972 1.524865 21.595020 1 0.884777 -1
0 -21.558043 1.524865 21.681396 0.154341 0.884777 -1
0 21.550528 -1.590989 -21.599348 0.179643 1.000733 -1
0 -21.644503 -1.590989 -21.512938 0.998047 1.000733 -1
0 -21.644503 1.525791 -21.512938 0.998047 0.884760 -1
0 21.550528 1.525791 -21.599348 0.179643 0.884760 -1
0 -21.644503 -1.590989 -21.512938 0.693403 1.000513 -1
0 -21.558046 -1.590989 21.681986 0.011719 1.000513 -1
0 -21.558043 1.524865 21.681396 0.011705 0.884335 -1
0 -21.644503 1.525791 -21.512938 0.693403 0.884312 -1
10
0.999998 -0 -0.002001
0.999998 0 -0.002001
0.999998 -0 -0.002001
0.002000 0.000182 0.999998
0.002001 0.000175 0.999998
0.002000 0.000189 0.999998
-0.002000 0 -0.999998
-0.999998 0.000001 0.002002
-0.999998 0.000002 0.002002
-0.999998 0 0.002002
8
0 0 1 2 0 1 0 1
0 0 2 3 0 0 2 1
0 4 5 6 3 4 3 1
0 4 6 7 3 3 5 1
0 8 9 10 6 6 6 1
0 8 10 11 6 6 6 1
0 12 13 14 7 8 7 1
0 12 14 15 7 7 9 1

Materials: 3
"Tex_0000_0"
0.200000 0.200000 0.200000 1
0.800000 0.800000 0.800000 1
0 0 0 1
1 1 1 1
0
1
"Tex_0000_0.png"
""
"Tex_0000_1"
0.200000 0.200000 0.200000 1
0.800000 0.800000 0.800000 1
0 0 0 1
1 1 1 1
0
1
"Tex_0000_1.png"
""
"Tex_0000_2"
0.200000 0.200000 0.200000 1
0.800000 0.800000 0.800000 1
0 0 0 1
1 1 1 1
0
1
"Tex_0000_2.png"
""

Bones: 0
GroupComments: 0
MaterialComments: 0
BoneComments: 0
ModelComment: 0
