Meshes: 1
"Tex_0006_0_dds" 0 3
195
0 -0.340620 32.065838 22.670977 0.339111 1.802246 0
0 -0.302954 32.017353 22.535049 0.358398 1.812500 0
0 -0.060955 31.947346 22.390125 0.399902 1.802246 0
0 0.181045 32.017345 22.535046 0.358398 1.812500 0
0 0.218710 32.065838 22.670977 0.339111 1.802246 0
0 0.278640 34.982906 23.659451 0.894531 1.710449 0
0 -0.060955 31.947346 22.390125 0.875488 1.920410 0
0 -0.400545 34.982906 23.659451 0.851074 1.710938 0
0 -3.662567 36.954266 32.847317 0.318359 1.791992 0
0 -3.784025 37.152733 32.847836 0.320312 1.795410 0
0 -3.073423 35.947605 29.007660 0.530273 1.791016 0
0 -3.223834 36.127922 28.932653 0.532715 1.794922 0
0 -2.266852 34.220787 25.345098 0.532715 1.791992 0
0 -2.101080 34.093311 25.508263 0.530762 1.795410 0
0 -3.223834 36.127922 28.932653 0.320557 1.791016 0
0 -3.073423 35.947605 29.007660 0.318359 1.794922 0
0 -0.889869 32.268997 23.119392 0.532715 1.791992 0
0 -0.842656 32.296169 23.308281 0.530762 1.795410 0
0 -1.868255 33.647171 24.687281 0.320557 1.791016 0
0 -1.733047 33.567722 24.864868 0.318359 1.794922 0
0 -0.302954 32.017353 22.535049 0.532715 1.791992 0
0 -0.340620 32.065838 22.670977 0.530762 1.795410 0
0 -0.889869 32.268997 23.119392 0.320557 1.791016 0
0 -0.842656 32.296169 23.308281 0.318359 1.794922 0
0 -0.060955 37.928749 32.410610 0.771484 1.204834 0
0 -0.876059 37.928749 32.410614 0.784180 1.204712 0
0 -0.060955 36.697227 28.380581 0.780273 1.133789 0
0 -0.734955 36.697227 28.380581 0.791016 1.134521 0
0 -0.514222 34.489197 24.980507 0.800293 1.069458 0
0 -0.060955 34.489212 24.980507 0.792969 1.068298 0
0 -0.230053 32.336433 22.957935 0.807617 1.024414 0
0 -0.060955 32.336426 22.957935 0.804688 1.023956 0
0 -0.431114 33.859627 24.389002 0.802246 1.056305 0
0 -0.060955 33.859627 24.389006 0.796387 1.055328 0
0 -0.108924 32.045311 22.471918 0.807129 1.014877 0
0 -0.060955 32.045311 22.471918 0.806641 1.014755 0
0 -0.340620 32.065838 22.670977 0.810547 1.018631 0
0 -0.842656 32.296169 23.308281 0.816895 1.031067 0
0 -1.733047 33.567722 24.864868 0.824219 1.065063 0
0 -2.101080 34.093311 25.508263 0.827148 1.079102 0
0 -3.073423 35.947605 29.007660 0.831055 1.146484 0
0 -3.662567 36.954266 32.847317 0.832520 1.212524 0
0 -0.060955 31.947346 22.390125 0.807129 1.012894 0
0 -2.266852 34.220787 25.345098 0.318359 1.794922 0
0 -1.868255 33.647171 24.687281 0.530762 1.795410 0
0 -2.101080 34.093311 25.508263 0.320557 1.791016 0
0 -1.733047 33.567722 24.864868 0.532715 1.791992 0
0 -0.917877 39.623058 28.160858 0.993652 1.263916 0
0 -0.755409 38.027351 26.361080 0.993652 1.736816 0
0 -1.059741 39.430550 28.179310 0.968750 1.270996 0
0 -0.879781 37.890141 26.384809 0.969238 1.736816 0
0 -1.156466 41.288597 32.790218 0.945801 1.292236 0
0 -1.160557 41.490799 32.731232 0.956543 1.281250 0
0 -0.917877 39.623058 28.160858 0.943848 1.665527 0
0 -0.932236 39.723923 27.992737 0.956543 1.668457 0
0 -1.059741 39.430550 28.179310 0.945801 1.292236 0
0 -1.168506 39.435890 28.055199 0.956543 1.281250 0
0 -1.328022 41.053444 32.775139 0.943848 1.665527 0
0 -1.444348 41.114048 32.736988 0.956543 1.668457 0
0 -0.755409 38.027351 26.361080 0.945801 1.292236 0
0 -0.736572 37.985485 26.126831 0.956543 1.281250 0
0 -0.879781 37.890141 26.384809 0.943848 1.665527 0
0 -0.938660 37.785110 26.195633 0.956543 1.668457 0
0 -0.879781 37.890141 26.384809 0.945801 1.292236 0
0 -0.938660 37.785110 26.195633 0.956543 1.281250 0
0 -1.059741 39.430550 28.179310 0.943848 1.665527 0
0 -1.168506 39.435890 28.055199 0.956543 1.668457 0
0 -0.917877 39.623058 28.160858 0.945801 1.292236 0
0 -0.932236 39.723923 27.992737 0.956543 1.281250 0
0 -0.755409 38.027351 26.361080 0.943848 1.665527 0
0 -0.736572 37.985485 26.126831 0.956543 1.668457 0
0 0.795972 39.623058 28.160858 0.993652 1.736816 0
0 1.034562 41.288597 32.790218 0.993652 1.263916 0
0 0.937837 39.430550 28.179310 0.969238 1.736816 0
0 1.206117 41.053444 32.775139 0.968750 1.270996 0
0 3.101930 36.127922 28.932653 0.532715 1.794922 0
0 3.662121 37.152733 32.847836 0.320312 1.795410 0
0 2.951519 35.947605 29.007660 0.530273 1.791016 0
0 3.540662 36.954266 32.847317 0.318359 1.791992 0
0 2.951519 35.947605 29.007660 0.318359 1.794922 0
0 1.979171 34.093311 25.508263 0.530762 1.795410 0
0 3.101930 36.127922 28.932653 0.320557 1.791016 0
0 2.144948 34.220787 25.345106 0.532715 1.791992 0
0 1.611142 33.567722 24.864868 0.318359 1.794922 0
0 0.720751 32.296169 23.308281 0.530762 1.795410 0
0 1.746350 33.647171 24.687281 0.320557 1.791016 0
0 0.767960 32.268982 23.119396 0.532715 1.791992 0
0 0.720751 32.296169 23.308281 0.318359 1.794922 0
0 0.218710 32.065838 22.670977 0.530762 1.795410 0
0 0.767960 32.268982 23.119396 0.320557 1.791016 0
0 0.181045 32.017345 22.535046 0.532715 1.791992 0
0 0.613050 36.697227 28.380581 0.791016 1.134521 0
0 0.754154 37.928749 32.410610 0.784180 1.204712 0
0 0.392313 34.489197 24.980507 0.800293 1.069458 0
0 0.309209 33.859627 24.389006 0.802246 1.056305 0
0 0.108144 32.336433 22.957935 0.807617 1.024414 0
0 -0.012981 32.045311 22.471918 0.807129 1.014877 0
0 0.720751 32.296169 23.308281 0.816895 1.031067 0
0 0.218710 32.065838 22.670977 0.810547 1.018631 0
0 1.611142 33.567722 24.864868 0.824219 1.065063 0
0 2.951519 35.947605 29.007660 0.831055 1.146484 0
0 1.979171 34.093311 25.508263 0.827148 1.079102 0
0 3.540662 36.954266 32.847317 0.832520 1.212524 0
0 1.611142 33.567722 24.864868 0.532715 1.791992 0
0 1.746350 33.647171 24.687281 0.530762 1.795410 0
0 1.979171 34.093311 25.508263 0.320557 1.791016 0
0 2.144948 34.220787 25.345106 0.318359 1.794922 0
0 0.757876 37.890141 26.384809 0.969238 1.736816 0
0 0.633500 38.027351 26.361080 0.993652 1.736816 0
0 0.937837 39.430550 28.179310 0.968750 1.270996 0
0 0.795972 39.623058 28.160858 0.993652 1.263916 0
0 0.810332 39.723923 27.992737 0.956543 1.668457 0
0 1.038653 41.490799 32.731224 0.956543 1.281250 0
0 0.795972 39.623058 28.160858 0.943848 1.665527 0
0 1.034562 41.288597 32.790218 0.945801 1.292236 0
0 1.322443 41.114048 32.736988 0.956543 1.668457 0
0 1.046601 39.435890 28.055199 0.956543 1.281250 0
0 1.206117 41.053444 32.775139 0.943848 1.665527 0
0 0.937837 39.430550 28.179310 0.945801 1.292236 0
0 0.816751 37.785110 26.195633 0.956543 1.668457 0
0 0.614667 37.985485 26.126831 0.956543 1.281250 0
0 0.757876 37.890141 26.384809 0.943848 1.665527 0
0 0.633500 38.027351 26.361080 0.945801 1.292236 0
0 1.046601 39.435890 28.055199 0.956543 1.668457 0
0 0.816751 37.785110 26.195633 0.956543 1.281250 0
0 0.937837 39.430550 28.179310 0.943848 1.665527 0
0 0.757876 37.890141 26.384809 0.945801 1.292236 0
0 0.614667 37.985485 26.126831 0.956543 1.668457 0
0 0.810332 39.723923 27.992737 0.956543 1.281250 0
0 0.633500 38.027351 26.361080 0.943848 1.665527 0
0 0.795972 39.623058 28.160858 0.945801 1.292236 0
0 0.338253 40.054173 27.927179 0.882812 1.603516 0
0 -0.460163 40.054173 27.927176 0.857910 1.603516 0
0 0.407090 41.993759 32.743355 0.894043 1.286377 0
0 -0.528999 41.993759 32.743355 0.846191 1.286377 0
0 0.146671 36.293777 24.207106 0.882812 1.603516 0
0 -0.268575 36.293777 24.207102 0.857910 1.603516 0
0 0.338253 40.054173 27.927179 0.894043 1.286377 0
0 -0.460163 40.054173 27.927176 0.846191 1.286377 0
0 0.103012 35.369774 23.743500 0.882812 1.685547 0
0 -0.224917 35.369774 23.743500 0.861816 1.686035 0
0 0.146671 36.293777 24.207106 0.884766 1.620117 0
0 -0.268575 36.293777 24.207102 0.858398 1.620605 0
0 0.181045 32.017345 22.535046 0.890625 1.912598 0
0 0.888791 34.631302 23.861713 0.933594 1.727051 0
0 0.767960 32.268982 23.119396 0.927734 1.885254 0
0 1.746350 33.647171 24.687281 0.988770 1.768555 0
0 -1.010695 34.631302 23.861713 0.812500 1.728516 0
0 -0.302954 32.017353 22.535049 0.859863 1.913086 0
0 -1.868255 33.647171 24.687281 0.758301 1.771484 0
0 -0.889869 32.268997 23.119392 0.822266 1.886230 0
0 -1.328022 41.053444 32.775139 0.968750 1.270996 0
0 -1.156466 41.288597 32.790218 0.993652 1.263916 0
0 -1.059741 39.430550 28.179310 0.969238 1.736816 0
0 -0.917877 39.623058 28.160858 0.993652 1.736816 0
0 -0.268575 36.293777 24.207102 0.163696 1.682129 0
0 -0.224917 35.369774 23.743500 0.169922 1.666504 0
0 -0.540911 36.247051 24.260918 0.165527 1.680664 0
0 -0.400545 34.982906 23.659451 0.174072 1.660156 0
0 -0.736572 37.985485 26.126831 0.165771 1.722168 0
0 -0.932236 39.723923 27.992737 0.166138 1.763672 0
0 -0.460163 40.054173 27.927176 0.160278 1.768555 0
0 -0.528999 41.993759 32.743355 0.192261 1.849609 0
0 -1.160557 41.490799 32.731232 0.199829 1.841309 0
0 0.614667 37.985485 26.126831 0.165771 1.722168 0
0 0.816751 37.785110 26.195633 0.169556 1.719727 0
0 0.419006 36.247051 24.260921 0.165527 1.680664 0
0 1.181326 35.735302 24.602123 0.177490 1.675781 0
0 0.888791 34.631302 23.861713 0.182129 1.655762 0
0 0.278640 34.982906 23.659451 0.174072 1.660156 0
0 -1.010695 34.631302 23.861713 0.182129 1.655762 0
0 -1.303231 35.735302 24.602116 0.177490 1.675781 0
0 -0.938660 37.785110 26.195633 0.169556 1.719727 0
0 3.662121 37.152733 32.847836 0.260986 1.782227 0
0 3.101930 36.127922 28.932653 0.227051 1.724609 0
0 2.327136 39.780273 32.757370 0.224243 1.816406 0
0 1.883047 38.416138 28.276312 0.187988 1.747559 0
0 2.144948 34.220787 25.345106 0.207153 1.664062 0
0 1.746350 33.647171 24.687281 0.205933 1.651367 0
0 -3.784025 37.152733 32.847836 0.260986 1.782227 0
0 -2.449041 39.780273 32.757374 0.224243 1.816406 0
0 -3.223834 36.127922 28.932653 0.227051 1.724609 0
0 -2.004957 38.416138 28.276316 0.187988 1.747559 0
0 -2.266852 34.220787 25.345098 0.207153 1.664062 0
0 -1.868255 33.647171 24.687281 0.205933 1.651367 0
0 1.038653 41.490799 32.731224 0.199829 1.841309 0
0 0.810332 39.723923 27.992737 0.166138 1.763672 0
0 0.407090 41.993759 32.743355 0.192261 1.849609 0
0 0.338253 40.054173 27.927179 0.160278 1.768555 0
0 0.146671 36.293777 24.207106 0.163696 1.682129 0
0 0.103012 35.369774 23.743500 0.169922 1.666504 0
0 -1.168506 39.435890 28.055199 0.170898 1.760254 0
0 -1.444348 41.114048 32.736988 0.205200 1.835449 0
0 1.322443 41.114048 32.736988 0.205200 1.835449 0
0 1.046601 39.435890 28.055199 0.170898 1.760254 0
167
-0.085804 -0.945688 0.313547
-0.000032 -0.949179 0.314736
0.085740 -0.945675 0.313605
0.224666 0.311280 -0.923380
-0.119975 0.352103 -0.928240
-0.115658 0.284479 -0.951680
-0.852930 -0.521992 0.005982
-0.817155 -0.575665 0.029446
-0.777532 -0.626626 0.052771
-0.703868 -0.687711 0.177828
-0.745977 -0.650655 0.142005
-0.784782 -0.610718 0.105553
-0.621306 -0.738628 0.261550
-0.648695 -0.725877 0.228687
-0.674791 -0.711679 0.195370
-0.096148 -0.945644 0.310665
-0.149321 -0.956539 0.250472
-0.201513 -0.961150 0.188632
0.000000 -0.992200 0.124657
0.148457 -0.983476 0.103610
0.000000 -0.925126 0.379661
0.188621 -0.885941 0.423711
0.260060 -0.728376 0.633906
-0.000001 -0.767244 0.641356
0.204886 -0.742957 0.637210
-0.000001 -0.748808 0.662787
0.132246 -0.669383 0.731052
-0.000004 -0.684721 0.728805
0.299112 -0.683155 0.666206
-0.000000 -0.795465 0.605999
0.538683 -0.499448 0.678508
0.421066 -0.662582 0.619425
0.400850 -0.589458 0.701326
0.377269 -0.692503 0.614905
0.372779 -0.814946 0.443732
0.351636 -0.918558 0.180564
-0.000005 -0.538212 0.842810
-0.702781 -0.689454 0.175361
-0.688932 -0.700712 0.185406
-0.674794 -0.711675 0.195374
-0.721630 0.484379 -0.494599
-0.699484 0.504355 -0.506308
-0.676621 0.523813 -0.517498
-0.998691 -0.031876 -0.040003
-0.996285 -0.084096 -0.018535
-0.990698 -0.136047 0.002993
0.373519 0.881320 -0.289410
0.444194 0.852039 -0.276987
0.512200 0.817640 -0.262900
-0.744356 0.644436 -0.175034
-0.733095 0.660328 -0.162909
-0.721448 0.675872 -0.150699
0.501521 0.680676 -0.534001
0.548106 0.659897 -0.513922
0.593044 0.637135 -0.492298
-0.992986 -0.117350 0.014406
-0.996731 -0.074998 -0.030037
-0.996706 -0.032363 -0.074365
0.791960 0.560381 -0.242429
0.783265 0.570761 -0.246429
0.774414 0.581027 -0.250380
0.777532 -0.626625 0.052770
0.817155 -0.575666 0.029446
0.852928 -0.521995 0.005984
0.784782 -0.610717 0.105552
0.745972 -0.650661 0.142009
0.703856 -0.687721 0.177837
0.674791 -0.711679 0.195369
0.648677 -0.725886 0.228710
0.621267 -0.738644 0.261594
0.201438 -0.961155 0.188691
0.149240 -0.956536 0.250534
0.096062 -0.945632 0.310730
-0.188621 -0.885941 0.423711
-0.148457 -0.983476 0.103610
-0.260060 -0.728376 0.633907
-0.132248 -0.669382 0.731052
-0.204885 -0.742958 0.637209
-0.299121 -0.683146 0.666212
-0.421072 -0.662576 0.619429
-0.538704 -0.499415 0.678515
-0.400849 -0.589459 0.701326
-0.372779 -0.814946 0.443732
-0.377268 -0.692503 0.614905
-0.351636 -0.918558 0.180564
0.674796 -0.711674 0.195375
0.688927 -0.700715 0.185413
0.702770 -0.689463 0.175373
0.676609 0.523821 -0.517505
0.699477 0.504360 -0.506313
0.721627 0.484380 -0.494601
0.990697 -0.136053 0.002995
0.996285 -0.084099 -0.018533
0.998691 -0.031877 -0.040002
-0.512200 0.817640 -0.262900
-0.444195 0.852038 -0.276987
-0.373522 0.881319 -0.289410
0.721455 0.675862 -0.150707
0.733093 0.660330 -0.162908
0.744346 0.644450 -0.175023
-0.593046 0.637135 -0.492296
-0.548117 0.659892 -0.513916
-0.501541 0.680668 -0.533992
0.996707 -0.032386 -0.074344
0.996731 -0.075012 -0.030025
0.992985 -0.117355 0.014408
0.000002 0.927603 -0.373567
0.000001 0.927603 -0.373567
0.000000 0.927603 -0.373567
0.000007 0.703285 -0.710908
0.000005 0.703285 -0.710908
0.000003 0.703285 -0.710908
0.000000 0.293070 -0.956091
0.000003 0.372341 -0.928096
0.000004 0.448453 -0.893806
0.000008 0.448452 -0.893807
0.511056 0.272284 -0.815281
0.633260 0.221817 -0.741471
0.712344 0.176975 -0.679151
0.771479 0.154488 -0.617215
-0.553338 0.251998 -0.793923
-0.580572 0.302702 -0.755849
-0.655893 0.290248 -0.696822
-0.527337 0.447394 -0.722326
-0.774413 0.581029 -0.250381
-0.783266 0.570761 -0.246429
-0.791962 0.560379 -0.242428
-0.340034 0.582770 -0.738076
-0.317630 0.394222 -0.862381
-0.591196 0.413066 -0.692722
-0.427295 0.349318 -0.833904
-0.972941 0.109103 -0.203672
-0.686422 0.597103 -0.415081
-0.547123 0.687203 -0.477921
-0.600380 0.769214 -0.218754
-0.614548 0.779095 -0.123863
0.472720 0.615886 -0.630254
0.639711 0.532173 -0.554583
0.473102 0.472748 -0.743428
0.736621 0.379534 -0.559771
0.616069 0.296464 -0.729773
0.427296 0.349319 -0.833903
-0.616067 0.296462 -0.729775
-0.736621 0.379533 -0.559772
-0.639708 0.532175 -0.554584
0.888675 0.444158 -0.113933
0.867769 0.382017 -0.317868
0.843640 0.517697 -0.142338
0.811184 0.484275 -0.327807
0.813464 0.263113 -0.518698
0.774006 0.184738 -0.605629
-0.888675 0.444158 -0.113933
-0.843641 0.517697 -0.142338
-0.867770 0.382016 -0.317867
-0.811184 0.484275 -0.327807
-0.813464 0.263112 -0.518699
-0.774004 0.184736 -0.605632
0.614543 0.779099 -0.123862
0.564284 0.712249 -0.417475
0.600375 0.769218 -0.218754
0.509139 0.673093 -0.536398
0.311189 0.590949 -0.744272
0.317632 0.394224 -0.862379
-0.713589 0.544098 -0.441302
-0.786265 0.589703 -0.184494
0.786265 0.589703 -0.184494
0.713590 0.544097 -0.441303
153
0 0 1 2 0 0 1 1
0 3 4 2 2 2 1 1
0 5 6 7 3 4 5 1
0 8 9 10 6 7 7 1
0 9 11 10 7 8 7 1
0 12 13 14 9 10 10 1
0 13 15 14 10 11 10 1
0 16 17 18 12 13 13 1
0 17 19 18 13 14 13 1
0 20 21 22 15 16 16 1
0 21 23 22 16 17 16 1
0 24 25 26 18 19 20 1
0 25 27 26 19 21 20 1
0 28 29 27 22 23 21 1
0 29 26 27 23 20 21 1
0 30 31 32 24 25 26 1
0 31 33 32 25 27 26 1
0 34 35 30 28 29 24 1
0 35 31 30 29 25 24 1
0 36 34 37 30 28 31 1
0 34 30 37 28 24 31 1
0 37 30 38 31 24 32 1
0 30 32 38 24 26 32 1
0 39 28 40 33 22 34 1
0 28 27 40 22 21 34 1
0 25 41 27 19 35 21 1
0 41 40 27 35 34 21 1
0 36 42 34 30 36 28 1
0 42 35 34 36 29 28 1
0 28 32 29 22 26 23 1
0 32 33 29 26 27 23 1
0 39 38 28 33 32 22 1
0 38 32 28 32 26 22 1
0 43 44 45 37 38 38 1
0 44 46 45 38 39 38 1
0 47 48 49 40 41 41 1
0 48 50 49 41 42 41 1
0 51 52 53 43 44 44 1
0 52 54 53 44 45 44 1
0 55 56 57 46 47 47 1
0 56 58 57 47 48 47 1
0 59 60 61 49 50 50 1
0 60 62 61 50 51 50 1
0 63 64 65 52 53 53 1
0 64 66 65 53 54 53 1
0 67 68 69 55 56 56 1
0 68 70 69 56 57 56 1
0 71 72 73 58 59 59 1
0 72 74 73 59 60 59 1
0 75 76 77 61 62 62 1
0 76 78 77 62 63 62 1
0 79 80 81 64 65 65 1
0 80 82 81 65 66 65 1
0 83 84 85 67 68 68 1
0 84 86 85 68 69 68 1
0 87 88 89 70 71 71 1
0 88 90 89 71 72 71 1
0 91 92 26 73 74 20 1
0 92 24 26 74 18 20 1
0 26 29 91 20 23 73 1
0 29 93 91 23 75 73 1
0 33 31 94 27 25 76 1
0 31 95 94 25 77 76 1
0 31 35 95 25 29 77 1
0 35 96 95 29 78 77 1
0 95 96 97 77 78 79 1
0 96 98 97 78 80 79 1
0 94 95 99 76 77 81 1
0 95 97 99 77 79 81 1
0 91 93 100 73 75 82 1
0 93 101 100 75 83 82 1
0 100 102 91 82 84 73 1
0 102 92 91 84 74 73 1
0 35 42 96 29 36 78 1
0 42 98 96 36 80 78 1
0 33 94 29 27 76 23 1
0 94 93 29 76 75 23 1
0 94 99 93 76 81 75 1
0 99 101 93 81 83 75 1
0 103 104 105 85 86 86 1
0 104 106 105 86 87 86 1
0 107 108 109 88 89 89 1
0 108 110 109 89 90 89 1
0 111 112 113 91 92 92 1
0 112 114 113 92 93 92 1
0 115 116 117 94 95 95 1
0 116 118 117 95 96 95 1
0 119 120 121 97 98 98 1
0 120 122 121 98 99 98 1
0 123 124 125 100 101 101 1
0 124 126 125 101 102 101 1
0 127 128 129 103 104 104 1
0 128 130 129 104 105 104 1
0 131 132 133 106 107 107 1
0 132 134 133 107 108 107 1
0 135 136 137 109 110 110 1
0 136 138 137 110 111 110 1
0 139 140 141 112 113 114 1
0 140 142 141 113 115 114 1
0 5 7 139 3 5 112 1
0 7 140 139 5 113 112 1
0 143 144 145 116 117 118 1
0 144 146 145 117 119 118 1
0 147 148 149 120 121 122 1
0 148 150 149 121 123 122 1
0 6 5 143 4 3 116 1
0 5 144 143 3 117 116 1
0 148 147 6 121 120 4 1
0 147 7 6 120 5 4 1
0 151 152 153 124 125 125 1
0 152 154 153 125 126 125 1
0 155 156 157 127 128 129 1
0 156 158 157 128 130 129 1
0 159 160 157 131 132 129 1
0 157 160 155 129 132 127 1
0 155 160 161 127 132 133 1
0 161 160 162 133 132 134 1
0 160 163 162 132 135 134 1
0 164 165 166 136 137 138 1
0 165 167 166 137 139 138 1
0 167 168 166 139 140 138 1
0 166 168 169 138 140 141 1
0 158 170 157 130 142 129 1
0 170 171 157 142 143 129 1
0 171 172 157 143 144 129 1
0 157 172 159 129 144 131 1
0 173 174 175 145 146 147 1
0 175 174 176 147 146 148 1
0 176 174 167 148 146 139 1
0 174 177 167 146 149 139 1
0 177 178 167 149 150 139 1
0 167 178 168 139 150 140 1
0 179 180 181 151 152 153 1
0 180 182 181 152 154 153 1
0 182 171 181 154 143 153 1
0 181 171 183 153 143 155 1
0 183 171 184 155 143 156 1
0 171 170 184 143 142 156 1
0 185 186 187 157 158 159 1
0 187 186 188 159 158 160 1
0 186 164 188 158 136 160 1
0 188 164 189 160 136 161 1
0 164 166 189 136 138 161 1
0 189 166 190 161 138 162 1
0 166 169 190 138 141 162 1
0 172 171 191 144 143 163 1
0 171 182 191 143 154 163 1
0 191 182 192 163 154 164 1
0 182 180 192 154 152 164 1
0 175 176 193 147 148 165 1
0 193 176 194 165 148 166 1
0 176 167 194 148 139 166 1
0 194 167 165 166 139 137 1

Materials: 5
"Tex_0003_0_dds"
1.000000 1.000000 1.000000 1.000000
0.800000 0.800000 0.800000 1.000000
0.500000 0.500000 0.500000 1.000000
0.000000 0.000000 0.000000 1.000000
0.185600
1.000000
"Tex_0003_0.png"
""
"Tex_0004_0_dds"
1.000000 1.000000 1.000000 1.000000
0.800000 0.800000 0.800000 1.000000
0.500000 0.500000 0.500000 1.000000
0.000000 0.000000 0.000000 1.000000
0.185600
1.000000
""
""
"Tex_0005_0_dds"
1.000000 1.000000 1.000000 1.000000
0.800000 0.800000 0.800000 1.000000
0.500000 0.500000 0.500000 1.000000
0.000000 0.000000 0.000000 1.000000
0.185600
1.000000
"Tex_0005_0.png"
""
"Tex_0006_0_dds"
1.000000 1.000000 1.000000 1.000000
0.800000 0.800000 0.800000 1.000000
0.500000 0.500000 0.500000 1.000000
0.000000 0.000000 0.000000 1.000000
0.185600
1.000000
"Tex_0006_0.png"
""
"Material01"
0.200000 0.200000 0.200000 0.710000
0.800000 0.800000 0.800000 0.710000
0.000000 0.000000 0.000000 0.710000
1.000000 1.000000 1.000000 0.710000
0.000000
0.710000
""
""

Bones: 1
"Camera"
""
8 0.000000 0.000000 0.000000 0.000000 -0.000000 0.000000
1
0 0 0 0
1
0 0 0 0
GroupComments: 0
MaterialComments: 0
BoneComments: 0
ModelComment: 0
