// MilkShape 3D ASCII

Frames: 1
Frame: 1

Meshes: 5
"Tex_0002_0_dds" 0 2
50
0 -50.000000 -61.092541 0.000000 0.992188 1.574707 -1
0 0.000000 -90.054321 0.000000 0.489746 1.004883 -1
0 -35.355343 -61.092541 -35.355343 0.004612 1.574707 -1
0 -35.355343 70.964417 -35.355343 0.004612 1.574707 -1
0 0.000000 91.929260 0.000000 0.489746 1.004883 -1
0 -50.000000 70.964417 0.000000 0.992188 1.574707 -1
0 -35.355343 -61.092541 35.355343 0.992188 1.574707 -1
0 -50.000000 -61.092541 0.000000 0.004612 1.574707 -1
0 -50.000000 70.964417 0.000000 0.004612 1.574707 -1
0 -35.355343 70.964417 35.355343 0.992188 1.574707 -1
0 -35.355343 -61.092541 35.355343 0.004612 1.574707 -1
0 0.000000 -61.092541 50.000000 0.992188 1.574707 -1
0 -35.355343 70.964417 35.355343 0.004612 1.574707 -1
0 0.000000 70.964417 50.000000 0.992188 1.574707 -1
0 0.000000 -61.092541 50.000000 0.004612 1.574707 -1
0 35.355343 -61.092541 35.355343 0.992188 1.574707 -1
0 0.000000 70.964417 -50.000000 0.992188 1.574707 -1
0 35.355343 70.964417 -35.355343 0.004612 1.574707 -1
0 35.355343 -61.092541 35.355343 0.004612 1.574707 -1
0 50.000000 -61.092541 0.000000 0.992188 1.574707 -1
0 50.000000 -61.092541 0.000000 0.004612 1.574707 -1
0 35.355343 -61.092541 -35.355343 0.992188 1.574707 -1
0 0.000000 -61.092541 -50.000000 0.992188 1.574707 -1
0 35.355343 -61.092541 -35.355343 0.004612 1.574707 -1
0 0.000000 -61.092541 -50.000000 0.004612 1.574707 -1
0 -35.355343 -61.092541 -35.355343 0.992188 1.574707 -1
0 -35.355343 70.964417 -35.355343 0.992188 1.574707 -1
0 0.000000 70.964417 -50.000000 0.004612 1.574707 -1
0 0.000000 70.964417 50.000000 0.004612 1.574707 -1
0 35.355343 70.964417 35.355343 0.992188 1.574707 -1
0 35.355343 70.964417 35.355343 0.004612 1.574707 -1
0 50.000000 70.964417 0.000000 0.992188 1.574707 -1
0 50.000000 70.964417 0.000000 0.004612 1.574707 -1
0 35.355343 70.964417 -35.355343 0.992188 1.574707 -1
0 -35.355343 4.935937 35.355343 0.992188 1.993164 -1
0 -50.000000 4.935937 0.000000 0.004612 1.993164 -1
0 0.000000 4.935937 -50.000000 0.992188 1.993164 -1
0 35.355343 4.935937 -35.355343 0.004612 1.993164 -1
0 -35.355343 4.935937 -35.355343 0.992188 1.993164 -1
0 -50.000000 4.935937 0.000000 0.992188 1.993164 -1
0 -35.355343 4.935937 35.355343 0.004612 1.993164 -1
0 35.355343 4.935937 -35.355343 0.992188 1.993164 -1
0 0.000000 4.935937 -50.000000 0.004612 1.993164 -1
0 -35.355343 4.935937 -35.355343 0.004612 1.993164 -1
0 50.000000 4.935937 0.000000 0.992188 1.993164 -1
0 50.000000 4.935937 0.000000 0.004612 1.993164 -1
0 35.355343 4.935937 35.355343 0.992188 1.993164 -1
0 35.355343 4.935937 35.355343 0.004612 1.993164 -1
0 0.000000 4.935937 50.000000 0.992188 1.993164 -1
0 0.000000 4.935937 50.000000 0.004612 1.993164 -1
45
0.876103 0.317414 0.362894
0.000000 1.000000 0.000000
0.720208 0.339503 0.605011
0.475545 -0.566430 0.673063
0.000000 -1.000000 0.000000
0.897672 -0.366629 -0.244477
0.725887 0.198142 -0.658656
0.808379 0.484153 -0.334842
0.812189 -0.566430 0.139666
0.461879 -0.366629 -0.807621
0.203279 0.847251 -0.490758
-0.220428 0.332257 -0.917070
0.673063 -0.566430 -0.475545
-0.244477 -0.366629 -0.897672
0.108161 0.510798 -0.852869
-0.804332 0.332257 -0.492600
0.244477 -0.366629 0.897672
-0.673063 -0.566430 0.475545
-0.526588 0.510798 -0.679551
-0.917070 0.332257 0.220428
-0.852869 0.510798 -0.108161
-0.490758 0.847251 0.203279
-0.047540 0.198142 0.979020
-0.605011 0.339503 0.720208
0.203279 0.847251 0.490758
0.807621 -0.366629 0.461879
-0.139666 -0.566430 0.812189
0.139666 -0.566430 -0.812189
-0.807621 -0.366629 -0.461879
-0.475545 -0.566430 -0.673063
-0.897672 -0.366629 0.244477
-0.812189 -0.566430 -0.139666
-0.461879 -0.366629 0.807621
0.603748 0.000000 -0.797175
1.000000 0.000000 0.000000
0.136774 0.000000 0.990602
-0.797175 0.000000 0.603748
0.923880 0.000000 0.382683
0.923880 0.000000 -0.382683
-0.382683 0.000000 0.923880
0.603748 0.000000 0.797175
-0.923880 0.000000 0.382683
-0.923880 0.000000 -0.382683
-0.382683 0.000000 -0.923880
0.382683 0.000000 -0.923880
48
0 0 1 2 0 1 2 1
0 3 4 5 3 4 5 1
0 6 1 7 6 1 7 1
0 8 4 9 8 4 9 1
0 1 10 11 1 10 11 1
0 12 4 13 12 4 13 1
0 1 14 15 1 14 15 1
0 4 16 17 4 16 17 1
0 1 18 19 1 18 19 1
0 1 20 21 1 20 21 1
0 22 1 23 22 1 23 1
0 24 25 1 24 24 1 1
0 26 27 4 25 26 4 1
0 28 4 29 27 4 28 1
0 30 4 31 29 4 30 1
0 32 4 33 31 4 32 1
0 34 6 35 33 6 34 1
0 6 7 35 6 7 34 1
0 36 22 37 35 22 36 1
0 22 23 37 22 23 36 1
0 38 26 35 37 25 34 1
0 26 8 35 25 8 34 1
0 39 5 40 34 5 38 1
0 5 12 40 5 12 38 1
0 41 33 42 39 32 39 1
0 33 27 42 32 26 39 1
0 39 0 43 34 0 40 1
0 0 2 43 0 2 40 1
0 23 19 37 23 19 36 1
0 19 44 37 19 41 36 1
0 44 31 37 41 30 36 1
0 37 31 17 36 30 17 1
0 20 15 45 20 15 42 1
0 15 46 45 15 42 42 1
0 46 29 45 42 28 42 1
0 45 29 32 42 28 31 1
0 18 11 47 18 11 43 1
0 11 48 47 11 43 43 1
0 48 13 47 43 13 43 1
0 47 13 30 43 13 29 1
0 2 22 43 2 22 40 1
0 22 36 43 22 35 40 1
0 36 16 43 35 16 40 1
0 43 16 3 40 16 3 1
0 14 6 49 14 6 44 1
0 6 34 49 6 33 44 1
0 34 9 49 33 9 44 1
0 49 9 28 44 9 27 1
"Tex_0005_0_dds" 0 3
60
0 36.472107 39.798084 21.057180 -0.011665 3.722656 -1
0 36.472107 24.498398 21.057180 -0.011665 1.348389 -1
0 21.057180 39.798084 36.472107 3.013672 3.722656 -1
0 21.057182 24.498398 36.472107 3.013672 1.348389 -1
0 42.114361 39.798084 -0.000002 3.013672 3.722656 -1
0 42.114365 24.498398 -0.000002 3.013672 1.348389 -1
0 36.472107 39.798084 -21.057182 -0.011665 3.722656 -1
0 36.472107 24.498398 -21.057182 -0.011665 1.348389 -1
0 21.057182 39.798084 -36.472107 3.013672 3.722656 -1
0 21.057182 24.498398 -36.472107 3.013672 1.348389 -1
0 0.000006 39.798084 -42.114365 -0.011665 3.722656 -1
0 0.000006 24.498398 -42.114365 -0.011665 1.348389 -1
0 -36.472107 39.798084 -21.057198 -0.011665 3.722656 -1
0 -36.472103 24.498398 -21.057198 -0.011665 1.348389 -1
0 -21.057175 39.798084 -36.472115 3.013672 3.722656 -1
0 -21.057173 24.498398 -36.472115 3.013672 1.348389 -1
0 -42.114365 39.798084 -0.000020 3.013672 3.722656 -1
0 -42.114365 24.498398 -0.000020 3.013672 1.348389 -1
0 0.000000 39.798084 42.114365 -0.011665 3.722656 -1
0 0.000000 24.498398 42.114365 -0.011665 1.348389 -1
0 -21.057207 39.798084 36.472095 3.013672 3.722656 -1
0 -21.057207 24.498398 36.472095 3.013672 1.348389 -1
0 21.057182 -21.400661 36.472107 3.013672 -5.769531 -1
0 21.057182 -6.100975 36.472107 3.013672 -3.398438 -1
0 36.472107 -21.400661 21.057180 -0.011665 -5.769531 -1
0 36.472107 -6.100975 21.057180 -0.011665 -3.398438 -1
0 42.114365 9.198711 -0.000002 3.013672 -1.025391 -1
0 36.472107 9.198711 -21.057182 -0.011665 -1.025391 -1
0 42.114365 -21.400661 -0.000002 3.013672 -5.769531 -1
0 42.114365 -6.100975 -0.000002 3.013672 -3.398438 -1
0 36.472107 -21.400661 -21.057182 -0.011665 -5.769531 -1
0 36.472107 -6.100975 -21.057182 -0.011665 -3.398438 -1
0 21.057182 9.198711 -36.472107 3.013672 -1.025391 -1
0 0.000006 9.198711 -42.114365 -0.011665 -1.025391 -1
0 -21.057173 -21.400661 -36.472115 3.013672 -5.769531 -1
0 -21.057173 -6.100975 -36.472115 3.013672 -3.398438 -1
0 -36.472103 -21.400661 -21.057198 -0.011665 -5.769531 -1
0 -36.472103 -6.100975 -21.057198 -0.011665 -3.398438 -1
0 -42.114365 -21.400661 -0.000020 3.013672 -5.769531 -1
0 -42.114365 -6.100975 -0.000020 3.013672 -3.398438 -1
0 -36.472122 -21.400661 21.057159 -0.011665 -5.769531 -1
0 -36.472122 -6.100975 21.057159 -0.011665 -3.398438 -1
0 -21.057207 -21.400661 36.472095 3.013672 -5.769531 -1
0 -21.057207 -6.100975 36.472095 3.013672 -3.398438 -1
0 0.000000 -21.400661 42.114365 -0.011665 -5.769531 -1
0 0.000000 -6.100975 42.114365 -0.011665 -3.398438 -1
0 21.057182 9.198711 36.472107 3.013672 -1.025391 -1
0 36.472107 9.198711 21.057180 -0.011665 -1.025391 -1
0 -36.472103 9.198711 -21.057198 -0.011665 -1.025391 -1
0 -42.114365 9.198711 -0.000020 3.013672 -1.025391 -1
0 -21.057207 9.198711 36.472095 3.013672 -1.025391 -1
0 0.000000 9.198711 42.114365 -0.011665 -1.025391 -1
0 -21.057173 9.198711 -36.472115 3.013672 -1.025391 -1
0 21.057182 -6.100975 -36.472107 3.013672 -3.398438 -1
0 0.000006 -6.100975 -42.114365 -0.011665 -3.398438 -1
0 0.000006 -21.400661 -42.114365 -0.011665 -5.769531 -1
0 21.057182 -21.400661 -36.472107 3.013672 -5.769531 -1
0 -36.472122 9.198711 21.057159 -0.011665 -1.025391 -1
0 -36.472122 24.498398 21.057159 -0.011665 1.348389 -1
0 -36.472122 39.798084 21.057159 -0.011665 3.722656 -1
57
-0.907073 -0.000000 -0.420974
-0.818110 -0.000000 -0.575061
-0.575061 -0.000000 -0.818110
-0.420974 -0.000000 -0.907073
-0.996035 -0.000000 0.088962
-0.996035 -0.000000 -0.088962
-0.818110 0.000000 0.575061
-0.907073 -0.000000 0.420974
-0.420974 0.000000 0.907073
-0.575061 0.000000 0.818110
0.088962 0.000000 0.996035
-0.088962 0.000000 0.996035
0.907073 0.000000 0.420974
0.818110 0.000000 0.575061
0.575061 0.000000 0.818111
0.420974 0.000000 0.907073
0.996035 0.000000 -0.088962
0.996035 0.000000 0.088963
-0.088962 -0.000000 -0.996035
0.088962 0.000000 -0.996035
0.420974 0.000000 -0.907073
0.575062 0.000000 -0.818110
-0.420974 0.000000 -0.907073
-0.575061 0.000000 -0.818110
-0.818110 0.000000 -0.575061
-0.907073 0.000000 -0.420974
-1.000000 0.000000 0.000000
-0.866025 0.000000 0.500000
-0.996035 0.000000 -0.088962
-0.996035 0.000000 0.088962
-0.907073 0.000000 0.420974
-0.818110 0.000000 0.575061
-0.500000 0.000000 0.866025
-0.000000 0.000000 1.000000
0.420974 0.000000 0.907073
0.575061 0.000000 0.818111
0.818110 0.000000 0.575061
0.907073 0.000000 0.420974
0.996035 0.000000 0.088963
0.996035 0.000000 -0.088962
0.907073 0.000000 -0.420973
0.818111 0.000000 -0.575061
0.575062 0.000000 -0.818110
-0.088962 0.000000 -0.996035
-0.500000 0.000000 -0.866025
-0.866025 0.000000 -0.500000
0.866025 0.000000 0.500000
1.000000 0.000000 0.000000
0.500000 0.000000 -0.866025
0.000000 0.000000 -1.000000
0.500000 0.000000 0.866026
0.088962 0.000000 0.996035
-0.088962 0.000000 0.996035
-0.575061 0.000000 0.818110
0.866026 0.000000 -0.500000
0.907073 0.000000 -0.420973
0.818111 0.000000 -0.575061
96
0 0 1 2 0 1 2 1
0 1 3 2 1 3 2 1
0 4 5 0 4 5 0 1
0 5 1 0 5 1 0 1
0 6 7 4 6 7 4 1
0 7 5 4 7 5 4 1
0 8 9 6 8 9 6 1
0 9 7 6 9 7 6 1
0 10 11 8 10 11 8 1
0 11 9 8 11 9 8 1
0 12 13 14 12 13 14 1
0 13 15 14 13 15 14 1
0 16 17 12 16 17 12 1
0 17 13 12 17 13 12 1
0 18 19 20 18 19 20 1
0 19 21 20 19 21 20 1
0 22 23 24 22 23 24 1
0 23 25 24 23 25 24 1
0 5 7 26 5 7 26 1
0 7 27 26 7 27 26 1
0 28 29 30 28 29 30 1
0 29 31 30 29 31 30 1
0 31 29 27 31 29 27 1
0 29 26 27 29 26 27 1
0 9 11 32 9 11 32 1
0 11 33 32 11 33 32 1
0 34 35 36 34 35 36 1
0 35 37 36 35 37 36 1
0 36 37 38 36 37 38 1
0 37 39 38 37 39 38 1
0 38 39 40 38 39 40 1
0 39 41 40 39 41 40 1
0 40 41 42 40 41 42 1
0 41 43 42 41 20 42 1
0 42 43 44 42 20 19 1
0 43 45 44 20 43 19 1
0 3 1 46 3 1 44 1
0 1 47 46 1 45 44 1
0 46 47 23 44 45 23 1
0 47 25 23 45 25 23 1
0 13 17 48 13 17 46 1
0 17 49 48 17 47 46 1
0 48 49 37 46 47 37 1
0 49 39 37 47 39 37 1
0 21 19 50 21 19 48 1
0 19 51 50 19 49 48 1
0 50 51 43 48 49 20 1
0 51 45 43 49 43 20 1
0 15 13 52 15 13 50 1
0 13 48 52 13 46 50 1
0 52 48 35 50 46 35 1
0 48 37 35 46 37 35 1
0 32 33 53 32 33 8 1
0 33 54 53 33 51 8 1
0 54 55 53 51 52 8 1
0 53 55 56 8 52 53 1
0 52 33 15 50 33 15 1
0 33 11 15 33 11 15 1
0 11 10 15 11 10 15 1
0 15 10 14 15 10 14 1
0 33 52 54 33 50 51 1
0 52 35 54 50 35 51 1
0 35 34 54 35 34 51 1
0 54 34 55 51 34 52 1
0 43 41 50 20 41 48 1
0 41 57 50 41 54 48 1
0 50 57 21 48 54 21 1
0 57 58 21 54 55 21 1
0 58 59 21 55 56 21 1
0 21 59 20 21 56 20 1
0 1 5 47 1 5 45 1
0 5 26 47 5 26 45 1
0 47 26 25 45 26 25 1
0 26 29 25 26 29 25 1
0 29 28 25 29 28 25 1
0 25 28 24 25 28 24 1
0 7 9 27 7 9 27 1
0 9 32 27 9 32 27 1
0 27 32 31 27 32 31 1
0 32 53 31 32 8 31 1
0 53 56 31 8 53 31 1
0 31 56 30 31 53 30 1
0 41 39 57 41 39 54 1
0 39 49 57 39 47 54 1
0 57 49 58 54 47 55 1
0 49 17 58 47 17 55 1
0 17 16 58 17 16 55 1
0 58 16 59 55 16 56 1
0 2 3 18 2 3 18 1
0 18 3 19 18 3 19 1
0 19 3 51 19 3 49 1
0 3 46 51 3 44 49 1
0 51 46 45 49 44 43 1
0 46 23 45 44 23 43 1
0 23 22 45 23 22 43 1
0 45 22 44 43 22 19 1
"Duplicate01" 0 3
60
0 36.472107 100.985596 21.057180 -0.011665 3.722656 -1
0 36.472107 85.685928 21.057180 -0.011665 1.348389 -1
0 21.057180 100.985596 36.472107 3.013672 3.722656 -1
0 21.057182 85.685928 36.472107 3.013672 1.348389 -1
0 42.114361 100.985596 -0.000002 3.013672 3.722656 -1
0 42.114365 85.685928 -0.000002 3.013672 1.348389 -1
0 36.472107 100.985596 -21.057182 -0.011665 3.722656 -1
0 36.472107 85.685928 -21.057182 -0.011665 1.348389 -1
0 21.057182 100.985596 -36.472107 3.013672 3.722656 -1
0 21.057182 85.685928 -36.472107 3.013672 1.348389 -1
0 0.000006 100.985596 -42.114365 -0.011665 3.722656 -1
0 0.000006 85.685928 -42.114365 -0.011665 1.348389 -1
0 -36.472107 100.985596 -21.057198 -0.011665 3.722656 -1
0 -36.472103 85.685928 -21.057198 -0.011665 1.348389 -1
0 -21.057175 100.985596 -36.472115 3.013672 3.722656 -1
0 -21.057173 85.685928 -36.472115 3.013672 1.348389 -1
0 -42.114365 100.985596 -0.000020 3.013672 3.722656 -1
0 -42.114365 85.685928 -0.000020 3.013672 1.348389 -1
0 0.000000 100.985596 42.114365 -0.011665 3.722656 -1
0 0.000000 85.685928 42.114365 -0.011665 1.348389 -1
0 -21.057207 100.985596 36.472095 3.013672 3.722656 -1
0 -21.057207 85.685928 36.472095 3.013672 1.348389 -1
0 21.057182 39.786842 36.472107 3.013672 -5.769531 -1
0 21.057182 55.086533 36.472107 3.013672 -3.398438 -1
0 36.472107 39.786842 21.057180 -0.011665 -5.769531 -1
0 36.472107 55.086533 21.057180 -0.011665 -3.398438 -1
0 42.114365 70.386246 -0.000002 3.013672 -1.025391 -1
0 36.472107 70.386246 -21.057182 -0.011665 -1.025391 -1
0 42.114365 39.786842 -0.000002 3.013672 -5.769531 -1
0 42.114365 55.086533 -0.000002 3.013672 -3.398438 -1
0 36.472107 39.786842 -21.057182 -0.011665 -5.769531 -1
0 36.472107 55.086533 -21.057182 -0.011665 -3.398438 -1
0 21.057182 70.386246 -36.472107 3.013672 -1.025391 -1
0 0.000006 70.386246 -42.114365 -0.011665 -1.025391 -1
0 -21.057173 39.786842 -36.472115 3.013672 -5.769531 -1
0 -21.057173 55.086533 -36.472115 3.013672 -3.398438 -1
0 -36.472103 39.786842 -21.057198 -0.011665 -5.769531 -1
0 -36.472103 55.086533 -21.057198 -0.011665 -3.398438 -1
0 -42.114365 39.786842 -0.000020 3.013672 -5.769531 -1
0 -42.114365 55.086533 -0.000020 3.013672 -3.398438 -1
0 -36.472122 39.786842 21.057159 -0.011665 -5.769531 -1
0 -36.472122 55.086533 21.057159 -0.011665 -3.398438 -1
0 -21.057207 39.786842 36.472095 3.013672 -5.769531 -1
0 -21.057207 55.086533 36.472095 3.013672 -3.398438 -1
0 0.000000 39.786842 42.114365 -0.011665 -5.769531 -1
0 0.000000 55.086533 42.114365 -0.011665 -3.398438 -1
0 21.057182 70.386246 36.472107 3.013672 -1.025391 -1
0 36.472107 70.386246 21.057180 -0.011665 -1.025391 -1
0 -36.472103 70.386246 -21.057198 -0.011665 -1.025391 -1
0 -42.114365 70.386246 -0.000020 3.013672 -1.025391 -1
0 -21.057207 70.386246 36.472095 3.013672 -1.025391 -1
0 0.000000 70.386246 42.114365 -0.011665 -1.025391 -1
0 -21.057173 70.386246 -36.472115 3.013672 -1.025391 -1
0 21.057182 55.086533 -36.472107 3.013672 -3.398438 -1
0 0.000006 55.086533 -42.114365 -0.011665 -3.398438 -1
0 0.000006 39.786842 -42.114365 -0.011665 -5.769531 -1
0 21.057182 39.786842 -36.472107 3.013672 -5.769531 -1
0 -36.472122 70.386246 21.057159 -0.011665 -1.025391 -1
0 -36.472122 85.685928 21.057159 -0.011665 1.348389 -1
0 -36.472122 100.985596 21.057159 -0.011665 3.722656 -1
57
-0.907073 -0.000000 -0.420974
-0.818110 -0.000000 -0.575061
-0.575061 -0.000000 -0.818110
-0.420974 -0.000000 -0.907073
-0.996035 -0.000000 0.088962
-0.996035 -0.000000 -0.088962
-0.818110 0.000000 0.575061
-0.907073 -0.000000 0.420974
-0.420974 0.000000 0.907073
-0.575061 0.000000 0.818110
0.088962 0.000000 0.996035
-0.088962 0.000000 0.996035
0.907073 0.000000 0.420974
0.818110 0.000000 0.575061
0.575061 0.000000 0.818111
0.420974 0.000000 0.907073
0.996035 0.000000 -0.088962
0.996035 0.000000 0.088963
-0.088962 -0.000000 -0.996035
0.088962 0.000000 -0.996035
0.420974 0.000000 -0.907073
0.575062 0.000000 -0.818110
-0.420974 0.000000 -0.907073
-0.575061 0.000000 -0.818110
-0.818110 0.000000 -0.575061
-0.907073 0.000000 -0.420974
-1.000000 0.000000 0.000000
-0.866025 0.000000 0.500000
-0.996035 0.000000 -0.088962
-0.996035 0.000000 0.088962
-0.907073 0.000000 0.420974
-0.818110 0.000000 0.575061
-0.500000 0.000000 0.866025
-0.000000 0.000000 1.000000
0.420974 0.000000 0.907073
0.575061 0.000000 0.818111
0.818110 0.000000 0.575061
0.907073 0.000000 0.420974
0.996035 0.000000 0.088963
0.996035 0.000000 -0.088962
0.907073 0.000000 -0.420973
0.818111 0.000000 -0.575061
0.575062 0.000000 -0.818110
-0.088962 0.000000 -0.996035
-0.500000 0.000000 -0.866025
-0.866025 0.000000 -0.500000
0.866025 0.000000 0.500000
1.000000 0.000000 0.000000
0.500000 0.000000 -0.866025
0.000000 0.000000 -1.000000
0.500000 0.000000 0.866026
0.088962 0.000000 0.996035
-0.088962 0.000000 0.996035
-0.575061 0.000000 0.818110
0.866026 0.000000 -0.500000
0.907073 0.000000 -0.420973
0.818111 0.000000 -0.575061
96
0 0 1 2 0 1 2 1
0 1 3 2 1 3 2 1
0 4 5 0 4 5 0 1
0 5 1 0 5 1 0 1
0 6 7 4 6 7 4 1
0 7 5 4 7 5 4 1
0 8 9 6 8 9 6 1
0 9 7 6 9 7 6 1
0 10 11 8 10 11 8 1
0 11 9 8 11 9 8 1
0 12 13 14 12 13 14 1
0 13 15 14 13 15 14 1
0 16 17 12 16 17 12 1
0 17 13 12 17 13 12 1
0 18 19 20 18 19 20 1
0 19 21 20 19 21 20 1
0 22 23 24 22 23 24 1
0 23 25 24 23 25 24 1
0 5 7 26 5 7 26 1
0 7 27 26 7 27 26 1
0 28 29 30 28 29 30 1
0 29 31 30 29 31 30 1
0 31 29 27 31 29 27 1
0 29 26 27 29 26 27 1
0 9 11 32 9 11 32 1
0 11 33 32 11 33 32 1
0 34 35 36 34 35 36 1
0 35 37 36 35 37 36 1
0 36 37 38 36 37 38 1
0 37 39 38 37 39 38 1
0 38 39 40 38 39 40 1
0 39 41 40 39 41 40 1
0 40 41 42 40 41 42 1
0 41 43 42 41 20 42 1
0 42 43 44 42 20 19 1
0 43 45 44 20 43 19 1
0 3 1 46 3 1 44 1
0 1 47 46 1 45 44 1
0 46 47 23 44 45 23 1
0 47 25 23 45 25 23 1
0 13 17 48 13 17 46 1
0 17 49 48 17 47 46 1
0 48 49 37 46 47 37 1
0 49 39 37 47 39 37 1
0 21 19 50 21 19 48 1
0 19 51 50 19 49 48 1
0 50 51 43 48 49 20 1
0 51 45 43 49 43 20 1
0 15 13 52 15 13 50 1
0 13 48 52 13 46 50 1
0 52 48 35 50 46 35 1
0 48 37 35 46 37 35 1
0 32 33 53 32 33 8 1
0 33 54 53 33 51 8 1
0 54 55 53 51 52 8 1
0 53 55 56 8 52 53 1
0 52 33 15 50 33 15 1
0 33 11 15 33 11 15 1
0 11 10 15 11 10 15 1
0 15 10 14 15 10 14 1
0 33 52 54 33 50 51 1
0 52 35 54 50 35 51 1
0 35 34 54 35 34 51 1
0 54 34 55 51 34 52 1
0 43 41 50 20 41 48 1
0 41 57 50 41 54 48 1
0 50 57 21 48 54 21 1
0 57 58 21 54 55 21 1
0 58 59 21 55 56 21 1
0 21 59 20 21 56 20 1
0 1 5 47 1 5 45 1
0 5 26 47 5 26 45 1
0 47 26 25 45 26 25 1
0 26 29 25 26 29 25 1
0 29 28 25 29 28 25 1
0 25 28 24 25 28 24 1
0 7 9 27 7 9 27 1
0 9 32 27 9 32 27 1
0 27 32 31 27 32 31 1
0 32 53 31 32 8 31 1
0 53 56 31 8 53 31 1
0 31 56 30 31 53 30 1
0 41 39 57 41 39 54 1
0 39 49 57 39 47 54 1
0 57 49 58 54 47 55 1
0 49 17 58 47 17 55 1
0 17 16 58 17 16 55 1
0 58 16 59 55 16 56 1
0 2 3 18 2 3 18 1
0 18 3 19 18 3 19 1
0 19 3 51 19 3 49 1
0 3 46 51 3 44 49 1
0 51 46 45 49 44 43 1
0 46 23 45 44 23 43 1
0 23 22 45 23 22 43 1
0 45 22 44 43 22 19 1
"Tex_0006_0_dds" 0 4
60
0 20.939816 39.798084 36.268826 3.013672 3.458984 -1
0 20.939816 24.498398 36.268826 3.013672 1.085388 -1
0 0.000000 39.798084 41.879631 -0.011665 3.458984 -1
0 0.000000 24.498398 41.879631 -0.011665 1.085388 -1
0 36.268826 39.798084 20.939816 -0.011665 3.458984 -1
0 36.268826 24.498398 20.939816 -0.011665 1.085388 -1
0 41.879631 39.798084 -0.000002 3.013672 3.458984 -1
0 41.879631 24.498398 -0.000002 3.013672 1.085388 -1
0 36.268826 39.798084 -20.939819 -0.011665 3.458984 -1
0 36.268826 24.498398 -20.939819 -0.011665 1.085388 -1
0 20.939819 39.798084 -36.268826 3.013672 3.458984 -1
0 20.939819 24.498398 -36.268826 3.013672 1.085388 -1
0 -36.268826 39.798084 -20.939831 -0.011665 3.458984 -1
0 -36.268822 24.498398 -20.939831 -0.011665 1.085388 -1
0 -20.939810 39.798084 -36.268833 3.013672 3.458984 -1
0 -20.939810 24.498398 -36.268833 3.013672 1.085388 -1
0 -41.879639 39.798084 -0.000019 3.013672 3.458984 -1
0 -41.879639 24.498398 -0.000019 3.013672 1.085388 -1
0 -36.268845 39.798084 20.939796 -0.011665 3.458984 -1
0 -36.268841 24.498398 20.939796 -0.011665 1.085388 -1
0 -20.939844 39.798084 36.268818 3.013672 3.458984 -1
0 -20.939844 24.498398 36.268818 3.013672 1.085388 -1
0 0.000000 -6.100975 41.879631 -0.011665 -3.660156 -1
0 20.939816 -6.100975 36.268826 3.013672 -3.660156 -1
0 0.000000 -21.400661 41.879631 -0.011665 -6.035156 -1
0 20.939816 -21.400661 36.268826 3.013672 -6.035156 -1
0 36.268826 9.198711 -20.939819 -0.011665 -1.287109 -1
0 20.939819 9.198711 -36.268826 3.013672 -1.287109 -1
0 36.268826 -6.100975 -20.939819 -0.011665 -3.660156 -1
0 20.939819 -6.100975 -36.268826 3.013672 -3.660156 -1
0 36.268826 -21.400661 -20.939819 -0.011665 -6.035156 -1
0 20.939819 -21.400661 -36.268826 3.013672 -6.035156 -1
0 0.000006 -21.400661 -41.879631 -0.011665 -6.035156 -1
0 0.000006 -6.100975 -41.879631 -0.011665 -3.660156 -1
0 -20.939810 -21.400661 -36.268833 3.013672 -6.035156 -1
0 -20.939810 -6.100975 -36.268833 3.013672 -3.660156 -1
0 -36.268822 -21.400661 -20.939831 -0.011665 -6.035156 -1
0 -36.268822 -6.100975 -20.939831 -0.011665 -3.660156 -1
0 -41.879631 -21.400661 -0.000019 3.013672 -6.035156 -1
0 -41.879639 -6.100975 -0.000019 3.013672 -3.660156 -1
0 -36.268841 -21.400661 20.939796 -0.011665 -6.035156 -1
0 -36.268841 -6.100975 20.939796 -0.011665 -3.660156 -1
0 -36.268841 9.198711 20.939796 -0.011665 -1.287109 -1
0 -20.939844 9.198711 36.268818 3.013672 -1.287109 -1
0 -20.939844 -6.100975 36.268818 3.013672 -3.660156 -1
0 -20.939840 -21.400661 36.268818 3.013672 -6.035156 -1
0 -36.268822 9.198711 -20.939831 -0.011665 -1.287109 -1
0 -41.879639 9.198711 -0.000019 3.013672 -1.287109 -1
0 0.000000 9.198711 41.879631 -0.011665 -1.287109 -1
0 20.939816 9.198711 36.268826 3.013672 -1.287109 -1
0 -20.939810 9.198711 -36.268833 3.013672 -1.287109 -1
0 0.000006 9.198711 -41.879631 -0.011665 -1.287109 -1
0 0.000006 24.498398 -41.879631 -0.011665 1.085388 -1
0 0.000006 39.798084 -41.879631 -0.011665 3.458984 -1
0 36.268826 9.198711 20.939816 -0.011665 -1.287109 -1
0 36.268826 -6.100975 20.939816 -0.011665 -3.660156 -1
0 36.268826 -21.400661 20.939816 -0.011665 -6.035156 -1
0 41.879631 9.198711 -0.000002 3.013672 -1.287109 -1
0 41.879631 -6.100975 -0.000002 3.013672 -3.660156 -1
0 41.879631 -21.400661 -0.000002 3.013672 -6.035156 -1
45
-0.575061 0.000000 -0.818110
-0.420974 0.000000 -0.907073
-0.088962 0.000000 -0.996035
0.088962 0.000000 -0.996035
-0.907073 0.000000 -0.420974
-0.818110 0.000000 -0.575061
-0.996035 0.000000 0.088962
-0.996035 0.000000 -0.088962
-0.818110 0.000000 0.575061
-0.907073 0.000000 0.420974
-0.420974 0.000000 0.907073
-0.575061 0.000000 0.818110
0.907073 0.000000 0.420974
0.818110 0.000000 0.575061
0.575061 0.000000 0.818111
0.420974 0.000000 0.907073
0.996035 0.000000 -0.088962
0.996035 0.000000 0.088963
0.818111 0.000000 -0.575061
0.907073 0.000000 -0.420973
0.420974 0.000000 -0.907073
0.575062 0.000000 -0.818110
0.088962 0.000000 -0.996035
-0.088962 0.000000 -0.996035
-0.420974 0.000000 0.907073
-0.000000 0.000000 1.000000
-0.000000 0.000000 1.000000
0.575061 0.000000 0.818111
0.818110 0.000000 0.575061
0.907073 0.000000 0.420974
0.996035 0.000000 0.088963
0.996035 0.000000 -0.088962
0.866026 0.000000 -0.499999
0.866026 0.000000 -0.499999
0.846267 0.000000 -0.532759
0.420974 0.000000 -0.907073
0.575062 0.000000 -0.818110
0.420974 0.000000 -0.907073
0.866025 0.000000 0.500000
1.000000 0.000000 0.000000
-0.088962 0.000000 -0.996035
0.500000 0.000000 0.866026
0.053513 0.000000 0.998567
-0.088962 0.000000 0.996035
0.088962 0.000000 0.996035
96
0 0 1 2 0 1 2 1
0 1 3 2 1 3 2 1
0 4 5 0 4 5 0 1
0 5 1 0 5 1 0 1
0 6 7 4 6 7 4 1
0 7 5 4 7 5 4 1
0 8 9 6 8 9 6 1
0 9 7 6 9 7 6 1
0 10 11 8 10 11 8 1
0 11 9 8 11 9 8 1
0 12 13 14 12 13 14 1
0 13 15 14 13 15 14 1
0 16 17 12 16 17 12 1
0 17 13 12 17 13 12 1
0 18 19 16 18 19 16 1
0 19 17 16 19 17 16 1
0 20 21 18 20 21 18 1
0 21 19 18 21 19 18 1
0 22 23 24 22 1 23 1
0 23 25 24 1 0 23 1
0 9 11 26 9 11 8 1
0 11 27 26 11 24 8 1
0 28 29 30 9 11 8 1
0 29 31 30 11 10 8 1
0 27 29 26 24 11 8 1
0 29 28 26 11 9 8 1
0 32 33 34 25 26 15 1
0 33 35 34 26 27 15 1
0 36 37 38 28 29 30 1
0 37 39 38 29 31 30 1
0 38 39 40 30 31 32 1
0 39 41 40 31 33 32 1
0 19 21 42 19 21 34 1
0 21 43 42 21 35 34 1
0 41 44 40 33 36 32 1
0 44 45 40 36 37 32 1
0 43 44 42 35 36 34 1
0 44 41 42 36 33 34 1
0 13 17 46 13 17 38 1
0 17 47 46 17 39 38 1
0 46 47 37 38 39 29 1
0 47 39 37 39 31 29 1
0 17 19 47 17 19 39 1
0 19 42 47 19 34 39 1
0 47 42 39 39 34 31 1
0 42 41 39 34 33 31 1
0 3 1 48 3 1 40 1
0 1 49 48 1 0 40 1
0 49 23 48 0 1 40 1
0 48 23 22 40 1 22 1
0 15 13 50 15 13 41 1
0 13 46 50 13 38 41 1
0 50 46 35 41 38 27 1
0 46 37 35 38 29 27 1
0 37 36 35 29 28 27 1
0 35 36 34 27 28 15 1
0 35 33 50 27 26 41 1
0 33 51 50 26 42 41 1
0 50 51 15 41 42 15 1
0 51 52 15 42 43 15 1
0 52 53 15 43 44 15 1
0 15 53 14 15 44 14 1
0 1 5 49 1 5 0 1
0 5 54 49 5 4 0 1
0 54 55 49 4 5 0 1
0 49 55 23 0 5 1 1
0 23 55 25 1 5 0 1
0 55 56 25 5 4 0 1
0 5 7 54 5 7 4 1
0 7 57 54 7 6 4 1
0 57 58 54 6 7 4 1
0 54 58 55 4 7 5 1
0 55 58 56 5 7 4 1
0 58 59 56 7 6 4 1
0 7 9 57 7 9 6 1
0 9 26 57 9 8 6 1
0 26 28 57 8 9 6 1
0 57 28 58 6 9 7 1
0 58 28 59 7 9 6 1
0 28 30 59 9 8 6 1
0 32 31 33 25 10 26 1
0 31 29 33 10 11 26 1
0 29 27 33 11 24 26 1
0 33 27 51 26 24 42 1
0 51 27 52 42 24 43 1
0 27 11 52 24 11 43 1
0 11 10 52 11 10 43 1
0 52 10 53 43 10 44 1
0 24 45 22 23 37 22 1
0 45 44 22 37 36 22 1
0 44 43 22 36 35 22 1
0 22 43 48 22 35 40 1
0 48 43 3 40 35 3 1
0 43 21 3 35 21 3 1
0 21 20 3 21 20 3 1
0 3 20 2 3 20 2 1
"Duplicate02" 0 4
60
0 20.939816 100.985596 36.268826 3.013672 3.458984 -1
0 20.939816 85.685928 36.268826 3.013672 1.085388 -1
0 0.000000 100.985596 41.879631 -0.011665 3.458984 -1
0 0.000000 85.685928 41.879631 -0.011665 1.085388 -1
0 36.268826 100.985596 20.939816 -0.011665 3.458984 -1
0 36.268826 85.685928 20.939816 -0.011665 1.085388 -1
0 41.879631 100.985596 -0.000002 3.013672 3.458984 -1
0 41.879631 85.685928 -0.000002 3.013672 1.085388 -1
0 36.268826 100.985596 -20.939819 -0.011665 3.458984 -1
0 36.268826 85.685928 -20.939819 -0.011665 1.085388 -1
0 20.939819 100.985596 -36.268826 3.013672 3.458984 -1
0 20.939819 85.685928 -36.268826 3.013672 1.085388 -1
0 -36.268826 100.985596 -20.939831 -0.011665 3.458984 -1
0 -36.268822 85.685928 -20.939831 -0.011665 1.085388 -1
0 -20.939810 100.985596 -36.268833 3.013672 3.458984 -1
0 -20.939810 85.685928 -36.268833 3.013672 1.085388 -1
0 -41.879639 100.985596 -0.000019 3.013672 3.458984 -1
0 -41.879639 85.685928 -0.000019 3.013672 1.085388 -1
0 -36.268845 100.985596 20.939796 -0.011665 3.458984 -1
0 -36.268841 85.685928 20.939796 -0.011665 1.085388 -1
0 -20.939844 100.985596 36.268818 3.013672 3.458984 -1
0 -20.939844 85.685928 36.268818 3.013672 1.085388 -1
0 0.000000 55.086533 41.879631 -0.011665 -3.660156 -1
0 20.939816 55.086533 36.268826 3.013672 -3.660156 -1
0 0.000000 39.786842 41.879631 -0.011665 -6.035156 -1
0 20.939816 39.786842 36.268826 3.013672 -6.035156 -1
0 36.268826 70.386246 -20.939819 -0.011665 -1.287109 -1
0 20.939819 70.386246 -36.268826 3.013672 -1.287109 -1
0 36.268826 55.086533 -20.939819 -0.011665 -3.660156 -1
0 20.939819 55.086533 -36.268826 3.013672 -3.660156 -1
0 36.268826 39.786842 -20.939819 -0.011665 -6.035156 -1
0 20.939819 39.786842 -36.268826 3.013672 -6.035156 -1
0 0.000006 39.786842 -41.879631 -0.011665 -6.035156 -1
0 0.000006 55.086533 -41.879631 -0.011665 -3.660156 -1
0 -20.939810 39.786842 -36.268833 3.013672 -6.035156 -1
0 -20.939810 55.086533 -36.268833 3.013672 -3.660156 -1
0 -36.268822 39.786842 -20.939831 -0.011665 -6.035156 -1
0 -36.268822 55.086533 -20.939831 -0.011665 -3.660156 -1
0 -41.879631 39.786842 -0.000019 3.013672 -6.035156 -1
0 -41.879639 55.086533 -0.000019 3.013672 -3.660156 -1
0 -36.268841 39.786842 20.939796 -0.011665 -6.035156 -1
0 -36.268841 55.086533 20.939796 -0.011665 -3.660156 -1
0 -36.268841 70.386246 20.939796 -0.011665 -1.287109 -1
0 -20.939844 70.386246 36.268818 3.013672 -1.287109 -1
0 -20.939844 55.086533 36.268818 3.013672 -3.660156 -1
0 -20.939840 39.786842 36.268818 3.013672 -6.035156 -1
0 -36.268822 70.386246 -20.939831 -0.011665 -1.287109 -1
0 -41.879639 70.386246 -0.000019 3.013672 -1.287109 -1
0 0.000000 70.386246 41.879631 -0.011665 -1.287109 -1
0 20.939816 70.386246 36.268826 3.013672 -1.287109 -1
0 -20.939810 70.386246 -36.268833 3.013672 -1.287109 -1
0 0.000006 70.386246 -41.879631 -0.011665 -1.287109 -1
0 0.000006 85.685928 -41.879631 -0.011665 1.085388 -1
0 0.000006 100.985596 -41.879631 -0.011665 3.458984 -1
0 36.268826 70.386246 20.939816 -0.011665 -1.287109 -1
0 36.268826 55.086533 20.939816 -0.011665 -3.660156 -1
0 36.268826 39.786842 20.939816 -0.011665 -6.035156 -1
0 41.879631 70.386246 -0.000002 3.013672 -1.287109 -1
0 41.879631 55.086533 -0.000002 3.013672 -3.660156 -1
0 41.879631 39.786842 -0.000002 3.013672 -6.035156 -1
48
-0.575061 0.000000 -0.818110
-0.420974 0.000000 -0.907073
-0.088962 0.000000 -0.996035
0.088962 0.000000 -0.996035
-0.907073 0.000000 -0.420974
-0.818110 0.000000 -0.575061
-0.996035 0.000000 0.088962
-0.996035 0.000000 -0.088962
-0.818110 0.000000 0.575061
-0.907073 0.000000 0.420974
-0.420974 0.000000 0.907073
-0.575061 0.000000 0.818110
0.907073 0.000000 0.420974
0.818110 0.000000 0.575061
0.575061 0.000000 0.818111
0.420974 0.000000 0.907073
0.996035 0.000000 -0.088962
0.996035 0.000000 0.088963
0.818111 0.000000 -0.575061
0.907073 0.000000 -0.420973
0.420974 0.000000 -0.907073
0.575062 0.000000 -0.818110
0.088962 0.000000 -0.996035
-0.818111 0.000000 0.575061
-0.420974 0.000000 0.907073
-0.000000 0.000000 1.000000
-0.000000 0.000000 1.000000
0.575061 0.000000 0.818111
0.818110 0.000000 0.575061
0.907073 0.000000 0.420974
0.996035 0.000000 0.088963
0.996035 0.000000 -0.088962
0.866026 0.000000 -0.499999
0.866026 0.000000 -0.499999
0.846267 0.000000 -0.532759
0.420974 0.000000 -0.907073
0.575062 0.000000 -0.818110
0.420974 0.000000 -0.907073
0.866025 0.000000 0.500000
1.000000 0.000000 0.000000
-0.088962 0.000000 -0.996035
0.500000 0.000000 0.866026
0.053513 0.000000 0.998567
-0.088962 0.000000 0.996035
0.088962 0.000000 0.996035
-0.907073 0.000000 -0.420974
-0.996035 0.000000 0.088962
-0.996035 0.000000 -0.088962
96
0 0 1 2 0 1 2 1
0 1 3 2 1 3 2 1
0 4 5 0 4 5 0 1
0 5 1 0 5 1 0 1
0 6 7 4 6 7 4 1
0 7 5 4 7 5 4 1
0 8 9 6 8 9 6 1
0 9 7 6 9 7 6 1
0 10 11 8 10 11 8 1
0 11 9 8 11 9 8 1
0 12 13 14 12 13 14 1
0 13 15 14 13 15 14 1
0 16 17 12 16 17 12 1
0 17 13 12 17 13 12 1
0 18 19 16 18 19 16 1
0 19 17 16 19 17 16 1
0 20 21 18 20 21 18 1
0 21 19 18 21 19 18 1
0 22 23 24 22 1 2 1
0 23 25 24 1 0 2 1
0 9 11 26 9 11 23 1
0 11 27 26 11 24 23 1
0 28 29 30 9 11 8 1
0 29 31 30 11 10 8 1
0 27 29 26 24 11 23 1
0 29 28 26 11 9 23 1
0 32 33 34 25 26 15 1
0 33 35 34 26 27 15 1
0 36 37 38 28 29 30 1
0 37 39 38 29 31 30 1
0 38 39 40 30 31 32 1
0 39 41 40 31 33 32 1
0 19 21 42 19 21 34 1
0 21 43 42 21 35 34 1
0 41 44 40 33 36 32 1
0 44 45 40 36 37 32 1
0 43 44 42 35 36 34 1
0 44 41 42 36 33 34 1
0 13 17 46 13 17 38 1
0 17 47 46 17 39 38 1
0 46 47 37 38 39 29 1
0 47 39 37 39 31 29 1
0 17 19 47 17 19 39 1
0 19 42 47 19 34 39 1
0 47 42 39 39 34 31 1
0 42 41 39 34 33 31 1
0 3 1 48 3 1 40 1
0 1 49 48 1 0 40 1
0 49 23 48 0 1 40 1
0 48 23 22 40 1 22 1
0 15 13 50 15 13 41 1
0 13 46 50 13 38 41 1
0 50 46 35 41 38 27 1
0 46 37 35 38 29 27 1
0 37 36 35 29 28 27 1
0 35 36 34 27 28 15 1
0 35 33 50 27 26 41 1
0 33 51 50 26 42 41 1
0 50 51 15 41 42 15 1
0 51 52 15 42 43 15 1
0 52 53 15 43 44 15 1
0 15 53 14 15 44 14 1
0 1 5 49 1 5 0 1
0 5 54 49 5 45 0 1
0 54 55 49 45 5 0 1
0 49 55 23 0 5 1 1
0 23 55 25 1 5 0 1
0 55 56 25 5 4 0 1
0 5 7 54 5 7 45 1
0 7 57 54 7 46 45 1
0 57 58 54 46 47 45 1
0 54 58 55 45 47 5 1
0 55 58 56 5 47 4 1
0 58 59 56 47 6 4 1
0 7 9 57 7 9 46 1
0 9 26 57 9 23 46 1
0 26 28 57 23 9 46 1
0 57 28 58 46 9 47 1
0 58 28 59 47 9 6 1
0 28 30 59 9 8 6 1
0 32 31 33 25 10 26 1
0 31 29 33 10 11 26 1
0 29 27 33 11 24 26 1
0 33 27 51 26 24 42 1
0 51 27 52 42 24 43 1
0 27 11 52 24 11 43 1
0 11 10 52 11 10 43 1
0 52 10 53 43 10 44 1
0 24 45 22 2 37 22 1
0 45 44 22 37 36 22 1
0 44 43 22 36 35 22 1
0 22 43 48 22 35 40 1
0 48 43 3 40 35 3 1
0 43 21 3 35 21 3 1
0 21 20 3 21 20 3 1
0 3 20 2 3 20 2 1

Materials: 7
"Tex_0000_0_dds"
1.000000 1.000000 1.000000 1.000000
0.800000 0.800000 0.800000 1.000000
0.500000 0.500000 0.500000 1.000000
1.000000 1.000000 1.000000 1.000000
0.185600
1.000000
"Tex_0000_0.png"
""
"Tex_0001_0_dds"
1.000000 1.000000 1.000000 1.000000
0.800000 0.800000 0.800000 1.000000
0.500000 0.500000 0.500000 1.000000
1.000000 1.000000 1.000000 1.000000
0.185600
1.000000
"Tex_0007_0.png"
""
"Tex_0002_0_dds"
1.000000 1.000000 1.000000 1.000000
0.800000 0.800000 0.800000 1.000000
0.500000 0.500000 0.500000 1.000000
1.000000 1.000000 1.000000 1.000000
0.185600
1.000000
"Tex_0002_0.ini"
""
"Tex_0005_0_dds"
1.000000 1.000000 1.000000 0.690000
0.800000 0.800000 0.800000 0.690000
0.500000 0.500000 0.500000 0.690000
1.000000 1.000000 1.000000 0.690000
0.185600
0.690000
"Tex_0005_0.ini"
""
"Tex_0006_0_dds"
1.000000 1.000000 1.000000 0.670000
0.800000 0.800000 0.800000 0.670000
0.500000 0.500000 0.500000 0.670000
1.000000 1.000000 1.000000 0.670000
0.185600
0.670000
"Tex_0005_1.ini"
""
"Tex_0007_0_dds"
1.000000 1.000000 1.000000 1.000000
0.800000 0.800000 0.800000 1.000000
0.500000 0.500000 0.500000 1.000000
1.000000 1.000000 1.000000 1.000000
0.185600
1.000000
"Tex_0007_0.png"
""
"Material01"
0.200000 0.200000 0.200000 0.460000
0.800000 0.800000 0.800000 0.460000
0.000000 0.000000 0.000000 0.460000
1.000000 1.000000 1.000000 0.460000
0.000000
0.460000
"Tex_0000_0.png"
""

Bones: 0
GroupComments: 0
MaterialComments: 0
BoneComments: 0
ModelComment: 0
