// MilkShape 3D ASCII

Frames: 1
Frame: 1

Meshes: 1
"Tex_0000_0_dds" 0 6
142
0 2.682392 -0.987048 -4.796036 0.012291 1.011459 -1
0 -2.682393 -0.987048 -4.796038 0.012291 1.232666 -1
0 2.618218 -0.990283 -4.684887 0.234497 1.011459 -1
0 -2.618219 -0.990283 -4.684889 0.234497 1.232666 -1
0 2.682390 -0.987048 4.796039 0.012291 1.232666 -1
0 2.618216 -0.990283 4.684891 0.234497 1.232666 -1
0 -2.682393 -0.987048 4.796039 0.012291 1.011459 -1
0 -2.618219 -0.990283 4.684891 0.234497 1.011459 -1
0 5.494686 -0.987048 0.075003 0.012291 1.232666 -1
0 5.366343 -0.990283 0.075005 0.234497 1.232666 -1
0 2.812293 -0.987048 4.721039 0.012291 1.011459 -1
0 2.748123 -0.990283 4.609890 0.234497 1.011459 -1
0 2.812295 -0.987048 -4.721036 0.012291 1.232666 -1
0 2.748125 -0.990283 -4.609886 0.234497 1.232666 -1
0 5.494686 -0.987048 -0.074995 0.012291 1.011459 -1
0 5.366343 -0.990283 -0.074998 0.234497 1.011459 -1
0 3.914856 -0.985861 -6.630801 0.234497 1.011459 -1
0 3.785017 -0.985861 -6.705763 0.012291 1.011459 -1
0 2.812253 -0.772831 -4.721110 0.234497 1.232666 -1
0 2.682477 -0.772831 -4.796036 0.012291 1.232666 -1
0 5.366386 -0.760432 -0.074921 0.234497 1.011459 -1
0 5.366386 -0.760432 0.074928 0.234497 1.011459 -1
0 5.494729 -0.772831 -0.074922 0.012291 1.011459 -1
0 5.494729 -0.772831 0.074930 0.012291 1.011459 -1
0 -3.785018 -0.985861 -6.705765 0.234497 1.011459 -1
0 -3.914858 -0.985861 -6.630802 0.012291 1.011459 -1
0 -2.682477 -0.772831 -4.796038 0.234497 1.232666 -1
0 -2.812253 -0.772831 -4.721112 0.012291 1.232666 -1
0 -7.699874 -0.985861 -0.074960 0.234497 1.011459 -1
0 -7.699874 -0.985861 0.074964 0.012291 1.011459 -1
0 -5.494731 -0.772831 -0.074924 0.234497 1.232666 -1
0 -5.494731 -0.772831 0.074928 0.012291 1.232666 -1
0 -3.914858 -0.985861 6.630805 0.234497 1.011459 -1
0 -3.785018 -0.985861 6.705767 0.012291 1.011459 -1
0 -2.812255 -0.772831 4.721114 0.234497 1.232666 -1
0 -2.682479 -0.772831 4.796039 0.012291 1.232666 -1
0 3.785014 -0.985861 6.705767 0.012291 1.011459 -1
0 3.914853 -0.985861 6.630805 0.234497 1.011459 -1
0 2.682474 -0.772831 4.796039 0.012291 1.232666 -1
0 2.812250 -0.772831 4.721114 0.234497 1.232666 -1
0 2.812295 -0.987048 -4.721036 0.234497 1.232666 -1
0 2.682392 -0.987048 -4.796036 0.012291 1.232666 -1
0 -2.812296 -0.987048 -4.721038 0.012291 1.011459 -1
0 -2.748125 -0.990283 -4.609888 0.234497 1.011459 -1
0 -2.682393 -0.987048 -4.796038 0.012291 1.011459 -1
0 -2.618219 -0.990283 -4.684889 0.234497 1.011459 -1
0 -5.494689 -0.987048 0.075002 0.012291 1.011459 -1
0 -5.366344 -0.990283 0.075003 0.234497 1.011459 -1
0 -5.494689 -0.987048 -0.074998 0.012291 1.011459 -1
0 -5.366344 -0.990283 -0.074999 0.234497 1.011459 -1
0 -2.812296 -0.987048 4.721039 0.012291 1.011459 -1
0 -2.748125 -0.990283 4.609890 0.234497 1.011459 -1
0 2.682390 -0.987048 4.796039 0.012291 1.011459 -1
0 2.618216 -0.990283 4.684891 0.234497 1.011459 -1
0 5.494686 -0.987048 0.075003 0.012291 1.011459 -1
0 5.366343 -0.990283 0.075005 0.234497 1.011459 -1
0 2.812253 -0.772831 -4.721110 0.012291 1.232666 -1
0 2.748080 -0.760432 -4.609964 0.234497 1.232666 -1
0 -2.682477 -0.772831 -4.796038 0.012291 1.232666 -1
0 -2.618308 -0.760432 -4.684889 0.234497 1.232666 -1
0 2.682477 -0.772831 -4.796036 0.012291 1.011459 -1
0 2.618308 -0.760432 -4.684887 0.234497 1.011459 -1
0 -5.494731 -0.772831 -0.074924 0.012291 1.232666 -1
0 -5.366390 -0.760432 -0.074921 0.234497 1.232666 -1
0 -2.812253 -0.772831 -4.721112 0.012291 1.011459 -1
0 -2.748081 -0.760432 -4.609966 0.234497 1.011459 -1
0 -2.812255 -0.772831 4.721114 0.012291 1.232666 -1
0 -2.748083 -0.760432 4.609968 0.234497 1.232666 -1
0 -5.494731 -0.772831 0.074928 0.012291 1.011459 -1
0 -5.366390 -0.760432 0.074925 0.234497 1.011459 -1
0 2.618306 -0.760432 4.684891 0.234497 1.232666 -1
0 -2.682479 -0.772831 4.796039 0.012291 1.011459 -1
0 -2.618310 -0.760432 4.684891 0.234497 1.011459 -1
0 5.494729 -0.772831 0.074930 0.012291 1.232666 -1
0 5.366386 -0.760432 0.074928 0.234497 1.232666 -1
0 2.812250 -0.772831 4.721114 0.012291 1.011459 -1
0 2.748078 -0.760432 4.609968 0.234497 1.011459 -1
0 2.812253 -0.772831 -4.721110 0.012291 1.011459 -1
0 2.748080 -0.760432 -4.609964 0.234497 1.011459 -1
0 5.494729 -0.772831 0.074930 0.234497 1.232666 -1
0 7.699871 -0.985861 0.074966 0.234497 1.011459 -1
0 5.494729 -0.772831 -0.074922 0.012291 1.232666 -1
0 7.699871 -0.985861 -0.074960 0.012291 1.011459 -1
0 -2.682477 -0.772831 -4.796038 0.012291 1.011459 -1
0 -2.618308 -0.760432 -4.684889 0.234497 1.011459 -1
0 -5.494731 -0.772831 -0.074924 0.012291 1.011459 -1
0 -5.366390 -0.760432 -0.074921 0.234497 1.011459 -1
0 -2.812255 -0.772831 4.721114 0.012291 1.011459 -1
0 -2.748083 -0.760432 4.609968 0.234497 1.011459 -1
0 2.682474 -0.772831 4.796039 0.012291 1.011459 -1
0 2.618306 -0.760432 4.684891 0.234497 1.011459 -1
0 -5.366344 -0.990283 -0.074999 0.234497 1.232666 -1
0 -5.494689 -0.987048 -0.074998 0.012291 1.232666 -1
0 2.748125 -0.990283 -4.609886 0.234497 1.011459 -1
0 2.812295 -0.987048 -4.721036 0.012291 1.011459 -1
0 -2.682393 -0.987048 -4.796038 0.234497 1.232666 -1
0 -2.812296 -0.987048 -4.721038 0.012291 1.232666 -1
0 -5.494689 -0.987048 -0.074998 0.234497 1.232666 -1
0 -5.494689 -0.987048 0.075002 0.012291 1.232666 -1
0 2.812293 -0.987048 4.721039 0.234497 1.232666 -1
0 5.494686 -0.987048 0.075003 0.234497 1.232666 -1
0 5.494686 -0.987048 -0.074995 0.012291 1.232666 -1
0 -2.812296 -0.987048 4.721039 0.012291 1.232666 -1
0 -2.748125 -0.990283 4.609890 0.234497 1.232666 -1
0 -2.812296 -0.987048 4.721039 0.234497 1.232666 -1
0 -2.682393 -0.987048 4.796039 0.012291 1.232666 -1
0 3.914858 -0.985861 -6.630803 0.496338 1.491943 -1
0 2.812254 -0.772831 -4.721112 0.496338 1.001727 -1
0 7.699872 -0.985861 -0.074961 0.004829 1.491943 -1
0 5.494730 -0.772831 -0.074924 0.004829 1.001727 -1
0 -3.785017 -0.985861 -6.705768 0.496338 1.491943 -1
0 -2.682476 -0.772831 -4.796039 0.496338 1.001727 -1
0 3.785018 -0.985861 -6.705765 0.004829 1.491943 -1
0 2.682478 -0.772831 -4.796038 0.004829 1.001727 -1
0 -7.699872 -0.985861 -0.074963 0.496338 1.491943 -1
0 -5.494730 -0.772831 -0.074926 0.496338 1.001727 -1
0 -3.914856 -0.985861 -6.630804 0.004829 1.491943 -1
0 -2.812252 -0.772831 -4.721114 0.004829 1.001727 -1
0 -3.914856 -0.985861 6.630803 0.496338 1.491943 -1
0 -2.812253 -0.772831 4.721112 0.496338 1.001727 -1
0 -7.699872 -0.985861 0.074963 0.004829 1.491943 -1
0 -5.494730 -0.772831 0.074926 0.004829 1.001727 -1
0 3.785015 -0.985861 6.705765 0.496338 1.491943 -1
0 2.682476 -0.772831 4.796038 0.496338 1.001727 -1
0 -3.785017 -0.985861 6.705765 0.004829 1.491943 -1
0 -2.682478 -0.772831 4.796038 0.004829 1.001727 -1
0 7.699872 -0.985861 0.074965 0.496338 1.491943 -1
0 5.494730 -0.772831 0.074928 0.496338 1.001727 -1
0 3.914854 -0.985861 6.630803 0.004829 1.491943 -1
0 2.812252 -0.772831 4.721112 0.004829 1.001727 -1
0 -2.812294 -0.987048 -4.721040 0.004829 1.001727 -1
0 -5.494688 -0.987048 -0.075000 0.496338 1.001727 -1
0 -2.682391 -0.987048 -4.796039 0.496338 1.001727 -1
0 2.682393 -0.987048 -4.796038 0.004829 1.001727 -1
0 -2.812294 -0.987048 4.721038 0.496338 1.001727 -1
0 -5.494688 -0.987048 0.074999 0.004829 1.001727 -1
0 2.682391 -0.987048 4.796038 0.496338 1.001727 -1
0 -2.682391 -0.987048 4.796038 0.004829 1.001727 -1
0 5.494688 -0.987048 0.075001 0.496338 1.001727 -1
0 2.812294 -0.987048 4.721038 0.004829 1.001727 -1
0 2.812297 -0.987048 -4.721038 0.496338 1.001727 -1
0 5.494688 -0.987048 -0.074998 0.004829 1.001727 -1
134
-0.008399 0.999671 0.024246
-0.000000 0.999577 0.029093
-0.004200 0.999635 0.026670
-0.000000 0.999577 0.029093
-0.000179 0.999950 -0.010009
0.000000 0.999577 -0.029093
0.004200 0.999635 -0.026670
0.008400 0.999671 -0.024246
-0.025196 0.999577 -0.014547
-0.025196 0.999577 -0.014547
-0.020997 0.999635 -0.016972
-0.016798 0.999671 -0.019398
-0.025196 0.999577 0.014547
-0.025196 0.999577 0.014547
-0.025197 0.999635 0.009698
-0.025198 0.999671 0.004849
0.015863 0.999497 -0.027476
0.031996 0.997950 -0.055420
0.048079 0.995366 -0.083276
0.048079 0.995366 -0.083276
0.096123 0.994983 -0.027727
0.096161 0.995366 0.000000
0.096124 0.994983 -0.027727
-0.023933 0.998854 -0.041453
-0.023933 0.998854 -0.041453
-0.048079 0.995366 -0.083276
-0.048079 0.995366 -0.083275
-0.047866 0.998854 0.000000
-0.096158 0.995366 0.000000
-0.096158 0.995366 0.000000
-0.023933 0.998854 0.041453
-0.023933 0.998854 0.041453
-0.048079 0.995366 0.083276
-0.048079 0.995366 0.083276
0.023933 0.998854 0.041453
0.023933 0.998854 0.041453
0.032063 0.995196 0.092504
0.048079 0.995366 0.083276
-0.000269 1.000000 0.000466
-0.000269 1.000000 0.000466
0.018898 0.999656 0.018185
0.018898 0.999656 0.018185
0.012599 0.999682 0.021822
0.012599 0.999682 0.021822
0.025197 0.999635 -0.009698
0.025198 0.999671 -0.004849
0.025198 0.999682 0.000000
0.012599 0.999682 -0.021822
0.012599 0.999682 -0.021822
-0.012599 0.999682 -0.021822
-0.012599 0.999682 -0.021822
-0.025198 0.999682 0.000000
0.096013 0.993835 -0.055433
0.096013 0.993835 -0.055433
0.000000 0.993835 -0.110865
0.000000 0.993835 -0.110865
0.016032 0.994685 -0.101704
0.032065 0.995196 -0.092506
-0.096013 0.993835 -0.055433
-0.096013 0.993835 -0.055433
-0.080063 0.994685 -0.064737
-0.064080 0.995196 -0.074022
-0.096014 0.993835 0.055434
-0.096013 0.993835 0.055433
-0.096096 0.994685 0.036968
-0.096146 0.995196 0.018484
0.000000 0.993835 0.110867
-0.016032 0.994685 0.101705
-0.032065 0.995196 0.092507
0.096012 0.993835 0.055433
0.096013 0.993835 0.055433
0.080063 0.994685 0.064737
0.064080 0.995196 0.074023
0.048080 0.995366 -0.083278
0.048080 0.995366 -0.083279
0.096158 0.995366 0.000000
0.063993 0.997950 0.000000
0.096158 0.995366 0.000000
0.031727 0.999497 0.000000
-0.048080 0.995366 -0.083279
-0.048080 0.995366 -0.083278
-0.096162 0.995366 0.000000
-0.048080 0.995366 0.083279
-0.048080 0.995366 0.083279
0.048081 0.995366 0.083279
0.048081 0.995366 0.083279
0.025195 0.999577 0.014546
0.025195 0.999577 0.014547
-0.012599 0.999682 0.021822
-0.012599 0.999682 0.021822
0.000269 1.000000 0.000466
0.000269 1.000000 0.000466
0.000538 1.000000 0.000000
-0.000269 1.000000 -0.000466
-0.000538 1.000000 0.000000
0.025196 0.999577 -0.014547
0.025195 0.999577 -0.014547
0.000269 1.000000 -0.000466
0.000269 1.000000 -0.000466
0.095898 -0.993850 -0.055367
0.096010 0.993836 -0.055431
0.190201 0.975584 -0.109812
0.096010 0.993836 -0.055431
0.000000 -0.993850 -0.110733
0.000000 0.993836 -0.110862
0.000000 0.975584 -0.219625
0.000000 0.993836 -0.110862
-0.095898 -0.993850 -0.055367
-0.096010 0.993836 -0.055431
-0.190201 0.975584 -0.109812
-0.096010 0.993836 -0.055431
-0.095898 -0.993850 0.055367
-0.096010 0.993836 0.055431
-0.190201 0.975584 0.109813
-0.096010 0.993836 0.055431
0.000000 -0.993850 0.110733
0.000000 0.993836 0.110862
0.000000 0.975584 0.219625
0.000000 0.993836 0.110862
0.095898 -0.993850 0.055367
0.096010 0.993836 0.055431
0.190201 0.975584 0.109813
0.096010 0.993836 0.055431
-0.000538 -1.000000 -0.000311
-0.000538 -1.000000 -0.000311
0.000000 -1.000000 -0.000622
0.000000 -1.000000 -0.000622
-0.000538 -1.000000 0.000311
-0.000538 -1.000000 0.000311
0.000000 -1.000000 0.000622
0.000538 -1.000000 0.000311
0.000538 -1.000000 0.000311
0.000538 -1.000000 -0.000311
0.000538 -1.000000 -0.000311
96
0 0 1 2 0 1 2 1
0 1 3 2 1 3 2 1
0 4 5 6 4 5 6 1
0 5 7 6 5 7 6 1
0 8 9 10 8 9 10 1
0 9 11 10 9 11 10 1
0 12 13 14 12 13 14 1
0 13 15 14 13 15 14 1
0 16 17 18 16 17 18 1
0 17 19 18 17 19 18 1
0 20 21 22 20 21 22 1
0 21 23 22 21 21 22 1
0 24 25 26 23 24 25 1
0 25 27 26 24 26 25 1
0 28 29 30 27 27 28 1
0 29 31 30 27 29 28 1
0 32 33 34 30 31 32 1
0 33 35 34 31 33 32 1
0 36 37 38 34 35 36 1
0 37 39 38 35 37 36 1
0 40 16 41 38 16 39 1
0 16 17 41 16 17 39 1
0 42 43 44 40 41 42 1
0 43 45 44 41 43 42 1
0 46 47 48 44 45 46 1
0 47 49 48 45 46 46 1
0 6 7 50 6 7 47 1
0 7 51 50 7 48 47 1
0 10 11 52 10 11 49 1
0 11 53 52 11 50 49 1
0 14 15 54 14 15 51 1
0 15 55 54 15 51 51 1
0 56 57 22 52 53 22 1
0 57 20 22 53 20 22 1
0 58 59 60 54 55 56 1
0 59 61 60 55 57 56 1
0 62 63 64 58 59 60 1
0 63 65 64 59 61 60 1
0 66 67 68 62 63 64 1
0 67 69 68 63 65 64 1
0 38 70 71 36 66 67 1
0 70 72 71 66 68 67 1
0 73 74 75 69 70 71 1
0 74 76 75 70 72 71 1
0 60 61 77 56 57 73 1
0 61 78 77 57 74 73 1
0 79 80 81 75 76 77 1
0 80 82 81 76 78 77 1
0 64 65 83 60 61 79 1
0 65 84 83 61 80 79 1
0 68 69 85 64 65 81 1
0 69 86 85 65 81 81 1
0 71 72 87 67 68 82 1
0 72 88 87 68 83 82 1
0 75 76 89 71 72 84 1
0 76 90 89 72 85 84 1
0 91 43 92 86 41 87 1
0 43 42 92 41 40 87 1
0 2 93 0 2 88 0 1
0 93 94 0 88 89 0 1
0 24 25 95 23 24 90 1
0 25 96 95 24 91 90 1
0 28 29 97 27 27 92 1
0 29 98 97 27 92 92 1
0 36 37 4 34 35 4 1
0 37 99 4 35 93 4 1
0 80 82 100 76 78 94 1
0 82 101 100 78 94 94 1
0 102 103 46 95 96 44 1
0 103 47 46 96 45 44 1
0 32 33 104 30 31 97 1
0 33 105 104 31 98 97 1
0 106 107 108 99 100 101 1
0 107 109 108 100 102 101 1
0 110 111 112 103 104 105 1
0 111 113 112 104 106 105 1
0 114 115 116 107 108 109 1
0 115 117 116 108 110 109 1
0 118 119 120 111 112 113 1
0 119 121 120 112 114 113 1
0 122 123 124 115 116 117 1
0 123 125 124 116 118 117 1
0 126 127 128 119 120 121 1
0 127 129 128 120 122 121 1
0 116 130 114 109 123 107 1
0 130 131 114 123 124 107 1
0 132 110 133 125 103 126 1
0 110 112 133 103 105 126 1
0 134 118 135 127 111 128 1
0 118 120 135 111 113 128 1
0 136 122 137 129 115 129 1
0 122 124 137 115 117 129 1
0 138 126 139 130 119 131 1
0 126 128 139 119 121 131 1
0 140 106 141 132 99 133 1
0 106 108 141 99 101 133 1

Materials: 7
"Tex_0000_0_dds"
1.000000 1.000000 1.000000 1.000000
0.800000 0.800000 0.800000 1.000000
0.500000 0.500000 0.500000 1.000000
1.000000 1.000000 1.000000 1.000000
0.185600
1.000000
"Tex_0000_0.png"
""
"Tex_0001_0_dds"
1.000000 1.000000 1.000000 1.000000
0.800000 0.800000 0.800000 1.000000
0.500000 0.500000 0.500000 1.000000
1.000000 1.000000 1.000000 1.000000
0.185600
1.000000
"Tex_0007_0.png"
""
"Tex_0002_0_dds"
1.000000 1.000000 1.000000 1.000000
0.800000 0.800000 0.800000 1.000000
0.500000 0.500000 0.500000 1.000000
1.000000 1.000000 1.000000 1.000000
0.185600
1.000000
"Tex_0002_0.png"
""
"Tex_0005_0_dds"
1.000000 1.000000 1.000000 0.690000
0.800000 0.800000 0.800000 0.690000
0.500000 0.500000 0.500000 0.690000
1.000000 1.000000 1.000000 0.690000
0.185600
0.690000
"Tex_0005_0.ini"
""
"Tex_0006_0_dds"
1.000000 1.000000 1.000000 0.670000
0.800000 0.800000 0.800000 0.670000
0.500000 0.500000 0.500000 0.670000
1.000000 1.000000 1.000000 0.670000
0.185600
0.670000
"Tex_0005_1.ini"
""
"Tex_0007_0_dds"
1.000000 1.000000 1.000000 1.000000
0.800000 0.800000 0.800000 1.000000
0.500000 0.500000 0.500000 1.000000
1.000000 1.000000 1.000000 1.000000
0.185600
1.000000
"Tex_0007_0.png"
""
"Material01"
0.200000 0.200000 0.200000 0.460000
0.800000 0.800000 0.800000 0.460000
0.000000 0.000000 0.000000 0.460000
1.000000 1.000000 1.000000 0.460000
0.000000
0.460000
"Tex_0000_0.png"
""

Bones: 0
GroupComments: 0
MaterialComments: 0
BoneComments: 0
ModelComment: 0
