// MilkShape 3D ASCII

Frames: 1
Frame: 1

Meshes: 1
"Tex_0000_0_dds" 0 0
84
0 4.605713 -0.225444 -7.800942 0.234497 1.011459 -1
0 4.452961 -0.225444 -7.889133 0.012291 1.011459 -1
0 3.308533 -0.012414 -5.554247 0.234497 1.232666 -1
0 3.155856 -0.012414 -5.642395 0.012291 1.232666 -1
0 6.313396 -0.000015 -0.088142 0.234497 1.011459 -1
0 6.313396 -0.000015 0.088150 0.234497 1.011459 -1
0 6.464387 -0.012414 -0.088144 0.012291 1.011459 -1
0 6.464387 -0.012414 0.088153 0.012291 1.011459 -1
0 -4.452963 -0.225444 -7.889135 0.234497 1.011459 -1
0 -4.605715 -0.225444 -7.800945 0.012291 1.011459 -1
0 -3.155856 -0.012414 -5.642397 0.234497 1.232666 -1
0 -3.308533 -0.012414 -5.554249 0.012291 1.232666 -1
0 -9.058676 -0.225444 -0.088189 0.234497 1.011459 -1
0 -9.058676 -0.225444 0.088193 0.012291 1.011459 -1
0 -6.464389 -0.012414 -0.088146 0.234497 1.232666 -1
0 -6.464389 -0.012414 0.088151 0.012291 1.232666 -1
0 -4.605715 -0.225444 7.800947 0.234497 1.011459 -1
0 -4.452963 -0.225444 7.889138 0.012291 1.011459 -1
0 -3.308535 -0.012414 5.554252 0.234497 1.232666 -1
0 -3.155858 -0.012414 5.642400 0.012291 1.232666 -1
0 4.452958 -0.225444 7.889138 0.012291 1.011459 -1
0 4.605710 -0.225444 7.800947 0.234497 1.011459 -1
0 3.155853 -0.012414 5.642400 0.012291 1.232666 -1
0 3.308530 -0.012414 5.554252 0.234497 1.232666 -1
0 3.155756 -0.226631 -5.642395 0.012291 1.232666 -1
0 3.308583 -0.226631 -5.554161 0.234497 1.232666 -1
0 -3.080257 -0.229866 -5.511634 0.234497 1.011459 -1
0 -3.233088 -0.229866 -5.423398 0.234497 1.011459 -1
0 -3.155756 -0.226631 -5.642397 0.012291 1.011459 -1
0 -3.308583 -0.226631 -5.554163 0.012291 1.011459 -1
0 -6.313347 -0.229866 -0.088235 0.234497 1.011459 -1
0 -6.313347 -0.229866 0.088239 0.234497 1.011459 -1
0 -6.464340 -0.226631 -0.088232 0.012291 1.011459 -1
0 -6.464340 -0.226631 0.088237 0.012291 1.011459 -1
0 -3.233088 -0.229866 5.423400 0.234497 1.011459 -1
0 -3.080257 -0.229866 5.511637 0.234497 1.011459 -1
0 -3.308583 -0.226631 5.554165 0.012291 1.011459 -1
0 -3.155756 -0.226631 5.642400 0.012291 1.011459 -1
0 3.080255 -0.229866 5.511637 0.234497 1.011459 -1
0 3.233087 -0.229866 5.423400 0.234497 1.011459 -1
0 3.155753 -0.226631 5.642400 0.012291 1.011459 -1
0 3.308581 -0.226631 5.554165 0.012291 1.011459 -1
0 6.313344 -0.229866 0.088242 0.234497 1.011459 -1
0 6.313344 -0.229866 -0.088233 0.234497 1.011459 -1
0 6.464337 -0.226631 0.088239 0.012291 1.011459 -1
0 6.464337 -0.226631 -0.088230 0.012291 1.011459 -1
0 3.155856 -0.012414 -5.642395 0.012291 1.011459 -1
0 3.080363 -0.000015 -5.511632 0.234497 1.011459 -1
0 3.308533 -0.012414 -5.554247 0.012291 1.011459 -1
0 3.233035 -0.000015 -5.423487 0.234497 1.011459 -1
0 6.464387 -0.012414 0.088153 0.234497 1.232666 -1
0 9.058672 -0.225444 0.088196 0.234497 1.011459 -1
0 6.464387 -0.012414 -0.088144 0.012291 1.232666 -1
0 9.058672 -0.225444 -0.088187 0.012291 1.011459 -1
0 -3.308533 -0.012414 -5.554249 0.012291 1.011459 -1
0 -3.233036 -0.000015 -5.423489 0.234497 1.011459 -1
0 -3.155856 -0.012414 -5.642397 0.012291 1.011459 -1
0 -3.080363 -0.000015 -5.511634 0.234497 1.011459 -1
0 -6.464389 -0.012414 0.088151 0.012291 1.011459 -1
0 -6.313399 -0.000015 0.088148 0.234497 1.011459 -1
0 -6.464389 -0.012414 -0.088146 0.012291 1.011459 -1
0 -6.313399 -0.000015 -0.088143 0.234497 1.011459 -1
0 -3.155858 -0.012414 5.642400 0.012291 1.011459 -1
0 -3.080365 -0.000015 5.511637 0.234497 1.011459 -1
0 -3.308535 -0.012414 5.554252 0.012291 1.011459 -1
0 -3.233038 -0.000015 5.423491 0.234497 1.011459 -1
0 3.308530 -0.012414 5.554252 0.012291 1.011459 -1
0 3.233033 -0.000015 5.423491 0.234497 1.011459 -1
0 3.155853 -0.012414 5.642400 0.012291 1.011459 -1
0 3.080360 -0.000015 5.511637 0.234497 1.011459 -1
0 3.308583 -0.226631 -5.554161 0.012291 1.011459 -1
0 3.233088 -0.229866 -5.423395 0.234497 1.011459 -1
0 3.155756 -0.226631 -5.642395 0.012291 1.011459 -1
0 3.080257 -0.229866 -5.511632 0.234497 1.011459 -1
0 -3.308583 -0.226631 -5.554163 0.012291 1.232666 -1
0 -3.155756 -0.226631 -5.642397 0.234497 1.232666 -1
0 -6.464340 -0.226631 0.088237 0.012291 1.232666 -1
0 -6.464340 -0.226631 -0.088232 0.234497 1.232666 -1
0 3.308581 -0.226631 5.554165 0.234497 1.232666 -1
0 3.155753 -0.226631 5.642400 0.012291 1.232666 -1
0 6.464337 -0.226631 -0.088230 0.012291 1.232666 -1
0 6.464337 -0.226631 0.088239 0.234497 1.232666 -1
0 -3.155756 -0.226631 5.642400 0.012291 1.232666 -1
0 -3.308583 -0.226631 5.554165 0.234497 1.232666 -1
78
0.041099 -0.996616 -0.071186
0.081517 0.986620 -0.141192
0.040920 0.996646 -0.070875
0.040920 0.996646 -0.070875
0.081819 0.996368 -0.023606
0.081842 0.996645 0.000000
0.081819 0.996368 -0.023606
-0.499580 -0.040725 -0.865310
-0.499582 -0.040725 -0.865309
-0.040920 0.996646 -0.070875
-0.040920 0.996646 -0.070875
-0.999170 -0.040725 0.000000
-0.999170 -0.040725 0.000000
-0.081840 0.996646 0.000000
-0.499584 -0.040725 0.865308
-0.499583 -0.040725 0.865308
-0.040920 0.996646 0.070875
-0.040920 0.996646 0.070875
0.499584 -0.040725 0.865308
0.499583 -0.040725 0.865308
0.027287 0.996522 0.078735
0.040920 0.996646 0.070875
0.000229 -1.000000 -0.000396
0.000229 -1.000000 -0.000396
-0.010710 -0.999771 -0.018550
-0.016064 -0.999751 -0.015458
-0.010710 -0.999771 -0.018550
-0.016064 -0.999751 -0.015458
-0.021420 -0.999771 0.000000
-0.021420 -0.999762 0.004122
-0.021419 -0.999737 0.008244
-0.010710 -0.999771 0.018550
-0.007140 -0.999762 0.020611
-0.010710 -0.999771 0.018550
-0.003570 -0.999737 0.022672
0.010710 -0.999771 0.018550
0.014280 -0.999762 0.016489
0.010710 -0.999771 0.018550
0.017849 -0.999737 0.014428
0.021420 -0.999771 0.000000
0.021420 -0.999762 -0.004122
0.021420 -0.999771 0.000000
0.021419 -0.999737 -0.008244
0.013644 0.996152 -0.086579
0.027287 0.996522 -0.078737
0.040921 0.996645 -0.070878
0.040921 0.996645 -0.070878
0.081840 0.996646 0.000000
0.163035 0.986620 0.000000
0.082199 -0.996616 0.000000
-0.068158 0.996152 -0.055105
-0.054544 0.996522 -0.063000
-0.040921 0.996645 -0.070878
-0.040921 0.996645 -0.070878
-0.081801 0.996152 0.031473
-0.081832 0.996522 0.015737
-0.081843 0.996645 0.000000
-0.013644 0.996152 0.086579
-0.027287 0.996522 0.078737
-0.040921 0.996645 0.070877
-0.040921 0.996645 0.070877
0.068157 0.996152 0.055105
0.054544 0.996522 0.063000
0.040921 0.996645 0.070877
0.040921 0.996645 0.070878
0.010710 -0.999771 -0.018550
0.010710 -0.999771 -0.018550
0.007140 -0.999762 -0.020611
0.003570 -0.999737 -0.022672
-0.000229 -1.000000 -0.000396
-0.000229 -1.000000 -0.000396
-0.000458 -1.000000 0.000000
0.000229 -1.000000 0.000396
0.000153 -0.999964 0.008509
0.000458 -1.000000 0.000000
0.000458 -1.000000 0.000000
-0.000229 -1.000000 0.000396
-0.000229 -1.000000 0.000396
48
0 0 1 2 0 1 2 1
0 1 3 2 1 3 2 1
0 4 5 6 4 5 6 1
0 5 7 6 5 5 6 1
0 8 9 10 7 8 9 1
0 9 11 10 8 10 9 1
0 12 13 14 11 12 13 1
0 13 15 14 12 13 13 1
0 16 17 18 14 15 16 1
0 17 19 18 15 17 16 1
0 20 21 22 18 19 20 1
0 21 23 22 19 21 20 1
0 1 0 24 1 0 22 1
0 0 25 24 0 23 22 1
0 26 27 28 24 25 26 1
0 27 29 28 25 27 26 1
0 30 31 32 28 29 28 1
0 31 33 32 29 30 28 1
0 34 35 36 31 32 33 1
0 35 37 36 32 34 33 1
0 38 39 40 35 36 37 1
0 39 41 40 36 38 37 1
0 42 43 44 39 40 41 1
0 43 45 44 40 42 41 1
0 46 47 48 43 44 45 1
0 47 49 48 44 46 45 1
0 50 51 52 47 48 47 1
0 51 53 52 48 49 47 1
0 54 55 56 50 51 52 1
0 55 57 56 51 53 52 1
0 58 59 60 54 55 56 1
0 59 61 60 55 56 56 1
0 62 63 64 57 58 59 1
0 63 65 64 58 60 59 1
0 66 67 68 61 62 63 1
0 67 69 68 62 64 63 1
0 70 71 72 65 66 67 1
0 71 73 72 66 68 67 1
0 74 9 75 69 8 70 1
0 9 8 75 8 7 70 1
0 76 13 77 71 12 71 1
0 13 12 77 12 11 71 1
0 78 21 79 72 19 73 1
0 21 20 79 19 18 73 1
0 80 53 81 74 49 75 1
0 53 51 81 49 48 75 1
0 82 17 83 76 15 77 1
0 17 16 83 15 14 77 1

Materials: 1
"Material01"
0.200000 0.200000 0.200000 0.460000
0.800000 0.800000 0.800000 0.460000
0.000000 0.000000 0.000000 0.460000
1.000000 1.000000 1.000000 0.460000
0.000000
0.460000
"Tex_0000_0.png"
""

Bones: 0
GroupComments: 0
MaterialComments: 0
BoneComments: 0
ModelComment: 0
