// MilkShape 3D ASCII

Frames: 1
Frame: 1

Meshes: 1
"Tex_0007_0_dds" 0 5
408
0 -10.997118 5.080406 0.012764 0.373535 1.114258 -1
0 -11.108331 5.083222 0.070950 0.374756 1.230469 -1
0 -11.027266 5.196968 0.070950 0.437500 1.146484 -1
0 -10.896094 5.012923 0.070950 0.335938 1.010551 -1
0 -10.896094 5.153521 0.070950 0.413574 1.010529 -1
0 -11.027266 4.969476 0.070950 0.312012 1.146484 -1
0 11.265363 5.083222 0.070952 0.374756 1.230469 -1
0 11.154149 5.080406 0.012766 0.373535 1.114258 -1
0 11.184297 5.196968 0.070952 0.437500 1.146484 -1
0 11.053126 5.012923 0.070952 0.335938 1.010551 -1
0 11.053126 5.153521 0.070952 0.413574 1.010529 -1
0 11.184297 4.969476 0.070952 0.312012 1.146484 -1
0 -10.997118 2.581370 0.012764 0.373535 1.114258 -1
0 -11.108331 2.584186 0.070950 0.374756 1.230469 -1
0 -11.027266 2.697933 0.070950 0.437500 1.146484 -1
0 -10.896094 2.513887 0.070950 0.335938 1.010551 -1
0 -10.896094 2.654485 0.070950 0.413574 1.010529 -1
0 -11.027266 2.470440 0.070950 0.312012 1.146484 -1
0 11.265363 2.584186 0.070952 0.374756 1.230469 -1
0 11.154149 2.581370 0.012766 0.373535 1.114258 -1
0 11.184297 2.697933 0.070952 0.437500 1.146484 -1
0 11.053126 2.513887 0.070952 0.335938 1.010551 -1
0 11.053126 2.654485 0.070952 0.413574 1.010529 -1
0 11.184297 2.470440 0.070952 0.312012 1.146484 -1
0 -4.838714 5.083222 10.119732 0.259033 1.074890 -1
0 -4.803096 5.196968 10.046945 0.305664 1.074890 -1
0 -6.915950 5.083222 8.798353 0.259033 1.105835 -1
0 -6.865260 5.196968 8.735152 0.305664 1.105835 -1
0 -4.745465 5.153521 9.929171 0.352051 1.074890 -1
0 -6.783243 5.153521 8.632892 0.352051 1.105835 -1
0 -4.745465 5.012923 9.929171 0.398682 1.074890 -1
0 -6.783243 5.012923 8.632892 0.398682 1.105835 -1
0 -4.803096 4.969476 10.046945 0.445312 1.074890 -1
0 -6.865260 4.969476 8.735152 0.445312 1.105835 -1
0 -4.838714 5.083222 10.119732 0.491943 1.074890 -1
0 -6.915950 5.083222 8.798353 0.491943 1.105835 -1
0 -2.484544 5.083222 10.962080 0.259033 1.043518 -1
0 -2.466124 5.196968 10.883140 0.305664 1.043518 -1
0 -2.436320 5.153521 10.755408 0.352051 1.043518 -1
0 -2.436320 5.012923 10.755408 0.398682 1.043518 -1
0 -2.466124 4.969476 10.883140 0.445312 1.043518 -1
0 -2.484544 5.083222 10.962080 0.491943 1.043518 -1
0 0.078515 5.083222 11.257797 0.259033 1.011116 -1
0 0.078515 5.196968 11.176732 0.305664 1.011116 -1
0 0.078515 5.153521 11.045561 0.352051 1.011116 -1
0 0.078515 5.012923 11.045561 0.398682 1.011116 -1
0 0.078515 4.969476 11.176732 0.445312 1.011116 -1
0 0.078515 5.083222 11.257797 0.491943 1.011116 -1
0 11.184297 5.196968 0.070952 0.305664 1.231323 -1
0 10.890701 5.196968 2.615593 0.305664 1.198975 -1
0 11.265363 5.083222 0.070952 0.259033 1.231323 -1
0 10.969644 5.083222 2.634013 0.259033 1.198975 -1
0 11.053126 5.153521 0.070952 0.352051 1.231323 -1
0 10.762971 5.153521 2.585788 0.352051 1.198975 -1
0 11.053126 5.012923 0.070952 0.398682 1.231323 -1
0 10.762971 5.012923 2.585788 0.398682 1.198975 -1
0 11.184297 4.969476 0.070952 0.445312 1.231323 -1
0 10.890701 4.969476 2.615593 0.445312 1.198975 -1
0 11.265363 5.083222 0.070952 0.491943 1.231323 -1
0 10.969644 5.083222 2.634013 0.491943 1.198975 -1
0 10.054509 5.196968 4.952566 0.305664 1.167480 -1
0 10.127295 5.083222 4.988184 0.259033 1.167480 -1
0 9.936736 5.153521 4.894933 0.352051 1.167480 -1
0 9.936736 5.012923 4.894933 0.398682 1.167480 -1
0 10.054509 4.969476 4.952566 0.445312 1.167480 -1
0 10.127295 5.083222 4.988184 0.491943 1.167480 -1
0 8.742716 5.196968 7.014729 0.305664 1.136597 -1
0 8.805917 5.083222 7.065418 0.259033 1.136597 -1
0 8.640456 5.153521 6.932711 0.352051 1.136597 -1
0 8.640456 5.012923 6.932711 0.398682 1.136597 -1
0 8.742716 4.969476 7.014729 0.445312 1.136597 -1
0 8.805917 5.083222 7.065418 0.491943 1.136597 -1
0 7.022290 5.196968 8.735154 0.305664 1.105835 -1
0 7.072979 5.083222 8.798355 0.259033 1.105835 -1
0 6.940272 5.153521 8.632894 0.352051 1.105835 -1
0 6.940272 5.012923 8.632894 0.398682 1.105835 -1
0 7.022290 4.969476 8.735154 0.445312 1.105835 -1
0 7.072979 5.083222 8.798355 0.491943 1.105835 -1
0 4.960126 5.196968 10.046945 0.305664 1.074890 -1
0 4.995744 5.083222 10.119732 0.259033 1.074890 -1
0 4.902495 5.153521 9.929171 0.352051 1.074890 -1
0 4.902495 5.012923 9.929171 0.398682 1.074890 -1
0 4.960126 4.969476 10.046945 0.445312 1.074890 -1
0 4.995744 5.083222 10.119732 0.491943 1.074890 -1
0 2.623154 5.196968 10.883140 0.305664 1.043518 -1
0 2.641574 5.083222 10.962080 0.259033 1.043518 -1
0 2.593349 5.153521 10.755408 0.352051 1.043518 -1
0 2.593349 5.012923 10.755408 0.398682 1.043518 -1
0 2.623154 4.969476 10.883140 0.445312 1.043518 -1
0 2.641574 5.083222 10.962080 0.491943 1.043518 -1
0 -10.812613 2.584186 2.634012 0.259033 1.198975 -1
0 -10.733670 2.697933 2.615591 0.305664 1.198975 -1
0 -11.108331 2.584186 0.070950 0.259033 1.231323 -1
0 -11.027266 2.697933 0.070950 0.305664 1.231323 -1
0 -10.605940 2.654485 2.585787 0.352051 1.198975 -1
0 -10.896094 2.654485 0.070950 0.352051 1.231323 -1
0 -10.605940 2.513887 2.585787 0.398682 1.198975 -1
0 -10.896094 2.513887 0.070950 0.398682 1.231323 -1
0 -10.733670 2.470440 2.615591 0.445312 1.198975 -1
0 -11.027266 2.470440 0.070950 0.445312 1.231323 -1
0 -10.812613 2.584186 2.634012 0.491943 1.198975 -1
0 -11.108331 2.584186 0.070950 0.491943 1.231323 -1
0 -9.970264 2.584186 4.988183 0.259033 1.167480 -1
0 -9.897478 2.697933 4.952564 0.305664 1.167480 -1
0 -9.779705 2.654485 4.894931 0.352051 1.167480 -1
0 -9.779705 2.513887 4.894931 0.398682 1.167480 -1
0 -9.897478 2.470440 4.952564 0.445312 1.167480 -1
0 -9.970264 2.584186 4.988183 0.491943 1.167480 -1
0 -8.648888 2.584186 7.065416 0.259033 1.136597 -1
0 -8.585687 2.697933 7.014727 0.305664 1.136597 -1
0 -8.483427 2.654485 6.932709 0.352051 1.136597 -1
0 -8.483427 2.513887 6.932709 0.398682 1.136597 -1
0 -8.585687 2.470440 7.014727 0.445312 1.136597 -1
0 -8.648888 2.584186 7.065416 0.491943 1.136597 -1
0 -6.915950 2.584186 8.798353 0.259033 1.105835 -1
0 -6.865260 2.697933 8.735152 0.305664 1.105835 -1
0 -6.783243 2.654485 8.632892 0.352051 1.105835 -1
0 -6.783243 2.513887 8.632892 0.398682 1.105835 -1
0 -6.865260 2.470440 8.735152 0.445312 1.105835 -1
0 -6.915950 2.584186 8.798353 0.491943 1.105835 -1
0 -4.838714 2.584186 10.119732 0.259033 1.074890 -1
0 -4.803096 2.697933 10.046945 0.305664 1.074890 -1
0 -4.745465 2.654485 9.929171 0.352051 1.074890 -1
0 -4.745465 2.513887 9.929171 0.398682 1.074890 -1
0 -4.803096 2.470440 10.046945 0.445312 1.074890 -1
0 -4.838714 2.584186 10.119732 0.491943 1.074890 -1
0 -2.484544 2.584186 10.962080 0.259033 1.043518 -1
0 -2.466124 2.697933 10.883140 0.305664 1.043518 -1
0 -2.436320 2.654485 10.755408 0.352051 1.043518 -1
0 -2.436320 2.513887 10.755408 0.398682 1.043518 -1
0 -2.466124 2.470440 10.883140 0.445312 1.043518 -1
0 -2.484544 2.584186 10.962080 0.491943 1.043518 -1
0 0.078515 2.584186 11.257797 0.259033 1.011116 -1
0 0.078515 2.697933 11.176732 0.305664 1.011116 -1
0 0.078515 2.654485 11.045561 0.352051 1.011116 -1
0 0.078515 2.513887 11.045561 0.398682 1.011116 -1
0 0.078515 2.470440 11.176732 0.445312 1.011116 -1
0 0.078515 2.584186 11.257797 0.491943 1.011116 -1
0 11.184297 2.697933 0.070952 0.305664 1.231323 -1
0 10.890701 2.697933 2.615593 0.305664 1.198975 -1
0 11.265363 2.584186 0.070952 0.259033 1.231323 -1
0 10.969644 2.584186 2.634013 0.259033 1.198975 -1
0 11.053126 2.654485 0.070952 0.352051 1.231323 -1
0 10.762971 2.654485 2.585788 0.352051 1.198975 -1
0 11.053126 2.513887 0.070952 0.398682 1.231323 -1
0 10.762971 2.513887 2.585788 0.398682 1.198975 -1
0 11.184297 2.470440 0.070952 0.445312 1.231323 -1
0 10.890701 2.470440 2.615593 0.445312 1.198975 -1
0 11.265363 2.584186 0.070952 0.491943 1.231323 -1
0 10.969644 2.584186 2.634013 0.491943 1.198975 -1
0 10.054509 2.697933 4.952566 0.305664 1.167480 -1
0 10.127295 2.584186 4.988184 0.259033 1.167480 -1
0 9.936736 2.654485 4.894933 0.352051 1.167480 -1
0 9.936736 2.513887 4.894933 0.398682 1.167480 -1
0 10.054509 2.470440 4.952566 0.445312 1.167480 -1
0 10.127295 2.584186 4.988184 0.491943 1.167480 -1
0 8.742716 2.697933 7.014729 0.305664 1.136597 -1
0 8.805917 2.584186 7.065418 0.259033 1.136597 -1
0 8.640456 2.654485 6.932711 0.352051 1.136597 -1
0 8.640456 2.513887 6.932711 0.398682 1.136597 -1
0 8.742716 2.470440 7.014729 0.445312 1.136597 -1
0 8.805917 2.584186 7.065418 0.491943 1.136597 -1
0 7.022290 2.697933 8.735154 0.305664 1.105835 -1
0 7.072979 2.584186 8.798355 0.259033 1.105835 -1
0 6.940272 2.654485 8.632894 0.352051 1.105835 -1
0 6.940272 2.513887 8.632894 0.398682 1.105835 -1
0 7.022290 2.470440 8.735154 0.445312 1.105835 -1
0 7.072979 2.584186 8.798355 0.491943 1.105835 -1
0 4.960126 2.697933 10.046945 0.305664 1.074890 -1
0 4.995744 2.584186 10.119732 0.259033 1.074890 -1
0 4.902495 2.654485 9.929171 0.352051 1.074890 -1
0 4.902495 2.513887 9.929171 0.398682 1.074890 -1
0 4.960126 2.470440 10.046945 0.445312 1.074890 -1
0 4.995744 2.584186 10.119732 0.491943 1.074890 -1
0 2.623154 2.697933 10.883140 0.305664 1.043518 -1
0 2.641574 2.584186 10.962080 0.259033 1.043518 -1
0 2.593349 2.654485 10.755408 0.352051 1.043518 -1
0 2.593349 2.513887 10.755408 0.398682 1.043518 -1
0 2.623154 2.470440 10.883140 0.445312 1.043518 -1
0 2.641574 2.584186 10.962080 0.491943 1.043518 -1
0 -10.812613 5.083222 2.634012 0.259033 1.198975 -1
0 -10.733670 5.196968 2.615591 0.305664 1.198975 -1
0 -11.108331 5.083222 0.070950 0.259033 1.231323 -1
0 -11.027266 5.196968 0.070950 0.305664 1.231323 -1
0 -10.605940 5.153521 2.585787 0.352051 1.198975 -1
0 -10.896094 5.153521 0.070950 0.352051 1.231323 -1
0 -10.605940 5.012923 2.585787 0.398682 1.198975 -1
0 -10.896094 5.012923 0.070950 0.398682 1.231323 -1
0 -10.733670 4.969476 2.615591 0.445312 1.198975 -1
0 -11.027266 4.969476 0.070950 0.445312 1.231323 -1
0 -10.812613 5.083222 2.634012 0.491943 1.198975 -1
0 -11.108331 5.083222 0.070950 0.491943 1.231323 -1
0 -9.970264 5.083222 4.988183 0.259033 1.167480 -1
0 -9.897478 5.196968 4.952564 0.305664 1.167480 -1
0 -9.779705 5.153521 4.894931 0.352051 1.167480 -1
0 -9.779705 5.012923 4.894931 0.398682 1.167480 -1
0 -9.897478 4.969476 4.952564 0.445312 1.167480 -1
0 -9.970264 5.083222 4.988183 0.491943 1.167480 -1
0 -8.648888 5.083222 7.065416 0.259033 1.136597 -1
0 -8.585687 5.196968 7.014727 0.305664 1.136597 -1
0 -8.483427 5.153521 6.932709 0.352051 1.136597 -1
0 -8.483427 5.012923 6.932709 0.398682 1.136597 -1
0 -8.585687 4.969476 7.014727 0.445312 1.136597 -1
0 -8.648888 5.083222 7.065416 0.491943 1.136597 -1
0 -11.002210 5.078059 -0.035725 0.125610 1.114380 -1
0 -11.224635 5.083692 0.080648 0.126831 1.228760 -1
0 -11.062502 5.311184 0.080648 0.185669 1.146118 -1
0 -10.800163 4.943093 0.080648 0.090393 1.012253 -1
0 -10.800163 5.224289 0.080648 0.163208 1.012230 -1
0 -11.062502 4.856199 0.080648 0.067993 1.146118 -1
0 11.381666 5.083692 0.080650 0.126831 1.228760 -1
0 11.159239 5.078059 -0.035723 0.125610 1.114380 -1
0 11.219533 5.311184 0.080650 0.185669 1.146118 -1
0 10.957193 4.943093 0.080650 0.090393 1.012253 -1
0 10.957193 5.224289 0.080650 0.163208 1.012230 -1
0 11.219533 4.856199 0.080650 0.067993 1.146118 -1
0 -11.002210 2.579024 -0.035725 0.125610 1.114380 -1
0 -11.224635 2.584656 0.080648 0.126831 1.228760 -1
0 -11.062502 2.812148 0.080648 0.185669 1.146118 -1
0 -10.800163 2.444057 0.080648 0.090393 1.012253 -1
0 -10.800163 2.725254 0.080648 0.163208 1.012230 -1
0 -11.062502 2.357163 0.080648 0.067993 1.146118 -1
0 11.381666 2.584656 0.080650 0.126831 1.228760 -1
0 11.159239 2.579024 -0.035723 0.125610 1.114380 -1
0 11.219533 2.812148 0.080650 0.185669 1.146118 -1
0 10.957193 2.444057 0.080650 0.090393 1.012253 -1
0 10.957193 2.725254 0.080650 0.163208 1.012230 -1
0 11.219533 2.357163 0.080650 0.067993 1.146118 -1
0 -4.890260 5.083222 10.225070 0.013908 1.074524 -1
0 -4.819024 5.310715 10.079495 0.058746 1.074524 -1
0 -6.989309 5.083222 8.889817 0.013908 1.105408 -1
0 -6.887929 5.310715 8.763417 0.058746 1.105408 -1
0 -4.703763 5.223821 9.843948 0.103638 1.074524 -1
0 -6.723895 5.223821 8.558895 0.103638 1.105408 -1
0 -4.703763 4.942624 9.843948 0.148438 1.074524 -1
0 -6.723895 4.942624 8.558895 0.148438 1.105408 -1
0 -4.819024 4.855730 10.079495 0.193359 1.074524 -1
0 -6.887929 4.855730 8.763417 0.193359 1.105408 -1
0 -4.890260 5.083222 10.225070 0.238159 1.074524 -1
0 -6.989309 5.083222 8.889817 0.238159 1.105408 -1
0 -2.511202 5.083222 11.076325 0.013908 1.043121 -1
0 -2.474361 5.310715 10.918444 0.058746 1.043121 -1
0 -2.414752 5.223821 10.662982 0.103638 1.043121 -1
0 -2.414752 4.942624 10.662982 0.148438 1.043121 -1
0 -2.474361 4.855730 10.918444 0.193359 1.043121 -1
0 -2.511202 5.083222 11.076325 0.238159 1.043121 -1
0 0.078515 5.083222 11.375119 0.013908 1.010750 -1
0 0.078515 5.310715 11.212987 0.058746 1.010750 -1
0 0.078515 5.223821 10.950648 0.103638 1.010750 -1
0 0.078515 4.942624 10.950648 0.148438 1.010750 -1
0 0.078515 4.855730 11.212987 0.193359 1.010750 -1
0 0.078515 5.083222 11.375119 0.238159 1.010750 -1
0 11.219533 5.311184 0.080650 0.058746 1.230835 -1
0 10.926005 5.310715 2.623831 0.058746 1.198364 -1
0 11.381666 5.083692 0.080650 0.013908 1.230835 -1
0 11.083889 5.083222 2.660671 0.013908 1.198364 -1
0 10.957193 5.224289 0.080650 0.103638 1.230835 -1
0 10.670546 5.223821 2.564222 0.103638 1.198364 -1
0 10.957193 4.943093 0.080650 0.148438 1.230835 -1
0 10.670546 4.942624 2.564222 0.148438 1.198364 -1
0 11.219533 4.856199 0.080650 0.193359 1.230835 -1
0 10.926005 4.855730 2.623831 0.193359 1.198364 -1
0 11.381666 5.083692 0.080650 0.238159 1.230835 -1
0 11.083889 5.083222 2.660671 0.238159 1.198364 -1
0 10.087060 5.310715 4.968496 0.058746 1.166992 -1
0 10.232635 5.083222 5.039733 0.013908 1.166992 -1
0 9.851514 5.223821 4.853231 0.103638 1.166992 -1
0 9.851514 4.942624 4.853231 0.148438 1.166992 -1
0 10.087060 4.855730 4.968496 0.193359 1.166992 -1
0 10.232635 5.083222 5.039733 0.238159 1.166992 -1
0 8.770980 5.310715 7.037397 0.058746 1.136108 -1
0 8.897382 5.083222 7.138776 0.013908 1.136108 -1
0 8.566462 5.223821 6.873362 0.103638 1.136108 -1
0 8.566462 4.942624 6.873362 0.148438 1.136108 -1
0 8.770980 4.855730 7.037397 0.193359 1.136108 -1
0 8.897382 5.083222 7.138776 0.238159 1.136108 -1
0 7.044959 5.310715 8.763419 0.058746 1.105408 -1
0 7.146338 5.083222 8.889819 0.013908 1.105408 -1
0 6.880924 5.223821 8.558897 0.103638 1.105408 -1
0 6.880924 4.942624 8.558897 0.148438 1.105408 -1
0 7.044959 4.855730 8.763419 0.193359 1.105408 -1
0 7.146338 5.083222 8.889819 0.238159 1.105408 -1
0 4.976054 5.310715 10.079495 0.058746 1.074524 -1
0 5.047289 5.083222 10.225070 0.013908 1.074524 -1
0 4.860793 5.223821 9.843948 0.103638 1.074524 -1
0 4.860793 4.942624 9.843948 0.148438 1.074524 -1
0 4.976054 4.855730 10.079495 0.193359 1.074524 -1
0 5.047289 5.083222 10.225070 0.238159 1.074524 -1
0 2.631391 5.310715 10.918444 0.058746 1.043121 -1
0 2.668232 5.083222 11.076325 0.013908 1.043121 -1
0 2.571783 5.223821 10.662982 0.103638 1.043121 -1
0 2.571783 4.942624 10.662982 0.148438 1.043121 -1
0 2.631391 4.855730 10.918444 0.193359 1.043121 -1
0 2.668232 5.083222 11.076325 0.238159 1.043121 -1
0 -10.926858 2.584186 2.660669 0.013908 1.198364 -1
0 -10.768975 2.811679 2.623829 0.058746 1.198364 -1
0 -11.224635 2.584656 0.080648 0.013908 1.230835 -1
0 -11.062502 2.812148 0.080648 0.058746 1.230835 -1
0 -10.513515 2.724784 2.564220 0.103638 1.198364 -1
0 -10.800163 2.725254 0.080648 0.103638 1.230835 -1
0 -10.513515 2.443588 2.564220 0.148438 1.198364 -1
0 -10.800163 2.444057 0.080648 0.148438 1.230835 -1
0 -10.768975 2.356694 2.623829 0.193359 1.198364 -1
0 -11.062502 2.357163 0.080648 0.193359 1.230835 -1
0 -10.926858 2.584186 2.660669 0.238159 1.198364 -1
0 -11.224635 2.584656 0.080648 0.238159 1.230835 -1
0 -10.075604 2.584186 5.039732 0.013908 1.166992 -1
0 -9.930029 2.811679 4.968494 0.058746 1.166992 -1
0 -9.694484 2.724784 4.853229 0.103638 1.166992 -1
0 -9.694484 2.443588 4.853229 0.148438 1.166992 -1
0 -9.930029 2.356694 4.968494 0.193359 1.166992 -1
0 -10.075604 2.584186 5.039732 0.238159 1.166992 -1
0 -8.740353 2.584186 7.138774 0.013908 1.136108 -1
0 -8.613951 2.811679 7.037395 0.058746 1.136108 -1
0 -8.409431 2.724784 6.873360 0.103638 1.136108 -1
0 -8.409431 2.443588 6.873360 0.148438 1.136108 -1
0 -8.613951 2.356694 7.037395 0.193359 1.136108 -1
0 -8.740353 2.584186 7.138774 0.238159 1.136108 -1
0 -6.989309 2.584186 8.889817 0.013908 1.105408 -1
0 -6.887929 2.811679 8.763417 0.058746 1.105408 -1
0 -6.723895 2.724784 8.558895 0.103638 1.105408 -1
0 -6.723895 2.443588 8.558895 0.148438 1.105408 -1
0 -6.887929 2.356694 8.763417 0.193359 1.105408 -1
0 -6.989309 2.584186 8.889817 0.238159 1.105408 -1
0 -4.890260 2.584186 10.225070 0.013908 1.074524 -1
0 -4.819024 2.811679 10.079495 0.058746 1.074524 -1
0 -4.703763 2.724784 9.843948 0.103638 1.074524 -1
0 -4.703763 2.443588 9.843948 0.148438 1.074524 -1
0 -4.819024 2.356694 10.079495 0.193359 1.074524 -1
0 -4.890260 2.584186 10.225070 0.238159 1.074524 -1
0 -2.511202 2.584186 11.076325 0.013908 1.043121 -1
0 -2.474361 2.811679 10.918444 0.058746 1.043121 -1
0 -2.414752 2.724784 10.662982 0.103638 1.043121 -1
0 -2.414752 2.443588 10.662982 0.148438 1.043121 -1
0 -2.474361 2.356694 10.918444 0.193359 1.043121 -1
0 -2.511202 2.584186 11.076325 0.238159 1.043121 -1
0 0.078515 2.584186 11.375119 0.013908 1.010750 -1
0 0.078515 2.811679 11.212987 0.058746 1.010750 -1
0 0.078515 2.724784 10.950648 0.103638 1.010750 -1
0 0.078515 2.443588 10.950648 0.148438 1.010750 -1
0 0.078515 2.356694 11.212987 0.193359 1.010750 -1
0 0.078515 2.584186 11.375119 0.238159 1.010750 -1
0 11.219533 2.812148 0.080650 0.058746 1.230835 -1
0 10.926005 2.811679 2.623831 0.058746 1.198364 -1
0 11.381666 2.584656 0.080650 0.013908 1.230835 -1
0 11.083889 2.584186 2.660671 0.013908 1.198364 -1
0 10.957193 2.725254 0.080650 0.103638 1.230835 -1
0 10.670546 2.724784 2.564222 0.103638 1.198364 -1
0 10.957193 2.444057 0.080650 0.148438 1.230835 -1
0 10.670546 2.443588 2.564222 0.148438 1.198364 -1
0 11.219533 2.357163 0.080650 0.193359 1.230835 -1
0 10.926005 2.356694 2.623831 0.193359 1.198364 -1
0 11.381666 2.584656 0.080650 0.238159 1.230835 -1
0 11.083889 2.584186 2.660671 0.238159 1.198364 -1
0 10.087060 2.811679 4.968496 0.058746 1.166992 -1
0 10.232635 2.584186 5.039733 0.013908 1.166992 -1
0 9.851514 2.724784 4.853231 0.103638 1.166992 -1
0 9.851514 2.443588 4.853231 0.148438 1.166992 -1
0 10.087060 2.356694 4.968496 0.193359 1.166992 -1
0 10.232635 2.584186 5.039733 0.238159 1.166992 -1
0 8.770980 2.811679 7.037397 0.058746 1.136108 -1
0 8.897382 2.584186 7.138776 0.013908 1.136108 -1
0 8.566462 2.724784 6.873362 0.103638 1.136108 -1
0 8.566462 2.443588 6.873362 0.148438 1.136108 -1
0 8.770980 2.356694 7.037397 0.193359 1.136108 -1
0 8.897382 2.584186 7.138776 0.238159 1.136108 -1
0 7.044959 2.811679 8.763419 0.058746 1.105408 -1
0 7.146338 2.584186 8.889819 0.013908 1.105408 -1
0 6.880924 2.724784 8.558897 0.103638 1.105408 -1
0 6.880924 2.443588 8.558897 0.148438 1.105408 -1
0 7.044959 2.356694 8.763419 0.193359 1.105408 -1
0 7.146338 2.584186 8.889819 0.238159 1.105408 -1
0 4.976054 2.811679 10.079495 0.058746 1.074524 -1
0 5.047289 2.584186 10.225070 0.013908 1.074524 -1
0 4.860793 2.724784 9.843948 0.103638 1.074524 -1
0 4.860793 2.443588 9.843948 0.148438 1.074524 -1
0 4.976054 2.356694 10.079495 0.193359 1.074524 -1
0 5.047289 2.584186 10.225070 0.238159 1.074524 -1
0 2.631391 2.811679 10.918444 0.058746 1.043121 -1
0 2.668232 2.584186 11.076325 0.013908 1.043121 -1
0 2.571783 2.724784 10.662982 0.103638 1.043121 -1
0 2.571783 2.443588 10.662982 0.148438 1.043121 -1
0 2.631391 2.356694 10.918444 0.193359 1.043121 -1
0 2.668232 2.584186 11.076325 0.238159 1.043121 -1
0 -10.926858 5.083222 2.660669 0.013908 1.198364 -1
0 -10.768975 5.310715 2.623829 0.058746 1.198364 -1
0 -11.224635 5.083692 0.080648 0.013908 1.230835 -1
0 -11.062502 5.311184 0.080648 0.058746 1.230835 -1
0 -10.513515 5.223821 2.564220 0.103638 1.198364 -1
0 -10.800163 5.224289 0.080648 0.103638 1.230835 -1
0 -10.513515 4.942624 2.564220 0.148438 1.198364 -1
0 -10.800163 4.943093 0.080648 0.148438 1.230835 -1
0 -10.768975 4.855730 2.623829 0.193359 1.198364 -1
0 -11.062502 4.856199 0.080648 0.193359 1.230835 -1
0 -10.926858 5.083222 2.660669 0.238159 1.198364 -1
0 -11.224635 5.083692 0.080648 0.238159 1.230835 -1
0 -10.075604 5.083222 5.039732 0.013908 1.166992 -1
0 -9.930029 5.310715 4.968494 0.058746 1.166992 -1
0 -9.694484 5.223821 4.853229 0.103638 1.166992 -1
0 -9.694484 4.942624 4.853229 0.148438 1.166992 -1
0 -9.930029 4.855730 4.968494 0.193359 1.166992 -1
0 -10.075604 5.083222 5.039732 0.238159 1.166992 -1
0 -8.740353 5.083222 7.138774 0.013908 1.136108 -1
0 -8.613951 5.310715 7.037395 0.058746 1.136108 -1
0 -8.409431 5.223821 6.873360 0.103638 1.136108 -1
0 -8.409431 4.942624 6.873360 0.148438 1.136108 -1
0 -8.613951 4.855730 7.037395 0.193359 1.136108 -1
0 -8.740353 5.083222 7.138774 0.238159 1.136108 -1
402
-0.014381 -0.006426 -0.999876
-0.463660 -0.004221 -0.886003
-0.145975 0.411365 -0.899706
0.346931 -0.258092 -0.901680
0.342877 0.247421 -0.906211
-0.149017 -0.427258 -0.891765
0.463657 -0.004221 -0.886005
0.014378 -0.006426 -0.999876
0.145973 0.411366 -0.899706
-0.346933 -0.258093 -0.901679
-0.342879 0.247421 -0.906210
0.149014 -0.427259 -0.891765
-0.014380 -0.006427 -0.999876
-0.463660 -0.004221 -0.886003
-0.145974 0.411363 -0.899707
0.346931 -0.258092 -0.901680
0.342878 0.247419 -0.906211
-0.149016 -0.427258 -0.891765
0.463657 -0.004221 -0.886005
0.014377 -0.006427 -0.999876
0.145972 0.411363 -0.899707
-0.346934 -0.258092 -0.901679
-0.342880 0.247419 -0.906210
0.149014 -0.427258 -0.891765
-0.330537 0.579962 0.744573
-0.159454 0.950593 0.266360
-0.486124 0.579888 0.653768
-0.213606 0.950584 0.225303
0.341690 0.586999 -0.733948
0.494463 0.586914 -0.641123
0.369870 -0.587001 -0.720157
0.518485 -0.586915 -0.621855
-0.112479 -0.950592 0.289349
-0.173557 -0.950584 0.257425
-0.385102 -0.579966 0.717869
-0.532639 -0.579890 0.616461
-0.154613 0.580072 0.799757
-0.096398 0.950605 0.295056
0.168238 0.587123 -0.791822
0.199589 -0.587125 -0.784505
-0.044146 -0.950604 0.307250
-0.215319 -0.580075 0.785589
0.000000 0.580375 0.814350
0.000000 0.849422 0.527715
-0.000000 0.760131 -0.649770
-0.000000 -0.381153 -0.924512
0.000000 -0.997297 0.073471
0.000000 -0.580377 0.814348
0.073464 0.997262 0.008476
0.307244 0.950606 0.044145
0.810773 0.577838 0.093545
0.785589 0.580076 0.215319
-0.919297 0.379002 -0.106066
-0.784507 0.587123 -0.199589
-0.647950 -0.758005 -0.074759
-0.791822 -0.587124 -0.168238
0.526733 -0.847855 0.060773
0.295054 -0.950605 0.096398
0.810774 -0.577836 0.093545
0.799751 -0.580081 0.154613
0.289350 0.950592 0.112479
0.717874 0.579957 0.385105
-0.720158 0.587000 -0.369870
-0.733947 -0.587001 -0.341689
0.266364 -0.950591 0.159456
0.744574 -0.579960 0.330537
0.257427 0.950584 0.173558
0.616462 0.579887 0.532640
-0.621856 0.586914 -0.518485
-0.641122 -0.586916 -0.494463
0.225304 -0.950584 0.213607
0.653770 -0.579885 0.486126
0.213607 0.950584 0.225304
0.486125 0.579886 0.653769
-0.494463 0.586915 -0.641123
-0.518484 -0.586916 -0.621855
0.173558 -0.950584 0.257426
0.532639 -0.579888 0.616462
0.159455 0.950593 0.266361
0.330537 0.579962 0.744573
-0.341690 0.587000 -0.733948
-0.369869 -0.587001 -0.720157
0.112479 -0.950592 0.289349
0.385102 -0.579965 0.717870
0.096398 0.950605 0.295056
0.154613 0.580072 0.799757
-0.168238 0.587123 -0.791822
-0.199589 -0.587125 -0.784505
0.044147 -0.950604 0.307250
0.215319 -0.580075 0.785589
-0.785588 0.580077 0.215318
-0.307243 0.950607 0.044145
-0.810776 0.577833 0.093545
-0.073462 0.997262 0.008476
0.784509 0.587120 -0.199590
0.919298 0.379001 -0.106066
0.791823 -0.587122 -0.168238
0.647952 -0.758004 -0.074759
-0.295052 -0.950606 0.096397
-0.526736 -0.847854 0.060773
-0.799752 -0.580079 0.154613
-0.810779 -0.577830 0.093545
-0.717873 0.579960 0.385104
-0.289346 0.950593 0.112477
0.720160 0.586997 -0.369870
0.733948 -0.586999 -0.341689
-0.266361 -0.950592 0.159455
-0.744572 -0.579964 0.330536
-0.616463 0.579885 0.532641
-0.257424 0.950585 0.173556
0.621858 0.586911 -0.518486
0.641123 -0.586914 -0.494463
-0.225303 -0.950584 0.213607
-0.653769 -0.579886 0.486125
-0.486125 0.579886 0.653770
-0.213605 0.950585 0.225301
0.494464 0.586911 -0.641124
0.518485 -0.586914 -0.621856
-0.173556 -0.950585 0.257424
-0.532639 -0.579888 0.616461
-0.330538 0.579960 0.744575
-0.159454 0.950593 0.266358
0.341691 0.586997 -0.733950
0.369870 -0.587000 -0.720158
-0.112479 -0.950593 0.289348
-0.385102 -0.579964 0.717870
-0.154614 0.580070 0.799759
-0.096398 0.950605 0.295054
0.168239 0.587120 -0.791824
0.199590 -0.587124 -0.784506
-0.044146 -0.950605 0.307249
-0.215319 -0.580074 0.785590
0.000000 0.580372 0.814351
0.000000 0.849421 0.527715
-0.000000 0.760128 -0.649773
-0.000000 -0.381152 -0.924512
0.000000 -0.997297 0.073469
0.000000 -0.580376 0.814349
0.073460 0.997262 0.008476
0.307243 0.950607 0.044145
0.810775 0.577835 0.093545
0.785590 0.580074 0.215319
-0.919298 0.379000 -0.106066
-0.784509 0.587120 -0.199590
-0.647952 -0.758003 -0.074759
-0.791823 -0.587122 -0.168238
0.526734 -0.847855 0.060773
0.295054 -0.950605 0.096398
0.810775 -0.577834 0.093545
0.799752 -0.580079 0.154613
0.289348 0.950593 0.112478
0.717876 0.579955 0.385106
-0.720160 0.586997 -0.369870
-0.733948 -0.586999 -0.341690
0.266363 -0.950592 0.159456
0.744575 -0.579959 0.330538
0.257426 0.950584 0.173557
0.616464 0.579884 0.532642
-0.621857 0.586911 -0.518487
-0.641122 -0.586914 -0.494463
0.225304 -0.950584 0.213607
0.653771 -0.579883 0.486127
0.213607 0.950584 0.225303
0.486126 0.579884 0.653771
-0.494464 0.586912 -0.641124
-0.518485 -0.586915 -0.621856
0.173557 -0.950584 0.257426
0.532640 -0.579887 0.616462
0.159454 0.950593 0.266359
0.330538 0.579960 0.744575
-0.341691 0.586997 -0.733950
-0.369870 -0.587000 -0.720158
0.112479 -0.950592 0.289349
0.385103 -0.579964 0.717871
0.096398 0.950605 0.295055
0.154614 0.580070 0.799759
-0.168239 0.587120 -0.791824
-0.199589 -0.587124 -0.784506
0.044146 -0.950605 0.307249
0.215319 -0.580074 0.785590
-0.785587 0.580079 0.215318
-0.307245 0.950606 0.044145
-0.810775 0.577836 0.093545
-0.073466 0.997262 0.008476
0.784507 0.587123 -0.199589
0.919297 0.379002 -0.106066
0.791822 -0.587124 -0.168238
0.647950 -0.758005 -0.074759
-0.295053 -0.950606 0.096397
-0.526735 -0.847854 0.060773
-0.799751 -0.580080 0.154612
-0.810778 -0.577831 0.093545
-0.717871 0.579962 0.385103
-0.289347 0.950593 0.112478
0.720158 0.587000 -0.369870
0.733948 -0.587001 -0.341689
-0.266361 -0.950592 0.159455
-0.744571 -0.579966 0.330536
-0.616462 0.579888 0.532640
-0.257425 0.950584 0.173557
0.621856 0.586914 -0.518485
0.641122 -0.586915 -0.494462
-0.225304 -0.950584 0.213607
-0.653769 -0.579887 0.486125
-0.014379 -0.006426 -0.999876
-0.463663 -0.004220 -0.886002
-0.145973 0.411369 -0.899704
0.346936 -0.258093 -0.901678
0.342882 0.247421 -0.906209
-0.149016 -0.427262 -0.891763
0.463660 -0.004220 -0.886003
0.014377 -0.006426 -0.999876
0.145972 0.411368 -0.899705
-0.346937 -0.258094 -0.901678
-0.342882 0.247422 -0.906209
0.149015 -0.427262 -0.891763
-0.014379 -0.006425 -0.999876
-0.463663 -0.004220 -0.886002
-0.145975 0.411369 -0.899704
0.346936 -0.258092 -0.901679
0.342881 0.247421 -0.906209
-0.149016 -0.427261 -0.891763
0.463660 -0.004220 -0.886003
0.014377 -0.006425 -0.999876
0.145973 0.411369 -0.899704
-0.346936 -0.258093 -0.901678
-0.342882 0.247422 -0.906209
0.149015 -0.427261 -0.891764
-0.330537 0.579961 0.744574
-0.159455 0.950592 0.266361
-0.486126 0.579884 0.653771
-0.213607 0.950584 0.225304
0.341690 0.586999 -0.733948
0.494463 0.586914 -0.641123
0.369870 -0.586999 -0.720158
0.518485 -0.586914 -0.621856
-0.112478 -0.950593 0.289347
-0.173557 -0.950584 0.257425
-0.385103 -0.579964 0.717871
-0.532639 -0.579888 0.616462
-0.154614 0.580074 0.799756
-0.096398 0.950605 0.295055
0.168239 0.587122 -0.791823
0.199590 -0.587123 -0.784507
-0.044146 -0.950606 0.307246
-0.215319 -0.580076 0.785589
0.000000 0.580378 0.814348
0.000000 0.849423 0.527712
0.000000 0.760130 -0.649771
0.000000 -0.381151 -0.924513
0.000000 -0.997298 0.073466
0.000000 -0.580380 0.814346
0.073442 0.997262 0.008662
0.307231 0.950606 0.044235
0.810758 0.577837 0.093681
0.785577 0.580076 0.215362
-0.919300 0.379005 -0.106032
-0.784519 0.587126 -0.199532
-0.647934 -0.758003 -0.074924
-0.791811 -0.587122 -0.168293
0.526745 -0.847858 0.060639
0.295065 -0.950611 0.096305
0.810781 -0.577839 0.093472
0.799760 -0.580081 0.154565
0.289347 0.950593 0.112478
0.717871 0.579963 0.385103
-0.720158 0.586999 -0.369870
-0.733948 -0.586999 -0.341690
0.266359 -0.950593 0.159454
0.744571 -0.579965 0.330536
0.257425 0.950584 0.173557
0.616463 0.579886 0.532641
-0.621856 0.586914 -0.518486
-0.641123 -0.586914 -0.494463
0.225302 -0.950585 0.213606
0.653768 -0.579889 0.486124
0.213608 0.950584 0.225305
0.486126 0.579883 0.653772
-0.494463 0.586914 -0.641123
-0.518485 -0.586914 -0.621856
0.173557 -0.950584 0.257426
0.532640 -0.579887 0.616462
0.159455 0.950592 0.266362
0.330538 0.579960 0.744574
-0.341690 0.586999 -0.733948
-0.369870 -0.586999 -0.720158
0.112479 -0.950593 0.289348
0.385103 -0.579962 0.717872
0.096398 0.950605 0.295055
0.154614 0.580074 0.799756
-0.168239 0.587122 -0.791823
-0.199590 -0.587123 -0.784507
0.044146 -0.950606 0.307246
0.215319 -0.580076 0.785589
-0.785577 0.580076 0.215362
-0.307230 0.950607 0.044235
-0.810758 0.577836 0.093681
-0.073441 0.997262 0.008662
0.784520 0.587125 -0.199532
0.919300 0.379006 -0.106032
0.791811 -0.587122 -0.168293
0.647934 -0.758002 -0.074924
-0.295065 -0.950611 0.096305
-0.526745 -0.847857 0.060639
-0.799761 -0.580079 0.154565
-0.810780 -0.577839 0.093472
-0.717869 0.579966 0.385102
-0.289345 0.950594 0.112477
0.720160 0.586998 -0.369870
0.733949 -0.586999 -0.341690
-0.266358 -0.950594 0.159453
-0.744570 -0.579966 0.330536
-0.616462 0.579887 0.532640
-0.257423 0.950585 0.173555
0.621857 0.586912 -0.518486
0.641123 -0.586914 -0.494463
-0.225302 -0.950585 0.213606
-0.653767 -0.579889 0.486124
-0.486125 0.579885 0.653770
-0.213606 0.950585 0.225303
0.494464 0.586913 -0.641123
0.518485 -0.586914 -0.621856
-0.173557 -0.950584 0.257425
-0.532640 -0.579888 0.616462
-0.330537 0.579962 0.744573
-0.159454 0.950593 0.266359
0.341690 0.586998 -0.733949
0.369870 -0.586999 -0.720158
-0.112478 -0.950593 0.289347
-0.385103 -0.579963 0.717871
-0.154613 0.580075 0.799755
-0.096398 0.950606 0.295053
0.168239 0.587121 -0.791823
0.199590 -0.587123 -0.784507
-0.044146 -0.950606 0.307246
-0.215319 -0.580076 0.785589
0.000000 0.580378 0.814347
0.000000 0.849424 0.527711
0.000000 0.760128 -0.649773
0.000000 -0.381151 -0.924513
0.000000 -0.997298 0.073466
0.000000 -0.580380 0.814346
0.073442 0.997262 0.008662
0.307230 0.950607 0.044234
0.810758 0.577837 0.093681
0.785576 0.580077 0.215362
-0.919300 0.379006 -0.106032
-0.784519 0.587125 -0.199532
-0.647934 -0.758003 -0.074924
-0.791811 -0.587122 -0.168293
0.526745 -0.847858 0.060639
0.295065 -0.950611 0.096305
0.810780 -0.577839 0.093472
0.799760 -0.580080 0.154565
0.289346 0.950593 0.112477
0.717870 0.579964 0.385103
-0.720159 0.586998 -0.369870
0.266359 -0.950593 0.159454
0.744571 -0.579965 0.330536
0.257423 0.950585 0.173555
0.616462 0.579887 0.532640
-0.621857 0.586912 -0.518486
0.225303 -0.950585 0.213606
0.653768 -0.579888 0.486125
0.213607 0.950584 0.225303
0.486126 0.579884 0.653771
-0.494463 0.586913 -0.641123
0.173557 -0.950584 0.257426
0.532640 -0.579887 0.616462
0.159454 0.950593 0.266360
0.330537 0.579961 0.744574
-0.341690 0.586998 -0.733949
0.112479 -0.950593 0.289348
0.385103 -0.579962 0.717872
0.096398 0.950606 0.295053
0.154613 0.580075 0.799755
-0.168239 0.587121 -0.791824
0.044146 -0.950606 0.307246
0.215319 -0.580075 0.785589
-0.785577 0.580075 0.215362
-0.307232 0.950606 0.044235
-0.810758 0.577836 0.093681
-0.073441 0.997262 0.008662
0.784519 0.587125 -0.199532
0.919300 0.379005 -0.106032
0.791811 -0.587122 -0.168293
0.647934 -0.758002 -0.074924
-0.295065 -0.950611 0.096305
-0.526745 -0.847857 0.060639
-0.799761 -0.580079 0.154565
-0.810781 -0.577839 0.093472
-0.717870 0.579965 0.385102
-0.289347 0.950593 0.112478
0.720159 0.586999 -0.369870
-0.266358 -0.950594 0.159453
-0.744570 -0.579967 0.330535
-0.616462 0.579887 0.532640
-0.257425 0.950584 0.173556
0.621856 0.586914 -0.518485
0.641123 -0.586914 -0.494463
-0.225302 -0.950585 0.213606
-0.653767 -0.579890 0.486124
586
0 0 1 2 0 1 2 1
0 3 0 4 3 0 4 1
0 5 0 3 5 0 3 1
0 5 1 0 5 1 0 1
0 2 4 0 2 4 0 1
0 6 7 8 6 7 8 1
0 7 9 10 7 9 10 1
0 7 11 9 7 11 9 1
0 6 11 7 6 11 7 1
0 10 8 7 10 8 7 1
0 12 13 14 12 13 14 1
0 15 12 16 15 12 16 1
0 17 12 15 17 12 15 1
0 17 13 12 17 13 12 1
0 14 16 12 14 16 12 1
0 18 19 20 18 19 20 1
0 19 21 22 19 21 22 1
0 19 23 21 19 23 21 1
0 18 23 19 18 23 19 1
0 22 20 19 22 20 19 1
0 24 25 26 24 25 26 1
0 25 27 26 25 27 26 1
0 25 28 27 25 28 27 1
0 28 29 27 28 29 27 1
0 28 30 29 28 30 29 1
0 30 31 29 30 31 29 1
0 30 32 31 30 32 31 1
0 32 33 31 32 33 31 1
0 32 34 33 32 34 33 1
0 34 35 33 34 35 33 1
0 36 37 24 36 37 24 1
0 37 25 24 37 25 24 1
0 37 38 25 37 38 25 1
0 38 28 25 38 28 25 1
0 38 39 28 38 39 28 1
0 39 30 28 39 30 28 1
0 39 40 30 39 40 30 1
0 40 32 30 40 32 30 1
0 40 41 32 40 41 32 1
0 41 34 32 41 34 32 1
0 42 43 36 42 43 36 1
0 43 37 36 43 37 36 1
0 43 44 37 43 44 37 1
0 44 38 37 44 38 37 1
0 44 45 38 44 45 38 1
0 45 39 38 45 39 38 1
0 45 46 39 45 46 39 1
0 46 40 39 46 40 39 1
0 46 47 40 46 47 40 1
0 47 41 40 47 41 40 1
0 48 49 50 48 49 50 1
0 49 51 50 49 51 50 1
0 52 53 48 52 53 48 1
0 53 49 48 53 49 48 1
0 54 55 52 54 55 52 1
0 55 53 52 55 53 52 1
0 56 57 54 56 57 54 1
0 57 55 54 57 55 54 1
0 58 59 56 58 59 56 1
0 59 57 56 59 57 56 1
0 49 60 51 49 60 51 1
0 60 61 51 60 61 51 1
0 53 62 49 53 62 49 1
0 62 60 49 62 60 49 1
0 55 63 53 55 63 53 1
0 63 62 53 63 62 53 1
0 57 64 55 57 64 55 1
0 64 63 55 64 63 55 1
0 59 65 57 59 65 57 1
0 65 64 57 65 64 57 1
0 60 66 61 60 66 61 1
0 66 67 61 66 67 61 1
0 62 68 60 62 68 60 1
0 68 66 60 68 66 60 1
0 63 69 62 63 69 62 1
0 69 68 62 69 68 62 1
0 64 70 63 64 70 63 1
0 70 69 63 70 69 63 1
0 65 71 64 65 71 64 1
0 71 70 64 71 70 64 1
0 66 72 67 66 72 67 1
0 72 73 67 72 73 67 1
0 68 74 66 68 74 66 1
0 74 72 66 74 72 66 1
0 69 75 68 69 75 68 1
0 75 74 68 75 74 68 1
0 70 76 69 70 76 69 1
0 76 75 69 76 75 69 1
0 71 77 70 71 77 70 1
0 77 76 70 77 76 70 1
0 72 78 73 72 78 73 1
0 78 79 73 78 79 73 1
0 74 80 72 74 80 72 1
0 80 78 72 80 78 72 1
0 75 81 74 75 81 74 1
0 81 80 74 81 80 74 1
0 76 82 75 76 82 75 1
0 82 81 75 82 81 75 1
0 77 83 76 77 83 76 1
0 83 82 76 83 82 76 1
0 78 84 79 78 84 79 1
0 84 85 79 84 85 79 1
0 80 86 78 80 86 78 1
0 86 84 78 86 84 78 1
0 81 87 80 81 87 80 1
0 87 86 80 87 86 80 1
0 82 88 81 82 88 81 1
0 88 87 81 88 87 81 1
0 83 89 82 83 89 82 1
0 89 88 82 89 88 82 1
0 84 43 85 84 43 85 1
0 43 42 85 43 42 85 1
0 86 44 84 86 44 84 1
0 44 43 84 44 43 84 1
0 87 45 86 87 45 86 1
0 45 44 86 45 44 86 1
0 88 46 87 88 46 87 1
0 46 45 87 46 45 87 1
0 89 47 88 89 47 88 1
0 47 46 88 47 46 88 1
0 90 91 92 90 91 92 1
0 91 93 92 91 93 92 1
0 91 94 93 91 94 93 1
0 94 95 93 94 95 93 1
0 94 96 95 94 96 95 1
0 96 97 95 96 97 95 1
0 96 98 97 96 98 97 1
0 98 99 97 98 99 97 1
0 98 100 99 98 100 99 1
0 100 101 99 100 101 99 1
0 102 103 90 102 103 90 1
0 103 91 90 103 91 90 1
0 103 104 91 103 104 91 1
0 104 94 91 104 94 91 1
0 104 105 94 104 105 94 1
0 105 96 94 105 96 94 1
0 105 106 96 105 106 96 1
0 106 98 96 106 98 96 1
0 106 107 98 106 107 98 1
0 107 100 98 107 100 98 1
0 108 109 102 108 109 102 1
0 109 103 102 109 103 102 1
0 109 110 103 109 110 103 1
0 110 104 103 110 104 103 1
0 110 111 104 110 111 104 1
0 111 105 104 111 105 104 1
0 111 112 105 111 112 105 1
0 112 106 105 112 106 105 1
0 112 113 106 112 113 106 1
0 113 107 106 113 107 106 1
0 114 115 108 114 115 108 1
0 115 109 108 115 109 108 1
0 115 116 109 115 116 109 1
0 116 110 109 116 110 109 1
0 116 117 110 116 117 110 1
0 117 111 110 117 111 110 1
0 117 118 111 117 118 111 1
0 118 112 111 118 112 111 1
0 118 119 112 118 119 112 1
0 119 113 112 119 113 112 1
0 120 121 114 120 121 114 1
0 121 115 114 121 115 114 1
0 121 122 115 121 122 115 1
0 122 116 115 122 116 115 1
0 122 123 116 122 123 116 1
0 123 117 116 123 117 116 1
0 123 124 117 123 124 117 1
0 124 118 117 124 118 117 1
0 124 125 118 124 125 118 1
0 125 119 118 125 119 118 1
0 126 127 120 126 127 120 1
0 127 121 120 127 121 120 1
0 127 128 121 127 128 121 1
0 128 122 121 128 122 121 1
0 128 129 122 128 129 122 1
0 129 123 122 129 123 122 1
0 129 130 123 129 130 123 1
0 130 124 123 130 124 123 1
0 130 131 124 130 131 124 1
0 131 125 124 131 125 124 1
0 132 133 126 132 133 126 1
0 133 127 126 133 127 126 1
0 133 134 127 133 134 127 1
0 134 128 127 134 128 127 1
0 134 135 128 134 135 128 1
0 135 129 128 135 129 128 1
0 135 136 129 135 136 129 1
0 136 130 129 136 130 129 1
0 136 137 130 136 137 130 1
0 137 131 130 137 131 130 1
0 138 139 140 138 139 140 1
0 139 141 140 139 141 140 1
0 142 143 138 142 143 138 1
0 143 139 138 143 139 138 1
0 144 145 142 144 145 142 1
0 145 143 142 145 143 142 1
0 146 147 144 146 147 144 1
0 147 145 144 147 145 144 1
0 148 149 146 148 149 146 1
0 149 147 146 149 147 146 1
0 139 150 141 139 150 141 1
0 150 151 141 150 151 141 1
0 143 152 139 143 152 139 1
0 152 150 139 152 150 139 1
0 145 153 143 145 153 143 1
0 153 152 143 153 152 143 1
0 147 154 145 147 154 145 1
0 154 153 145 154 153 145 1
0 149 155 147 149 155 147 1
0 155 154 147 155 154 147 1
0 150 156 151 150 156 151 1
0 156 157 151 156 157 151 1
0 152 158 150 152 158 150 1
0 158 156 150 158 156 150 1
0 153 159 152 153 159 152 1
0 159 158 152 159 158 152 1
0 154 160 153 154 160 153 1
0 160 159 153 160 159 153 1
0 155 161 154 155 161 154 1
0 161 160 154 161 160 154 1
0 156 162 157 156 162 157 1
0 162 163 157 162 163 157 1
0 158 164 156 158 164 156 1
0 164 162 156 164 162 156 1
0 159 165 158 159 165 158 1
0 165 164 158 165 164 158 1
0 160 166 159 160 166 159 1
0 166 165 159 166 165 159 1
0 161 167 160 161 167 160 1
0 167 166 160 167 166 160 1
0 162 168 163 162 168 163 1
0 168 169 163 168 169 163 1
0 164 170 162 164 170 162 1
0 170 168 162 170 168 162 1
0 165 171 164 165 171 164 1
0 171 170 164 171 170 164 1
0 166 172 165 166 172 165 1
0 172 171 165 172 171 165 1
0 167 173 166 167 173 166 1
0 173 172 166 173 172 166 1
0 168 174 169 168 174 169 1
0 174 175 169 174 175 169 1
0 170 176 168 170 176 168 1
0 176 174 168 176 174 168 1
0 171 177 170 171 177 170 1
0 177 176 170 177 176 170 1
0 172 178 171 172 178 171 1
0 178 177 171 178 177 171 1
0 173 179 172 173 179 172 1
0 179 178 172 179 178 172 1
0 174 133 175 174 133 175 1
0 133 132 175 133 132 175 1
0 176 134 174 176 134 174 1
0 134 133 174 134 133 174 1
0 177 135 176 177 135 176 1
0 135 134 176 135 134 176 1
0 178 136 177 178 136 177 1
0 136 135 177 136 135 177 1
0 179 137 178 179 137 178 1
0 137 136 178 137 136 178 1
0 180 181 182 180 181 182 1
0 181 183 182 181 183 182 1
0 181 184 183 181 184 183 1
0 184 185 183 184 185 183 1
0 184 186 185 184 186 185 1
0 186 187 185 186 187 185 1
0 186 188 187 186 188 187 1
0 188 189 187 188 189 187 1
0 188 190 189 188 190 189 1
0 190 191 189 190 191 189 1
0 192 193 180 192 193 180 1
0 193 181 180 193 181 180 1
0 193 194 181 193 194 181 1
0 194 184 181 194 184 181 1
0 194 195 184 194 195 184 1
0 195 186 184 195 186 184 1
0 195 196 186 195 196 186 1
0 196 188 186 196 188 186 1
0 196 197 188 196 197 188 1
0 197 190 188 197 190 188 1
0 198 199 192 198 199 192 1
0 199 193 192 199 193 192 1
0 199 200 193 199 200 193 1
0 200 194 193 200 194 193 1
0 200 201 194 200 201 194 1
0 201 195 194 201 195 194 1
0 201 202 195 201 202 195 1
0 202 196 195 202 196 195 1
0 202 203 196 202 203 196 1
0 203 197 196 203 197 196 1
0 26 27 198 26 27 198 1
0 27 199 198 27 199 198 1
0 27 29 199 27 29 199 1
0 29 200 199 29 200 199 1
0 29 31 200 29 31 200 1
0 31 201 200 31 201 200 1
0 31 33 201 31 33 201 1
0 33 202 201 33 202 201 1
0 33 35 202 33 35 202 1
0 35 203 202 35 203 202 1
0 204 205 206 204 205 206 1
0 207 204 208 207 204 208 1
0 209 204 207 209 204 207 1
0 209 205 204 209 205 204 1
0 206 208 204 206 208 204 1
0 210 211 212 210 211 212 1
0 211 213 214 211 213 214 1
0 211 215 213 211 215 213 1
0 210 215 211 210 215 211 1
0 214 212 211 214 212 211 1
0 216 217 218 216 217 218 1
0 219 216 220 219 216 220 1
0 221 216 219 221 216 219 1
0 221 217 216 221 217 216 1
0 218 220 216 218 220 216 1
0 222 223 224 222 223 224 1
0 223 225 226 223 225 226 1
0 223 227 225 223 227 225 1
0 222 227 223 222 227 223 1
0 226 224 223 226 224 223 1
0 228 229 230 228 229 230 1
0 229 231 230 229 231 230 1
0 232 233 231 232 233 231 1
0 232 234 233 232 234 233 1
0 234 235 233 234 235 233 1
0 234 236 235 234 236 235 1
0 236 237 235 236 237 235 1
0 236 238 237 236 238 237 1
0 238 239 237 238 239 237 1
0 240 241 228 240 241 228 1
0 241 229 228 241 229 228 1
0 242 232 229 242 232 229 1
0 242 243 232 242 243 232 1
0 243 234 232 243 234 232 1
0 243 244 234 243 244 234 1
0 244 236 234 244 236 234 1
0 244 245 236 244 245 236 1
0 245 238 236 245 238 236 1
0 246 247 240 246 247 240 1
0 247 241 240 247 241 240 1
0 248 242 241 248 242 241 1
0 248 249 242 248 249 242 1
0 249 243 242 249 243 242 1
0 249 250 243 249 250 243 1
0 250 244 243 250 244 243 1
0 250 251 244 250 251 244 1
0 251 245 244 251 245 244 1
0 252 253 254 252 253 254 1
0 253 255 254 253 255 254 1
0 256 257 252 256 257 252 1
0 258 259 256 258 259 256 1
0 259 257 256 259 257 256 1
0 260 261 258 260 261 258 1
0 261 259 258 261 259 258 1
0 262 263 260 262 263 260 1
0 263 261 260 263 261 260 1
0 253 264 255 253 264 255 1
0 264 265 255 264 265 255 1
0 257 266 253 257 266 253 1
0 259 267 257 259 267 257 1
0 267 266 257 267 266 257 1
0 261 268 259 261 268 259 1
0 268 267 259 268 267 259 1
0 263 269 261 263 269 261 1
0 269 268 261 269 268 261 1
0 264 270 265 264 270 265 1
0 270 271 265 270 271 265 1
0 266 272 264 266 272 264 1
0 267 273 266 267 273 266 1
0 273 272 266 273 272 266 1
0 268 274 267 268 274 267 1
0 274 273 267 274 273 267 1
0 269 275 268 269 275 268 1
0 275 274 268 275 274 268 1
0 270 276 271 270 276 271 1
0 276 277 271 276 277 271 1
0 272 278 270 272 278 270 1
0 273 279 272 273 279 272 1
0 279 278 272 279 278 272 1
0 274 280 273 274 280 273 1
0 280 279 273 280 279 273 1
0 275 281 274 275 281 274 1
0 281 280 274 281 280 274 1
0 276 282 277 276 282 277 1
0 282 283 277 282 283 277 1
0 278 284 276 278 284 276 1
0 279 285 278 279 285 278 1
0 285 284 278 285 284 278 1
0 280 286 279 280 286 279 1
0 286 285 279 286 285 279 1
0 281 287 280 281 287 280 1
0 287 286 280 287 286 280 1
0 282 288 283 282 288 283 1
0 288 289 283 288 289 283 1
0 284 290 282 284 290 282 1
0 285 291 284 285 291 284 1
0 291 290 284 291 290 284 1
0 286 292 285 286 292 285 1
0 292 291 285 292 291 285 1
0 287 293 286 287 293 286 1
0 293 292 286 293 292 286 1
0 288 247 289 288 247 289 1
0 247 246 289 247 246 289 1
0 290 248 288 290 248 288 1
0 291 249 290 291 249 290 1
0 249 248 290 249 248 290 1
0 292 250 291 292 250 291 1
0 250 249 291 250 249 291 1
0 293 251 292 293 251 292 1
0 251 250 292 251 250 292 1
0 294 295 296 294 295 296 1
0 295 297 296 295 297 296 1
0 295 298 297 295 298 297 1
0 298 299 297 298 299 297 1
0 298 300 299 298 300 299 1
0 300 301 299 300 301 299 1
0 300 302 301 300 302 301 1
0 302 303 301 302 303 301 1
0 302 304 303 302 304 303 1
0 304 305 303 304 305 303 1
0 306 307 294 306 307 294 1
0 307 295 294 307 295 294 1
0 307 308 295 307 308 295 1
0 308 298 295 308 298 295 1
0 308 309 298 308 309 298 1
0 309 300 298 309 300 298 1
0 309 310 300 309 310 300 1
0 310 302 300 310 302 300 1
0 310 311 302 310 311 302 1
0 311 304 302 311 304 302 1
0 312 313 306 312 313 306 1
0 313 307 306 313 307 306 1
0 313 314 307 313 314 307 1
0 314 308 307 314 308 307 1
0 314 315 308 314 315 308 1
0 315 309 308 315 309 308 1
0 315 316 309 315 316 309 1
0 316 310 309 316 310 309 1
0 316 317 310 316 317 310 1
0 317 311 310 317 311 310 1
0 318 319 312 318 319 312 1
0 319 313 312 319 313 312 1
0 319 320 313 319 320 313 1
0 320 314 313 320 314 313 1
0 320 321 314 320 321 314 1
0 321 315 314 321 315 314 1
0 321 322 315 321 322 315 1
0 322 316 315 322 316 315 1
0 322 323 316 322 323 316 1
0 323 317 316 323 317 316 1
0 324 325 318 324 325 318 1
0 325 319 318 325 319 318 1
0 325 326 319 325 326 319 1
0 326 320 319 326 320 319 1
0 326 327 320 326 327 320 1
0 327 321 320 327 321 320 1
0 327 328 321 327 328 321 1
0 328 322 321 328 322 321 1
0 328 329 322 328 329 322 1
0 329 323 322 329 323 322 1
0 330 331 324 330 331 324 1
0 331 325 324 331 325 324 1
0 331 332 325 331 332 325 1
0 332 326 325 332 326 325 1
0 332 333 326 332 333 326 1
0 333 327 326 333 327 326 1
0 333 334 327 333 334 327 1
0 334 328 327 334 328 327 1
0 334 335 328 334 335 328 1
0 335 329 328 335 329 328 1
0 336 337 330 336 337 330 1
0 337 331 330 337 331 330 1
0 337 338 331 337 338 331 1
0 338 332 331 338 332 331 1
0 338 339 332 338 339 332 1
0 339 333 332 339 333 332 1
0 339 340 333 339 340 333 1
0 340 334 333 340 334 333 1
0 340 341 334 340 341 334 1
0 341 335 334 341 335 334 1
0 342 343 344 342 343 344 1
0 343 345 344 343 345 344 1
0 346 347 342 346 347 342 1
0 347 343 342 347 343 342 1
0 348 349 346 348 349 346 1
0 349 347 346 349 347 346 1
0 350 351 348 350 351 348 1
0 351 349 348 351 349 348 1
0 352 353 350 352 353 350 1
0 353 351 350 353 351 350 1
0 343 354 345 343 354 345 1
0 354 355 345 354 355 345 1
0 347 356 343 347 356 343 1
0 356 354 343 356 354 343 1
0 349 357 347 349 267 347 1
0 357 356 347 267 356 347 1
0 351 358 349 351 357 349 1
0 358 357 349 357 267 349 1
0 353 359 351 353 358 351 1
0 359 358 351 358 357 351 1
0 354 360 355 354 359 355 1
0 360 361 355 359 360 355 1
0 356 362 354 356 361 354 1
0 362 360 354 361 359 354 1
0 357 363 356 267 273 356 1
0 363 362 356 273 361 356 1
0 358 364 357 357 362 267 1
0 364 363 357 362 273 267 1
0 359 365 358 358 363 357 1
0 365 364 358 363 362 357 1
0 360 366 361 359 364 360 1
0 366 367 361 364 365 360 1
0 362 368 360 361 366 359 1
0 368 366 360 366 364 359 1
0 363 369 362 273 279 361 1
0 369 368 362 279 366 361 1
0 364 370 363 362 367 273 1
0 370 369 363 367 279 273 1
0 365 371 364 363 368 362 1
0 371 370 364 368 367 362 1
0 366 372 367 364 369 365 1
0 372 373 367 369 370 365 1
0 368 374 366 366 371 364 1
0 374 372 366 371 369 364 1
0 369 375 368 279 285 366 1
0 375 374 368 285 371 366 1
0 370 376 369 367 372 279 1
0 376 375 369 372 285 279 1
0 371 377 370 368 373 367 1
0 377 376 370 373 372 367 1
0 372 378 373 369 374 370 1
0 378 379 373 374 375 370 1
0 374 380 372 371 376 369 1
0 380 378 372 376 374 369 1
0 375 381 374 285 291 371 1
0 381 380 374 291 376 371 1
0 376 382 375 372 377 285 1
0 382 381 375 377 291 285 1
0 377 383 376 373 378 372 1
0 383 382 376 378 377 372 1
0 378 337 379 374 337 375 1
0 337 336 379 337 336 375 1
0 380 338 378 376 338 374 1
0 338 337 378 338 337 374 1
0 381 339 380 291 339 376 1
0 339 338 380 339 338 376 1
0 382 340 381 377 340 291 1
0 340 339 381 340 339 291 1
0 383 341 382 378 341 377 1
0 341 340 382 341 340 377 1
0 384 385 386 379 380 381 1
0 385 387 386 380 382 381 1
0 388 389 387 383 384 382 1
0 388 390 389 383 385 384 1
0 390 391 389 385 386 384 1
0 390 392 391 385 387 386 1
0 392 393 391 387 388 386 1
0 392 394 393 387 389 388 1
0 394 395 393 389 390 388 1
0 396 397 384 391 392 379 1
0 397 385 384 392 380 379 1
0 398 388 385 393 383 380 1
0 398 399 388 393 309 383 1
0 399 390 388 309 385 383 1
0 399 400 390 309 394 385 1
0 400 392 390 394 387 385 1
0 400 401 392 394 395 387 1
0 401 394 392 395 389 387 1
0 402 403 396 396 397 391 1
0 403 397 396 397 392 391 1
0 404 398 397 398 393 392 1
0 404 405 398 398 399 393 1
0 405 399 398 399 309 393 1
0 405 406 399 399 400 309 1
0 406 400 399 400 394 309 1
0 406 407 400 400 401 394 1
0 407 401 400 401 395 394 1
0 230 231 402 230 231 396 1
0 231 403 402 231 397 396 1
0 233 404 403 233 398 397 1
0 233 235 404 233 235 398 1
0 235 405 404 235 399 398 1
0 235 237 405 235 237 399 1
0 237 406 405 237 400 399 1
0 237 239 406 237 239 400 1
0 239 407 406 239 401 400 1

Materials: 7
"Tex_0000_0_dds"
1.000000 1.000000 1.000000 1.000000
0.800000 0.800000 0.800000 1.000000
0.500000 0.500000 0.500000 1.000000
1.000000 1.000000 1.000000 1.000000
0.185600
1.000000
"Tex_0000_0.png"
""
"Tex_0001_0_dds"
1.000000 1.000000 1.000000 1.000000
0.800000 0.800000 0.800000 1.000000
0.500000 0.500000 0.500000 1.000000
1.000000 1.000000 1.000000 1.000000
0.185600
1.000000
"Tex_0007_0.png"
""
"Tex_0002_0_dds"
1.000000 1.000000 1.000000 1.000000
0.800000 0.800000 0.800000 1.000000
0.500000 0.500000 0.500000 1.000000
1.000000 1.000000 1.000000 1.000000
0.185600
1.000000
"Tex_0002_0.png"
""
"Tex_0005_0_dds"
1.000000 1.000000 1.000000 0.690000
0.800000 0.800000 0.800000 0.690000
0.500000 0.500000 0.500000 0.690000
1.000000 1.000000 1.000000 0.690000
0.185600
0.690000
"Tex_0005_0.ini"
""
"Tex_0006_0_dds"
1.000000 1.000000 1.000000 0.670000
0.800000 0.800000 0.800000 0.670000
0.500000 0.500000 0.500000 0.670000
1.000000 1.000000 1.000000 0.670000
0.185600
0.670000
"Tex_0005_1.ini"
""
"Tex_0007_0_dds"
1.000000 1.000000 1.000000 1.000000
0.800000 0.800000 0.800000 1.000000
0.500000 0.500000 0.500000 1.000000
1.000000 1.000000 1.000000 1.000000
0.185600
1.000000
"Tex_0007_0.png"
""
"Material01"
0.200000 0.200000 0.200000 0.460000
0.800000 0.800000 0.800000 0.460000
0.000000 0.000000 0.000000 0.460000
1.000000 1.000000 1.000000 0.460000
0.000000
0.460000
"Tex_0000_0.png"
""

Bones: 0
GroupComments: 0
MaterialComments: 0
BoneComments: 0
ModelComment: 0
