// MilkShape 3D ASCII

Frames: 1
Frame: 1

Meshes: 6
"Duplicate04" 0 0
4
0 3.143462 -0.108027 5.444632 0.250000 1.000000 -1
0 3.143462 0.421654 5.444632 0.250000 0.000000 -1
0 -3.143461 -0.108027 5.444633 0.750000 1.000000 -1
0 -3.143461 0.421654 5.444633 0.750000 0.000000 -1
1
0.000000 0.000000 1.000000
2
0 0 1 2 0 0 0 1
0 1 3 2 0 0 0 1
"Duplicate03" 0 0
4
0 -3.143459 -0.108027 5.444634 0.250000 1.000000 -1
0 -3.143459 0.421654 5.444634 0.250000 0.000000 -1
0 -6.286921 -0.108027 -0.000000 0.750000 1.000000 -1
0 -6.286921 0.421654 -0.000000 0.750000 0.000000 -1
1
-0.866025 0.000000 0.500000
2
0 0 1 2 0 0 0 1
0 1 3 2 0 0 0 1
"Duplicate05" 0 0
4
0 6.286921 -0.108027 -0.000002 0.250000 1.000000 -1
0 6.286921 0.421654 -0.000002 0.250000 0.000000 -1
0 3.143461 -0.108027 5.444633 0.750000 1.000000 -1
0 3.143461 0.421654 5.444633 0.750000 0.000000 -1
1
0.866026 0.000000 0.500000
2
0 0 1 2 0 0 0 1
0 1 3 2 0 0 0 1
"Duplicate06" 0 0
4
0 3.143458 -0.108027 -5.444635 0.250000 1.000000 -1
0 3.143458 0.421654 -5.444635 0.250000 0.000000 -1
0 6.286921 -0.108027 -0.000000 0.750000 1.000000 -1
0 6.286921 0.421654 -0.000000 0.750000 0.000000 -1
1
0.866025 0.000000 -0.500000
2
0 0 1 2 0 0 0 1
0 1 3 2 0 0 0 1
"Duplicate01" 0 0
4
0 -6.286921 -0.108027 0.000001 0.250000 1.000000 -1
0 -6.286921 0.421654 0.000001 0.250000 0.000000 -1
0 -3.143460 -0.108027 -5.444633 0.750000 1.000000 -1
0 -3.143460 0.421654 -5.444633 0.750000 0.000000 -1
1
-0.866025 0.000000 -0.500000
2
0 0 1 2 0 0 0 1
0 1 3 2 0 0 0 1
"Cylinder03" 0 0
4
0 -3.143461 -0.108027 -5.444632 0.250000 1.000000 -1
0 -3.143461 0.421654 -5.444632 0.250000 0.000000 -1
0 3.143461 -0.108027 -5.444632 0.750000 1.000000 -1
0 3.143461 0.421654 -5.444632 0.750000 0.000000 -1
1
0.000000 0.000000 -1.000000
2
0 0 1 2 0 0 0 1
0 1 3 2 0 0 0 1

Materials: 1
"Material01"
1.000000 1.000000 1.000000 1.000000
1.000000 1.000000 1.000000 1.000000
1.000000 1.000000 1.000000 1.000000
1.000000 1.000000 1.000000 1.000000
0.000000
1.000000
"Tex_0007_1.png"
""

Bones: 0
GroupComments: 0
MaterialComments: 0
BoneComments: 0
ModelComment: 0
