// MilkShape 3D ASCII

Frames: 1
Frame: 1

Meshes: 1
"Tex_0007_0_dds" 0 0
84
0 2.626974 -2.406272 -4.448237 0.234497 1.011459 -1
0 2.539852 -2.406272 -4.498538 0.012291 1.011459 -1
0 1.887128 -2.193242 -3.166836 0.234497 1.232666 -1
0 1.800048 -2.193242 -3.217111 0.012291 1.232666 -1
0 3.600950 -2.180843 -0.049242 0.234497 1.011459 -1
0 3.600950 -2.180843 0.051305 0.234497 1.011459 -1
0 3.687069 -2.193242 -0.049244 0.012291 1.011459 -1
0 3.687069 -2.193242 0.051307 0.012291 1.011459 -1
0 -2.539641 -2.406272 -4.498538 0.234497 1.011459 -1
0 -2.626763 -2.406272 -4.448239 0.012291 1.011459 -1
0 -1.799836 -2.193242 -3.217112 0.234497 1.232666 -1
0 -1.886916 -2.193242 -3.166837 0.012291 1.232666 -1
0 -5.166508 -2.406272 -0.049270 0.234497 1.011459 -1
0 -5.166508 -2.406272 0.051330 0.012291 1.011459 -1
0 -3.686857 -2.193242 -0.049245 0.234497 1.232666 -1
0 -3.686857 -2.193242 0.051305 0.012291 1.232666 -1
0 -2.626763 -2.406272 4.450298 0.234497 1.011459 -1
0 -2.539641 -2.406272 4.500597 0.012291 1.011459 -1
0 -1.886916 -2.193242 3.168896 0.234497 1.232666 -1
0 -1.799837 -2.193242 3.219171 0.012291 1.232666 -1
0 2.539850 -2.406272 4.500597 0.012291 1.011459 -1
0 2.626972 -2.406272 4.450298 0.234497 1.011459 -1
0 1.800046 -2.193242 3.219171 0.012291 1.232666 -1
0 1.887126 -2.193242 3.168896 0.234497 1.232666 -1
0 1.887156 -2.407458 -3.166786 0.234497 1.232666 -1
0 1.799991 -2.407458 -3.217111 0.012291 1.232666 -1
0 -1.886944 -2.407458 -3.166787 0.012291 1.011459 -1
0 -1.843885 -2.410694 -3.092206 0.234497 1.011459 -1
0 -1.799779 -2.407458 -3.217112 0.012291 1.011459 -1
0 -1.756718 -2.410694 -3.142532 0.234497 1.011459 -1
0 -3.686829 -2.407459 0.051354 0.012291 1.011459 -1
0 -3.600710 -2.410694 0.051356 0.234497 1.011459 -1
0 -3.686829 -2.407458 -0.049294 0.012291 1.011459 -1
0 -3.600710 -2.410694 -0.049296 0.234497 1.011459 -1
0 -1.799779 -2.407458 3.219171 0.012291 1.011459 -1
0 -1.756718 -2.410694 3.144590 0.234497 1.011459 -1
0 -1.886944 -2.407458 3.168845 0.012291 1.011459 -1
0 -1.843885 -2.410694 3.094263 0.234497 1.011459 -1
0 1.887155 -2.407458 3.168845 0.012291 1.011459 -1
0 1.844096 -2.410694 3.094263 0.234497 1.011459 -1
0 1.799990 -2.407458 3.219171 0.012291 1.011459 -1
0 1.756929 -2.410694 3.144590 0.234497 1.011459 -1
0 3.687040 -2.407458 -0.049293 0.012291 1.011459 -1
0 3.600922 -2.410694 -0.049295 0.234497 1.011459 -1
0 3.687040 -2.407458 0.051356 0.012291 1.011459 -1
0 3.600922 -2.410694 0.051357 0.234497 1.011459 -1
0 1.800048 -2.193242 -3.217111 0.012291 1.011459 -1
0 1.756991 -2.180843 -3.142530 0.234497 1.011459 -1
0 1.887128 -2.193242 -3.166836 0.012291 1.011459 -1
0 1.844067 -2.180843 -3.092257 0.234497 1.011459 -1
0 3.687069 -2.193242 0.051307 0.234497 1.232666 -1
0 5.166718 -2.406272 0.051331 0.234497 1.011459 -1
0 3.687069 -2.193242 -0.049244 0.012291 1.232666 -1
0 5.166718 -2.406272 -0.049269 0.012291 1.011459 -1
0 -1.886916 -2.193242 -3.166837 0.012291 1.011459 -1
0 -1.843855 -2.180843 -3.092258 0.234497 1.011459 -1
0 -1.799836 -2.193242 -3.217112 0.012291 1.011459 -1
0 -1.756778 -2.180843 -3.142532 0.234497 1.011459 -1
0 -3.686857 -2.193242 0.051305 0.012291 1.011459 -1
0 -3.600741 -2.180843 0.051304 0.234497 1.011459 -1
0 -3.686857 -2.193242 -0.049245 0.012291 1.011459 -1
0 -3.600741 -2.180843 -0.049244 0.234497 1.011459 -1
0 -1.799837 -2.193242 3.219171 0.012291 1.011459 -1
0 -1.756780 -2.180843 3.144590 0.234497 1.011459 -1
0 -1.886916 -2.193242 3.168896 0.012291 1.011459 -1
0 -1.843857 -2.180843 3.094317 0.234497 1.011459 -1
0 1.887126 -2.193242 3.168896 0.012291 1.011459 -1
0 1.844066 -2.180843 3.094317 0.234497 1.011459 -1
0 1.800046 -2.193242 3.219171 0.012291 1.011459 -1
0 1.756989 -2.180843 3.144590 0.234497 1.011459 -1
0 1.756930 -2.410694 -3.142530 0.234497 1.011459 -1
0 1.844097 -2.410694 -3.092204 0.234497 1.011459 -1
0 1.799991 -2.407458 -3.217111 0.012291 1.011459 -1
0 1.887156 -2.407458 -3.166786 0.012291 1.011459 -1
0 -1.799779 -2.407458 -3.217112 0.234497 1.232666 -1
0 -1.886944 -2.407458 -3.166787 0.012291 1.232666 -1
0 -3.686829 -2.407458 -0.049294 0.234497 1.232666 -1
0 -3.686829 -2.407459 0.051354 0.012291 1.232666 -1
0 1.799990 -2.407458 3.219171 0.012291 1.232666 -1
0 1.887155 -2.407458 3.168845 0.234497 1.232666 -1
0 3.687040 -2.407458 0.051356 0.234497 1.232666 -1
0 3.687040 -2.407458 -0.049293 0.012291 1.232666 -1
0 -1.886944 -2.407458 3.168845 0.234497 1.232666 -1
0 -1.799779 -2.407458 3.219171 0.012291 1.232666 -1
80
0.023538 0.998891 -0.040768
0.047477 0.995482 -0.082232
0.071252 0.989794 -0.123412
0.071251 0.989794 -0.123412
0.142384 0.988961 -0.041033
0.142505 0.989794 0.000000
0.142385 0.988960 -0.041033
-0.035517 0.997474 -0.061518
-0.035517 0.997474 -0.061518
-0.071251 0.989794 -0.123412
-0.071251 0.989794 -0.123412
-0.071035 0.997474 0.000000
-0.071034 0.997474 0.000002
-0.142504 0.989794 0.000000
-0.142504 0.989794 0.000000
-0.035517 0.997474 0.061518
-0.035517 0.997474 0.061518
-0.071251 0.989794 0.123412
-0.071252 0.989794 0.123412
0.035517 0.997474 0.061518
0.035517 0.997474 0.061518
0.047536 0.989424 0.137043
0.071251 0.989794 0.123412
-0.000401 1.000000 0.000694
-0.000401 1.000000 0.000694
0.028158 0.999236 0.027097
0.028158 0.999236 0.027097
0.018774 0.999295 0.032517
0.018774 0.999295 0.032517
0.037536 0.999191 -0.014444
0.037539 0.999269 -0.007219
0.037542 0.999295 0.000005
0.037547 0.999295 0.000000
0.006258 0.999191 -0.039738
0.012517 0.999269 -0.036128
0.018774 0.999295 -0.032517
0.018774 0.999295 -0.032517
-0.031285 0.999191 -0.025289
-0.025030 0.999269 -0.028903
-0.018774 0.999295 -0.032517
-0.018774 0.999295 -0.032516
-0.037544 0.999191 0.014450
-0.037547 0.999269 0.007225
-0.037548 0.999295 0.000000
0.023769 0.988312 -0.150583
0.047538 0.989423 -0.137045
0.071253 0.989794 -0.123415
0.071253 0.989794 -0.123415
0.142504 0.989794 0.000000
0.094953 0.995482 0.000000
0.047075 0.998891 0.000000
-0.118524 0.988312 -0.095876
-0.094915 0.989423 -0.109692
-0.071254 0.989794 -0.123415
-0.071254 0.989794 -0.123416
-0.142296 0.988311 0.054708
-0.142456 0.989423 0.027354
-0.142510 0.989793 0.000000
-0.142510 0.989793 0.000000
-0.023769 0.988312 0.150582
-0.047538 0.989423 0.137046
-0.071254 0.989794 0.123416
-0.071253 0.989794 0.123417
0.118523 0.988312 0.095876
0.094915 0.989423 0.109692
0.071253 0.989794 0.123416
0.071253 0.989794 0.123416
-0.006258 0.999191 0.039738
-0.018774 0.999295 0.032517
-0.012516 0.999269 0.036128
-0.018774 0.999295 0.032517
0.000401 1.000000 0.000694
0.000401 1.000000 0.000694
0.000802 1.000000 0.000005
0.000802 1.000000 0.000009
-0.000267 0.999889 -0.014914
-0.000401 1.000000 -0.000694
-0.000802 1.000000 0.000000
0.000401 1.000000 -0.000694
0.000401 1.000000 -0.000694
48
0 0 1 2 0 1 2 1
0 1 3 2 1 3 2 1
0 4 5 6 4 5 6 1
0 5 7 6 5 5 6 1
0 8 9 10 7 8 9 1
0 9 11 10 8 10 9 1
0 12 13 14 11 12 13 1
0 13 15 14 12 14 13 1
0 16 17 18 15 16 17 1
0 17 19 18 16 18 17 1
0 20 21 22 19 20 21 1
0 21 23 22 20 22 21 1
0 24 0 25 23 0 24 1
0 0 1 25 0 1 24 1
0 26 27 28 25 26 27 1
0 27 29 28 26 28 27 1
0 30 31 32 29 30 31 1
0 31 33 32 30 32 31 1
0 34 35 36 33 34 35 1
0 35 37 36 34 36 35 1
0 38 39 40 37 38 39 1
0 39 41 40 38 40 39 1
0 42 43 44 41 42 43 1
0 43 45 44 42 43 43 1
0 46 47 48 44 45 46 1
0 47 49 48 45 47 46 1
0 50 51 52 48 49 48 1
0 51 53 52 49 50 48 1
0 54 55 56 51 52 53 1
0 55 57 56 52 54 53 1
0 58 59 60 55 56 57 1
0 59 61 60 56 58 57 1
0 62 63 64 59 60 61 1
0 63 65 64 60 62 61 1
0 66 67 68 63 64 65 1
0 67 69 68 64 66 65 1
0 70 71 72 67 68 69 1
0 71 73 72 68 70 69 1
0 8 9 74 7 8 71 1
0 9 75 74 8 72 71 1
0 12 13 76 11 12 73 1
0 13 77 76 12 74 73 1
0 20 21 78 19 20 75 1
0 21 79 78 20 76 75 1
0 51 53 80 49 50 77 1
0 53 81 80 50 77 77 1
0 16 17 82 15 16 78 1
0 17 83 82 16 79 78 1

Materials: 1
"Tex_0007_0_dds"
1.000000 1.000000 1.000000 1.000000
0.800000 0.800000 0.800000 1.000000
0.500000 0.500000 0.500000 1.000000
1.000000 1.000000 1.000000 1.000000
0.185600
1.000000
"Tex_0007_0.png"
""

Bones: 0
GroupComments: 0
MaterialComments: 0
BoneComments: 0
ModelComment: 0
