// MilkShape 3D ASCII

Frames: 1
Frame: 1

Meshes: 3
"Tex_0000_0_dds" 0 0
20
0 5.316101 0.999715 8.812088 0.244507 1.520996 -1
0 5.316101 6.980328 8.812088 0.244507 1.729492 -1
0 -5.316101 0.999715 8.812090 0.474609 1.520996 -1
0 -5.316101 6.980328 8.812090 0.474609 1.729492 -1
0 5.256228 6.920455 8.578137 0.001468 1.505371 -1
0 5.052677 6.680967 8.413588 0.001468 1.747559 -1
0 0.040504 6.920455 8.578137 0.490967 1.505371 -1
0 0.035937 6.680967 8.413588 0.490967 1.747559 -1
0 5.256228 1.059587 8.578137 0.001468 1.505371 -1
0 5.052677 1.299076 8.413588 0.001468 1.747559 -1
0 5.256228 3.990021 8.578137 0.490723 1.505371 -1
0 5.052677 3.990021 8.413588 0.490723 1.747559 -1
0 -5.256229 1.059587 8.578137 0.001468 1.505371 -1
0 -4.980804 1.299076 8.413588 0.001468 1.747559 -1
0 0.040504 1.059587 8.578137 0.490967 1.505371 -1
0 0.035936 1.299076 8.413588 0.490967 1.747559 -1
0 -5.256229 6.920455 8.578137 0.001468 1.505371 -1
0 -4.980804 6.680967 8.413588 0.001468 1.747559 -1
0 -5.256229 3.990021 8.578137 0.490723 1.505371 -1
0 -4.980804 3.990021 8.413588 0.490723 1.747559 -1
9
0.000000 0.000000 1.000000
0.347023 0.312595 -0.884228
0.000000 0.566299 -0.824200
0.347023 -0.312594 -0.884228
0.628669 0.000000 -0.777673
-0.277532 -0.306439 -0.910533
0.000000 -0.566298 -0.824201
-0.277532 0.306440 -0.910533
-0.512879 0.000000 -0.858461
18
0 0 1 2 0 0 0 1
0 1 3 2 0 0 0 1
0 4 5 6 1 1 2 1
0 5 7 6 1 2 2 1
0 8 9 10 3 3 4 1
0 9 11 10 3 4 4 1
0 12 13 14 5 5 6 1
0 13 15 14 5 6 6 1
0 16 17 18 7 7 8 1
0 17 19 18 7 8 8 1
0 7 17 6 2 7 2 1
0 17 16 6 7 7 2 1
0 11 5 10 4 1 4 1
0 5 4 10 1 1 4 1
0 15 9 14 6 3 6 1
0 9 8 14 3 3 6 1
0 19 13 18 8 5 8 1
0 13 12 18 5 5 8 1
"Tex_0000_0_dds" 0 6
96
0 6.313396 -0.000015 -0.088142 0.234497 1.011459 -1
0 6.313396 -0.000015 0.088150 0.234497 1.011459 -1
0 6.464387 -0.012414 -0.088144 0.012291 1.011459 -1
0 6.464387 -0.012414 0.088153 0.012291 1.011459 -1
0 3.308533 -0.012414 -5.554247 0.012291 1.232666 -1
0 3.233035 -0.000015 -5.423487 0.234497 1.232666 -1
0 -3.155856 -0.012414 -5.642397 0.012291 1.232666 -1
0 -3.080363 -0.000015 -5.511634 0.234497 1.232666 -1
0 3.155856 -0.012414 -5.642395 0.012291 1.011459 -1
0 3.080363 -0.000015 -5.511632 0.234497 1.011459 -1
0 -6.313399 -0.000015 -0.088143 0.234497 1.232666 -1
0 -3.233036 -0.000015 -5.423489 0.234497 1.011459 -1
0 -3.308533 -0.012414 -5.554249 0.012291 1.011459 -1
0 -3.308535 -0.012414 5.554252 0.012291 1.232666 -1
0 -3.233038 -0.000015 5.423491 0.234497 1.232666 -1
0 -6.464389 -0.012414 0.088151 0.012291 1.011459 -1
0 3.155853 -0.012414 5.642400 0.012291 1.232666 -1
0 3.080360 -0.000015 5.511637 0.234497 1.232666 -1
0 -3.155858 -0.012414 5.642400 0.012291 1.011459 -1
0 -3.080365 -0.000015 5.511637 0.234497 1.011459 -1
0 6.464387 -0.012414 0.088153 0.012291 1.232666 -1
0 6.313396 -0.000015 0.088150 0.234497 1.232666 -1
0 3.308530 -0.012414 5.554252 0.012291 1.011459 -1
0 3.233033 -0.000015 5.423491 0.234497 1.011459 -1
0 3.308533 -0.012414 -5.554247 0.012291 1.011459 -1
0 3.233035 -0.000015 -5.423487 0.234497 1.011459 -1
0 -3.155856 -0.012414 -5.642397 0.012291 1.011459 -1
0 -3.080363 -0.000015 -5.511634 0.234497 1.011459 -1
0 -6.313399 -0.000015 0.088148 0.234497 1.011459 -1
0 -6.464389 -0.012414 -0.088146 0.012291 1.011459 -1
0 -6.313399 -0.000015 -0.088143 0.234497 1.011459 -1
0 -3.308535 -0.012414 5.554252 0.012291 1.011459 -1
0 -3.233038 -0.000015 5.423491 0.234497 1.011459 -1
0 3.155853 -0.012414 5.642400 0.012291 1.011459 -1
0 3.080360 -0.000015 5.511637 0.234497 1.011459 -1
0 3.233431 0.000000 -5.424148 0.503906 1.982422 -1
0 3.080740 0.000000 -5.512304 0.537109 1.995605 -1
0 2.237874 0.000000 -3.876106 0.597168 1.711914 -1
0 0.000001 0.000000 -5.512305 0.766602 1.995605 -1
0 0.000001 0.000000 -3.876106 0.764160 1.711914 -1
0 1.118937 0.000000 -1.938051 0.682129 1.357178 -1
0 0.000001 0.000000 -1.938052 0.765137 1.357178 -1
0 0.000001 0.000000 0.000003 0.766602 1.002058 -1
0 -1.118935 0.000000 -1.938052 0.848633 1.357178 -1
0 -2.237871 0.000000 -3.876107 0.930664 1.711914 -1
0 -3.080737 0.000000 -5.512306 0.996582 1.995605 -1
0 -3.233429 0.000000 5.424153 0.503906 1.982422 -1
0 -3.080739 0.000000 5.512310 0.537109 1.995605 -1
0 -2.237873 0.000000 3.876111 0.597168 1.711914 -1
0 -0.000001 0.000000 5.512310 0.766602 1.995605 -1
0 -0.000001 0.000000 3.876111 0.764160 1.711914 -1
0 -1.118936 0.000000 1.938057 0.682129 1.357178 -1
0 0.000000 0.000000 1.938057 0.765137 1.357178 -1
0 1.118936 0.000000 1.938057 0.848633 1.357178 -1
0 2.237872 0.000000 3.876111 0.930664 1.711914 -1
0 3.080738 0.000000 5.512310 0.996582 1.995605 -1
0 6.314168 0.000000 0.088161 0.503906 1.982422 -1
0 6.314168 0.000000 -0.088152 0.537109 1.995605 -1
0 4.475746 0.000000 0.000004 0.597168 1.711914 -1
0 4.773800 0.000000 -2.756150 0.766602 1.995605 -1
0 3.356810 0.000000 -1.938051 0.764160 1.711914 -1
0 2.237874 0.000000 0.000004 0.682129 1.357178 -1
0 1.678405 0.000000 -0.969024 0.765137 1.357178 -1
0 1.118937 0.000000 -1.938051 0.848633 1.357178 -1
0 2.237874 0.000000 -3.876106 0.930664 1.711914 -1
0 3.233431 0.000000 -5.424148 0.996582 1.995605 -1
0 -3.080737 0.000000 -5.512306 0.503906 1.982422 -1
0 -3.233428 0.000000 -5.424150 0.537109 1.995605 -1
0 -2.237871 0.000000 -3.876107 0.597168 1.711914 -1
0 -4.773798 0.000000 -2.756152 0.766602 1.995605 -1
0 -3.356808 0.000000 -1.938052 0.764160 1.711914 -1
0 -1.118935 0.000000 -1.938052 0.682129 1.357178 -1
0 -1.678403 0.000000 -0.969025 0.765137 1.357178 -1
0 -2.237872 0.000000 0.000003 0.848633 1.357178 -1
0 -4.475744 0.000000 0.000003 0.930664 1.711914 -1
0 -6.314167 0.000000 -0.088154 0.996582 1.995605 -1
0 -6.314167 0.000000 -0.088154 0.503906 1.982422 -1
0 -6.314167 0.000000 0.088159 0.537109 1.995605 -1
0 -4.475744 0.000000 0.000003 0.597168 1.711914 -1
0 -4.773799 0.000000 2.756156 0.766602 1.995605 -1
0 -3.356809 0.000000 1.938057 0.764160 1.711914 -1
0 -2.237872 0.000000 0.000003 0.682129 1.357178 -1
0 -1.678404 0.000000 0.969030 0.765137 1.357178 -1
0 -1.118936 0.000000 1.938057 0.848633 1.357178 -1
0 -2.237873 0.000000 3.876111 0.930664 1.711914 -1
0 -3.233429 0.000000 5.424153 0.996582 1.995605 -1
0 3.080738 0.000000 5.512310 0.503906 1.982422 -1
0 3.233429 0.000000 5.424153 0.537109 1.995605 -1
0 2.237872 0.000000 3.876111 0.597168 1.711914 -1
0 4.773799 0.000000 2.756157 0.766602 1.995605 -1
0 3.356809 0.000000 1.938058 0.764160 1.711914 -1
0 1.118936 0.000000 1.938057 0.682129 1.357178 -1
0 1.678405 0.000000 0.969030 0.765137 1.357178 -1
0 2.237874 0.000000 0.000004 0.848633 1.357178 -1
0 4.475746 0.000000 0.000004 0.930664 1.711914 -1
0 6.314168 0.000000 0.088161 0.996582 1.995605 -1
34
0.081819 0.996368 -0.023606
0.081842 0.996645 0.000000
0.081819 0.996368 -0.023606
0.081750 0.995535 -0.047199
0.081750 0.995535 -0.047198
0.000000 0.995535 -0.094397
0.000000 0.995535 -0.094397
0.013644 0.996152 -0.086579
0.027287 0.996522 -0.078737
-0.081751 0.995535 -0.047199
-0.054544 0.996522 -0.063000
-0.068158 0.996152 -0.055105
-0.081750 0.995535 0.047198
-0.081750 0.995535 0.047199
-0.081801 0.996152 0.031473
0.027287 0.996522 0.078735
0.000000 0.995535 0.094397
-0.013644 0.996152 0.086579
-0.027287 0.996522 0.078737
0.081750 0.995535 0.047198
0.081750 0.995535 0.047198
0.068157 0.996152 0.055105
0.054544 0.996522 0.063000
0.040921 0.996645 -0.070878
0.040921 0.996645 -0.070878
-0.040921 0.996645 -0.070878
-0.040921 0.996645 -0.070878
-0.081832 0.996522 0.015737
-0.081843 0.996645 0.000000
-0.040921 0.996645 0.070877
-0.040921 0.996645 0.070877
0.040921 0.996645 0.070877
0.040921 0.996645 0.070878
0.000000 1.000000 0.000000
88
0 0 1 2 0 1 2 1
0 1 3 2 1 1 2 1
0 4 5 2 3 4 2 1
0 5 0 2 4 0 2 1
0 6 7 8 5 6 7 1
0 7 9 8 6 8 7 1
0 10 11 12 9 10 11 1
0 13 14 15 12 13 14 1
0 16 17 18 15 16 17 1
0 17 19 18 16 18 17 1
0 20 21 22 19 20 21 1
0 21 23 22 20 22 21 1
0 8 9 24 7 8 23 1
0 9 25 24 8 24 23 1
0 12 11 26 11 10 25 1
0 11 27 26 10 26 25 1
0 15 28 29 14 27 28 1
0 28 30 29 27 28 28 1
0 18 19 31 17 18 29 1
0 19 32 31 18 30 29 1
0 22 23 33 21 22 31 1
0 23 34 33 22 32 31 1
0 35 36 37 33 33 33 1
0 36 38 37 33 33 33 1
0 38 39 37 33 33 33 1
0 37 39 40 33 33 33 1
0 39 41 40 33 33 33 1
0 40 41 42 33 33 33 1
0 42 41 43 33 33 33 1
0 41 39 43 33 33 33 1
0 43 39 44 33 33 33 1
0 39 38 44 33 33 33 1
0 44 38 45 33 33 33 1
0 46 47 48 33 33 33 1
0 47 49 48 33 33 33 1
0 49 50 48 33 33 33 1
0 48 50 51 33 33 33 1
0 50 52 51 33 33 33 1
0 51 52 42 33 33 33 1
0 42 52 53 33 33 33 1
0 52 50 53 33 33 33 1
0 53 50 54 33 33 33 1
0 50 49 54 33 33 33 1
0 54 49 55 33 33 33 1
0 56 57 58 33 33 33 1
0 57 59 58 33 33 33 1
0 59 60 58 33 33 33 1
0 58 60 61 33 33 33 1
0 60 62 61 33 33 33 1
0 61 62 42 33 33 33 1
0 42 62 63 33 33 33 1
0 62 60 63 33 33 33 1
0 63 60 64 33 33 33 1
0 60 59 64 33 33 33 1
0 64 59 65 33 33 33 1
0 66 67 68 33 33 33 1
0 67 69 68 33 33 33 1
0 69 70 68 33 33 33 1
0 68 70 71 33 33 33 1
0 70 72 71 33 33 33 1
0 71 72 42 33 33 33 1
0 42 72 73 33 33 33 1
0 72 70 73 33 33 33 1
0 73 70 74 33 33 33 1
0 70 69 74 33 33 33 1
0 74 69 75 33 33 33 1
0 76 77 78 33 33 33 1
0 77 79 78 33 33 33 1
0 79 80 78 33 33 33 1
0 78 80 81 33 33 33 1
0 80 82 81 33 33 33 1
0 81 82 42 33 33 33 1
0 42 82 83 33 33 33 1
0 82 80 83 33 33 33 1
0 83 80 84 33 33 33 1
0 80 79 84 33 33 33 1
0 84 79 85 33 33 33 1
0 86 87 88 33 33 33 1
0 87 89 88 33 33 33 1
0 89 90 88 33 33 33 1
0 88 90 91 33 33 33 1
0 90 92 91 33 33 33 1
0 91 92 42 33 33 33 1
0 42 92 93 33 33 33 1
0 92 90 93 33 33 33 1
0 93 90 94 33 33 33 1
0 90 89 94 33 33 33 1
0 94 89 95 33 33 33 1
"Tex_0007_0_dds" 0 5
12
0 5.316102 6.980328 8.578135 0.486328 1.484375 -1
0 5.316101 6.980328 8.812088 0.266846 1.484375 -1
0 5.316102 0.999715 8.578135 0.486328 1.484375 -1
0 5.316101 0.999715 8.812088 0.266846 1.484375 -1
0 -5.316100 0.999715 8.812087 0.266846 1.263916 -1
0 -5.316100 0.999715 8.578134 0.486328 1.263916 -1
0 5.256229 6.920456 8.578135 0.486328 1.484375 -1
0 -5.316100 6.980328 8.578134 0.486328 1.263916 -1
0 -5.256227 6.920456 8.578134 0.486328 1.263916 -1
0 5.256229 1.059587 8.578135 0.486328 1.484375 -1
0 -5.256227 1.059587 8.578134 0.486328 1.263916 -1
0 -5.316100 6.980328 8.812087 0.266846 1.263916 -1
12
0.267262 0.534523 -0.801783
0.894427 0.447214 0.000004
0.485072 -0.485072 -0.727606
0.707107 -0.707107 0.000003
-0.707107 -0.707107 0.000000
-0.301511 -0.301511 -0.904534
0.000000 0.000000 -1.000000
-0.534522 0.267261 -0.801784
0.000000 0.000000 -1.000000
0.000000 0.000000 -1.000000
0.000000 0.000000 -1.000000
-0.447214 0.894427 0.000000
16
0 0 1 2 0 1 2 1
0 1 3 2 1 3 2 1
0 3 4 2 3 4 2 1
0 4 5 2 4 5 2 1
0 0 6 7 0 6 7 1
0 6 8 7 6 8 7 1
0 2 9 0 2 9 0 1
0 9 6 0 9 6 0 1
0 5 10 2 5 10 2 1
0 10 9 2 10 9 2 1
0 7 8 5 7 8 5 1
0 8 10 5 8 10 5 1
0 1 0 11 1 0 11 1
0 0 7 11 0 7 11 1
0 5 4 7 5 4 7 1
0 4 11 7 4 11 7 1

Materials: 8
"Tex_0000_0_dds"
1.000000 1.000000 1.000000 1.000000
0.800000 0.800000 0.800000 1.000000
0.500000 0.500000 0.500000 1.000000
1.000000 1.000000 1.000000 1.000000
0.185600
1.000000
"Tex_0000_0.png"
""
"Tex_0001_0_dds"
1.000000 1.000000 1.000000 1.000000
0.800000 0.800000 0.800000 1.000000
0.500000 0.500000 0.500000 1.000000
1.000000 1.000000 1.000000 1.000000
0.185600
1.000000
"Tex_0007_0.png"
""
"Tex_0002_0_dds"
1.000000 1.000000 1.000000 1.000000
0.800000 0.800000 0.800000 1.000000
0.500000 0.500000 0.500000 1.000000
1.000000 1.000000 1.000000 1.000000
0.185600
1.000000
"Tex_0002_0.png"
""
"Tex_0005_0_dds"
1.000000 1.000000 1.000000 0.690000
0.800000 0.800000 0.800000 0.690000
0.500000 0.500000 0.500000 0.690000
1.000000 1.000000 1.000000 0.690000
0.185600
0.690000
"Tex_0005_0.ini"
""
"Tex_0006_0_dds"
1.000000 1.000000 1.000000 0.670000
0.800000 0.800000 0.800000 0.670000
0.500000 0.500000 0.500000 0.670000
1.000000 1.000000 1.000000 0.670000
0.185600
0.670000
"Tex_0005_1.ini"
""
"Tex_0007_0_dds"
1.000000 1.000000 1.000000 1.000000
0.800000 0.800000 0.800000 1.000000
0.500000 0.500000 0.500000 1.000000
1.000000 1.000000 1.000000 1.000000
0.185600
1.000000
"Tex_0007_0.png"
""
"Material01"
0.200000 0.200000 0.200000 0.460000
0.800000 0.800000 0.800000 0.460000
0.000000 0.000000 0.000000 0.460000
1.000000 1.000000 1.000000 0.460000
0.000000
0.460000
"Tex_0000_0.png"
""
"Material01"
1.000000 1.000000 1.000000 0.740000
1.000000 1.000000 1.000000 0.740000
1.000000 1.000000 1.000000 0.740000
1.000000 1.000000 1.000000 0.740000
0.000000
0.740000
"Tex_0007_1.png"
""

Bones: 0
GroupComments: 0
MaterialComments: 0
BoneComments: 0
ModelComment: 0
