// MilkShape 3D ASCII

Frames: 1
Frame: 1

Meshes: 2
"Tex_0007_0_dds" 0 5
178
0 3.601604 -2.186872 -0.042953 0.592773 1.441406 -1
0 3.601553 -2.777546 -0.042992 0.592773 1.002935 -1
0 1.844720 -2.186872 -3.085965 0.997070 1.441406 -1
0 1.844729 -2.777546 -3.085901 0.997070 1.002935 -1
0 1.757644 -2.186872 -3.136240 0.592773 1.441406 -1
0 1.757583 -2.777546 -3.136215 0.592773 1.002935 -1
0 -1.756126 -2.186872 -3.136240 0.997070 1.441406 -1
0 -1.756065 -2.777546 -3.136216 0.997070 1.002935 -1
0 -1.843202 -2.186872 -3.085967 0.592773 1.441406 -1
0 -1.843211 -2.777546 -3.085902 0.592773 1.002935 -1
0 -3.600088 -2.186872 -0.042953 0.997070 1.441406 -1
0 -3.600035 -2.777546 -0.042993 0.997070 1.002935 -1
0 -3.600088 -2.186872 0.057594 0.592773 1.441406 -1
0 -3.600035 -2.777546 0.057635 0.592773 1.002935 -1
0 -1.843204 -2.186872 3.100607 0.997070 1.441406 -1
0 -1.843209 -2.777546 3.100541 0.997070 1.002935 -1
0 -1.756127 -2.186872 3.150881 0.592773 1.441406 -1
0 -1.756065 -2.777546 3.150855 0.592773 1.002935 -1
0 1.757642 -2.186872 3.150881 0.997070 1.441406 -1
0 1.757581 -2.777546 3.150855 0.997070 1.002935 -1
0 1.844720 -2.186872 3.100607 0.592773 1.441406 -1
0 1.844728 -2.777546 3.100543 0.592773 1.002935 -1
0 3.601604 -2.186872 0.057596 0.997070 1.441406 -1
0 3.601553 -2.777546 0.057636 0.997070 1.002935 -1
0 3.601553 -2.777546 0.057636 0.508789 1.002935 -1
0 3.601604 -2.186872 0.057596 0.508789 1.441406 -1
0 1.844720 -2.186872 -3.085965 0.508789 1.441406 -1
0 1.844729 -2.777546 -3.085901 0.508789 1.002935 -1
0 -1.756126 -2.186872 -3.136240 0.508789 1.441406 -1
0 -1.756065 -2.777546 -3.136216 0.508789 1.002935 -1
0 -3.600088 -2.186872 -0.042953 0.508789 1.441406 -1
0 -3.600035 -2.777546 -0.042993 0.508789 1.002935 -1
0 -1.843204 -2.186872 3.100607 0.508789 1.441406 -1
0 -1.843209 -2.777546 3.100541 0.508789 1.002935 -1
0 1.757642 -2.186872 3.150881 0.508789 1.441406 -1
0 1.757581 -2.777546 3.150855 0.508789 1.002935 -1
0 1.838999 -2.777547 -3.082569 0.992188 1.521484 -1
0 3.590894 -2.777547 -0.048198 0.593750 1.521484 -1
0 1.838992 -2.185102 -3.082633 0.992188 1.944336 -1
0 3.590946 -2.185102 -0.048158 0.593750 1.944336 -1
0 -1.751691 -2.777547 -3.132743 0.992188 1.521484 -1
0 1.752099 -2.777547 -3.132742 0.593750 1.521484 -1
0 -1.751751 -2.185102 -3.132767 0.992188 1.944336 -1
0 1.752158 -2.185102 -3.132767 0.593750 1.944336 -1
0 -3.590487 -2.777547 -0.048199 0.992188 1.521484 -1
0 -1.838592 -2.777547 -3.082571 0.593750 1.521484 -1
0 -3.590539 -2.185102 -0.048159 0.992188 1.944336 -1
0 -1.838584 -2.185102 -3.082635 0.593750 1.944336 -1
0 -1.838591 -2.777547 3.086515 0.992188 1.521484 -1
0 -3.590487 -2.777547 0.052146 0.593750 1.521484 -1
0 -1.838585 -2.185102 3.086581 0.992188 1.944336 -1
0 -3.590539 -2.185102 0.052106 0.593750 1.944336 -1
0 1.752097 -2.777547 3.136689 0.992188 1.521484 -1
0 -1.751691 -2.777547 3.136689 0.593750 1.521484 -1
0 1.752158 -2.185102 3.136713 0.992188 1.944336 -1
0 -1.751752 -2.185102 3.136713 0.593750 1.944336 -1
0 3.590894 -2.777547 0.052148 0.992188 1.521484 -1
0 1.838999 -2.777547 3.086517 0.593750 1.521484 -1
0 3.590946 -2.185102 0.052108 0.992188 1.944336 -1
0 1.838990 -2.185102 3.086581 0.593750 1.944336 -1
0 3.590946 -2.185102 0.052108 0.511719 1.944336 -1
0 3.590894 -2.777547 0.052148 0.511719 1.521484 -1
0 1.838999 -2.777547 -3.082569 0.511719 1.521484 -1
0 1.838992 -2.185102 -3.082633 0.511719 1.944336 -1
0 -1.751691 -2.777547 -3.132743 0.511719 1.521484 -1
0 -1.751751 -2.185102 -3.132767 0.511719 1.944336 -1
0 -3.590487 -2.777547 -0.048199 0.511719 1.521484 -1
0 -3.590539 -2.185102 -0.048159 0.511719 1.944336 -1
0 -1.838591 -2.777547 3.086515 0.511719 1.521484 -1
0 -1.838585 -2.185102 3.086581 0.511719 1.944336 -1
0 1.752097 -2.777547 3.136689 0.511719 1.521484 -1
0 1.752158 -2.185102 3.136713 0.511719 1.944336 -1
0 1.799991 -2.407458 -3.217111 0.012291 1.011459 -1
0 -1.799779 -2.407458 -3.217112 0.012291 1.232666 -1
0 1.756930 -2.410694 -3.142530 0.234497 1.011459 -1
0 -1.756718 -2.410694 -3.142532 0.234497 1.232666 -1
0 1.799990 -2.407458 3.219171 0.012291 1.232666 -1
0 1.756929 -2.410694 3.144590 0.234497 1.232666 -1
0 -1.799779 -2.407458 3.219171 0.012291 1.011459 -1
0 -1.756718 -2.410694 3.144590 0.234497 1.011459 -1
0 3.687040 -2.407458 0.051356 0.012291 1.232666 -1
0 3.600922 -2.410694 0.051357 0.234497 1.232666 -1
0 1.887155 -2.407458 3.168845 0.012291 1.011459 -1
0 1.844096 -2.410694 3.094263 0.234497 1.011459 -1
0 1.887156 -2.407458 -3.166786 0.012291 1.232666 -1
0 1.844097 -2.410694 -3.092204 0.234497 1.232666 -1
0 3.687040 -2.407458 -0.049293 0.012291 1.011459 -1
0 3.600922 -2.410694 -0.049295 0.234497 1.011459 -1
0 2.626974 -2.406272 -4.448237 0.234497 1.011459 -1
0 2.539852 -2.406272 -4.498538 0.012291 1.011459 -1
0 1.887128 -2.193242 -3.166836 0.234497 1.232666 -1
0 1.800048 -2.193242 -3.217111 0.012291 1.232666 -1
0 3.600950 -2.180843 -0.049242 0.234497 1.011459 -1
0 3.600950 -2.180843 0.051305 0.234497 1.011459 -1
0 3.687069 -2.193242 -0.049244 0.012291 1.011459 -1
0 3.687069 -2.193242 0.051307 0.012291 1.011459 -1
0 -2.539641 -2.406272 -4.498538 0.234497 1.011459 -1
0 -2.626763 -2.406272 -4.448239 0.012291 1.011459 -1
0 -1.799836 -2.193242 -3.217112 0.234497 1.232666 -1
0 -1.886916 -2.193242 -3.166837 0.012291 1.232666 -1
0 -5.166508 -2.406272 -0.049270 0.234497 1.011459 -1
0 -5.166508 -2.406272 0.051330 0.012291 1.011459 -1
0 -3.686857 -2.193242 -0.049245 0.234497 1.232666 -1
0 -3.686857 -2.193242 0.051305 0.012291 1.232666 -1
0 -2.626763 -2.406272 4.450298 0.234497 1.011459 -1
0 -2.539641 -2.406272 4.500597 0.012291 1.011459 -1
0 -1.886916 -2.193242 3.168896 0.234497 1.232666 -1
0 -1.799837 -2.193242 3.219171 0.012291 1.232666 -1
0 2.539850 -2.406272 4.500597 0.012291 1.011459 -1
0 2.626972 -2.406272 4.450298 0.234497 1.011459 -1
0 1.800046 -2.193242 3.219171 0.012291 1.232666 -1
0 1.887126 -2.193242 3.168896 0.234497 1.232666 -1
0 1.887156 -2.407458 -3.166786 0.234497 1.232666 -1
0 1.799991 -2.407458 -3.217111 0.012291 1.232666 -1
0 -1.886944 -2.407458 -3.166787 0.012291 1.011459 -1
0 -1.843885 -2.410694 -3.092206 0.234497 1.011459 -1
0 -1.799779 -2.407458 -3.217112 0.012291 1.011459 -1
0 -1.756718 -2.410694 -3.142532 0.234497 1.011459 -1
0 -3.686829 -2.407459 0.051354 0.012291 1.011459 -1
0 -3.600710 -2.410694 0.051356 0.234497 1.011459 -1
0 -3.686829 -2.407458 -0.049294 0.012291 1.011459 -1
0 -3.600710 -2.410694 -0.049296 0.234497 1.011459 -1
0 -1.886944 -2.407458 3.168845 0.012291 1.011459 -1
0 -1.843885 -2.410694 3.094263 0.234497 1.011459 -1
0 1.799990 -2.407458 3.219171 0.012291 1.011459 -1
0 1.756929 -2.410694 3.144590 0.234497 1.011459 -1
0 3.687040 -2.407458 0.051356 0.012291 1.011459 -1
0 3.600922 -2.410694 0.051357 0.234497 1.011459 -1
0 1.887128 -2.193242 -3.166836 0.012291 1.232666 -1
0 1.844067 -2.180843 -3.092257 0.234497 1.232666 -1
0 -1.799836 -2.193242 -3.217112 0.012291 1.232666 -1
0 -1.756778 -2.180843 -3.142532 0.234497 1.232666 -1
0 1.800048 -2.193242 -3.217111 0.012291 1.011459 -1
0 1.756991 -2.180843 -3.142530 0.234497 1.011459 -1
0 -3.686857 -2.193242 -0.049245 0.012291 1.232666 -1
0 -3.600741 -2.180843 -0.049244 0.234497 1.232666 -1
0 -1.886916 -2.193242 -3.166837 0.012291 1.011459 -1
0 -1.843855 -2.180843 -3.092258 0.234497 1.011459 -1
0 -1.886916 -2.193242 3.168896 0.012291 1.232666 -1
0 -1.843857 -2.180843 3.094317 0.234497 1.232666 -1
0 -3.686857 -2.193242 0.051305 0.012291 1.011459 -1
0 -3.600741 -2.180843 0.051304 0.234497 1.011459 -1
0 1.756989 -2.180843 3.144590 0.234497 1.232666 -1
0 -1.799837 -2.193242 3.219171 0.012291 1.011459 -1
0 -1.756780 -2.180843 3.144590 0.234497 1.011459 -1
0 3.687069 -2.193242 0.051307 0.012291 1.232666 -1
0 3.600950 -2.180843 0.051305 0.234497 1.232666 -1
0 1.887126 -2.193242 3.168896 0.012291 1.011459 -1
0 1.844066 -2.180843 3.094317 0.234497 1.011459 -1
0 1.887128 -2.193242 -3.166836 0.012291 1.011459 -1
0 1.844067 -2.180843 -3.092257 0.234497 1.011459 -1
0 3.687069 -2.193242 0.051307 0.234497 1.232666 -1
0 5.166718 -2.406272 0.051331 0.234497 1.011459 -1
0 3.687069 -2.193242 -0.049244 0.012291 1.232666 -1
0 5.166718 -2.406272 -0.049269 0.012291 1.011459 -1
0 -1.799836 -2.193242 -3.217112 0.012291 1.011459 -1
0 -1.756778 -2.180843 -3.142532 0.234497 1.011459 -1
0 -3.686857 -2.193242 -0.049245 0.012291 1.011459 -1
0 -3.600741 -2.180843 -0.049244 0.234497 1.011459 -1
0 -1.886916 -2.193242 3.168896 0.012291 1.011459 -1
0 -1.843857 -2.180843 3.094317 0.234497 1.011459 -1
0 1.800046 -2.193242 3.219171 0.012291 1.011459 -1
0 1.756989 -2.180843 3.144590 0.234497 1.011459 -1
0 -3.600710 -2.410694 -0.049296 0.234497 1.232666 -1
0 -3.686829 -2.407458 -0.049294 0.012291 1.232666 -1
0 1.844097 -2.410694 -3.092204 0.234497 1.011459 -1
0 1.887156 -2.407458 -3.166786 0.012291 1.011459 -1
0 -1.799779 -2.407458 -3.217112 0.234497 1.232666 -1
0 -1.886944 -2.407458 -3.166787 0.012291 1.232666 -1
0 -3.686829 -2.407458 -0.049294 0.234497 1.232666 -1
0 -3.686829 -2.407459 0.051354 0.012291 1.232666 -1
0 1.887155 -2.407458 3.168845 0.234497 1.232666 -1
0 3.687040 -2.407458 0.051356 0.234497 1.232666 -1
0 3.687040 -2.407458 -0.049293 0.012291 1.232666 -1
0 -1.886944 -2.407458 3.168845 0.012291 1.232666 -1
0 -1.843885 -2.410694 3.094263 0.234497 1.232666 -1
0 -1.886944 -2.407458 3.168845 0.234497 1.232666 -1
0 -1.799779 -2.407458 3.219171 0.012291 1.232666 -1
169
0.965926 -0.000066 -0.258819
0.965926 -0.000066 -0.258819
0.866025 -0.000041 -0.500000
0.866025 -0.000041 -0.500000
0.258826 -0.000068 -0.965924
0.258823 -0.000067 -0.965925
0.000000 -0.000042 -1.000000
0.000000 -0.000041 -1.000000
-0.707106 -0.000067 -0.707108
-0.707106 -0.000067 -0.707107
-0.866025 -0.000043 -0.500000
-0.866025 -0.000044 -0.500000
-0.965926 -0.000069 0.258819
-0.965926 -0.000070 0.258819
-0.866025 -0.000046 0.500000
-0.866025 -0.000048 0.500001
-0.258820 -0.000070 0.965926
-0.258822 -0.000070 0.965925
0.000000 -0.000044 1.000000
0.707106 -0.000067 0.707108
0.707103 -0.000067 0.707111
0.866025 -0.000042 0.500000
0.866025 -0.000041 0.500000
1.000000 -0.000086 0.000000
0.500007 -0.000087 -0.866021
0.500002 -0.000086 -0.866024
-0.499999 -0.000087 -0.866026
-0.500001 -0.000087 -0.866025
-1.000000 -0.000090 0.000000
-1.000000 -0.000090 0.000000
-0.500006 -0.000091 0.866022
-0.500010 -0.000092 0.866020
0.499990 -0.000088 0.866031
0.499983 -0.000090 0.866035
-0.866025 0.000044 0.500000
-0.965926 0.000068 0.258819
-0.866025 0.000043 0.500000
-0.965926 0.000067 0.258819
-0.000000 0.000041 1.000000
-0.258823 0.000067 0.965925
-0.000000 0.000041 1.000000
-0.258820 0.000067 0.965925
0.866025 0.000042 0.500000
0.707105 0.000066 0.707109
0.866025 0.000042 0.500000
0.707104 0.000067 0.707110
0.866025 0.000047 -0.500000
0.965926 0.000069 -0.258819
0.866025 0.000045 -0.500000
0.965926 0.000067 -0.258819
0.000000 0.000041 -1.000000
0.258822 0.000067 -0.965925
0.258815 0.000066 -0.965927
-0.866025 0.000042 -0.500000
-0.707104 0.000066 -0.707109
-0.866025 0.000041 -0.500000
-0.707105 0.000065 -0.707108
-1.000000 0.000088 0.000000
-0.500010 0.000088 0.866020
-0.500006 0.000087 0.866022
0.499996 0.000086 0.866028
0.499994 0.000086 0.866029
1.000000 0.000088 0.000000
0.500017 0.000092 -0.866016
0.500005 0.000089 -0.866023
-0.499992 0.000087 -0.866030
-0.499995 0.000086 -0.866029
-0.012516 0.999269 0.036128
-0.000000 0.999060 0.043346
-0.006258 0.999191 0.039738
-0.000000 0.999060 0.043346
-0.000267 0.999889 -0.014914
0.000000 0.999060 -0.043346
0.006258 0.999191 -0.039738
0.012517 0.999269 -0.036128
-0.037539 0.999060 -0.021673
-0.037539 0.999060 -0.021673
-0.031285 0.999191 -0.025289
-0.025030 0.999269 -0.028903
-0.037539 0.999060 0.021673
-0.037539 0.999060 0.021673
-0.037544 0.999191 0.014450
-0.037547 0.999269 0.007225
0.023538 0.998891 -0.040768
0.047477 0.995482 -0.082232
0.071252 0.989794 -0.123412
0.071251 0.989794 -0.123412
0.142384 0.988961 -0.041033
0.142505 0.989794 0.000000
0.142385 0.988960 -0.041033
-0.035517 0.997474 -0.061518
-0.035517 0.997474 -0.061518
-0.071251 0.989794 -0.123412
-0.071251 0.989794 -0.123412
-0.071035 0.997474 0.000000
-0.071034 0.997474 0.000002
-0.142504 0.989794 0.000000
-0.142504 0.989794 0.000000
-0.035517 0.997474 0.061518
-0.035517 0.997474 0.061518
-0.071251 0.989794 0.123412
-0.071252 0.989794 0.123412
0.035517 0.997474 0.061518
0.035517 0.997474 0.061518
0.047536 0.989424 0.137043
0.071251 0.989794 0.123412
-0.000401 1.000000 0.000694
-0.000401 1.000000 0.000694
0.028158 0.999236 0.027097
0.028158 0.999236 0.027097
0.018774 0.999295 0.032517
0.018774 0.999295 0.032517
0.037536 0.999191 -0.014444
0.037539 0.999269 -0.007219
0.037542 0.999295 0.000005
0.037547 0.999295 0.000000
0.018774 0.999295 -0.032517
0.018774 0.999295 -0.032517
-0.018774 0.999295 -0.032517
-0.018774 0.999295 -0.032516
-0.037548 0.999295 0.000000
0.142025 0.986461 -0.081998
0.142024 0.986461 -0.081998
0.000000 0.986460 -0.164000
0.000000 0.986461 -0.163998
0.023769 0.988312 -0.150583
0.047538 0.989423 -0.137045
-0.142029 0.986460 -0.082001
-0.142027 0.986461 -0.081999
-0.118524 0.988312 -0.095876
-0.094915 0.989423 -0.109692
-0.142028 0.986460 0.082000
-0.142029 0.986460 0.082000
-0.142296 0.988311 0.054708
-0.142456 0.989423 0.027354
0.000000 0.986461 0.163997
-0.023769 0.988312 0.150582
-0.047538 0.989423 0.137046
0.142024 0.986461 0.081997
0.142025 0.986461 0.081998
0.118523 0.988312 0.095876
0.094915 0.989423 0.109692
0.071253 0.989794 -0.123415
0.071253 0.989794 -0.123415
0.142504 0.989794 0.000000
0.094953 0.995482 0.000000
0.047075 0.998891 0.000000
-0.071254 0.989794 -0.123415
-0.071254 0.989794 -0.123416
-0.142510 0.989793 0.000000
-0.142510 0.989793 0.000000
-0.071254 0.989794 0.123416
-0.071253 0.989794 0.123417
0.071253 0.989794 0.123416
0.071253 0.989794 0.123416
0.037539 0.999060 0.021673
0.037539 0.999060 0.021673
-0.018774 0.999295 0.032517
-0.018774 0.999295 0.032517
0.000401 1.000000 0.000694
0.000401 1.000000 0.000694
0.000802 1.000000 0.000005
0.000802 1.000000 0.000009
-0.000401 1.000000 -0.000694
-0.000802 1.000000 0.000000
0.037538 0.999060 -0.021673
0.037533 0.999060 -0.021670
0.000401 1.000000 -0.000694
0.000401 1.000000 -0.000694
120
0 0 1 2 0 1 2 1
0 1 3 2 1 3 2 1
0 4 5 6 4 5 6 1
0 5 7 6 5 7 6 1
0 8 9 10 8 9 10 1
0 9 11 10 9 11 10 1
0 12 13 14 12 13 14 1
0 13 15 14 13 15 14 1
0 16 17 18 16 17 18 1
0 17 19 18 17 18 18 1
0 20 21 22 19 20 21 1
0 21 23 22 20 22 21 1
0 24 1 25 23 1 23 1
0 1 0 25 1 0 23 1
0 4 26 5 4 24 5 1
0 26 27 5 24 25 5 1
0 8 28 9 8 26 9 1
0 28 29 9 26 27 9 1
0 12 30 13 12 28 13 1
0 30 31 13 28 29 13 1
0 16 32 17 16 30 17 1
0 32 33 17 30 31 17 1
0 20 34 21 19 32 20 1
0 34 35 21 32 33 20 1
0 36 37 38 34 35 36 1
0 37 39 38 35 37 36 1
0 40 41 42 38 39 40 1
0 41 43 42 39 41 40 1
0 44 45 46 42 43 44 1
0 45 47 46 43 45 44 1
0 48 49 50 46 47 48 1
0 49 51 50 47 49 48 1
0 52 53 54 50 51 50 1
0 53 55 54 51 52 50 1
0 56 57 58 53 54 55 1
0 57 59 58 54 56 55 1
0 39 37 60 37 35 57 1
0 37 61 60 35 57 57 1
0 62 63 41 58 59 39 1
0 63 43 41 59 41 39 1
0 64 65 45 60 61 43 1
0 65 47 45 61 45 43 1
0 66 67 49 62 62 47 1
0 67 51 49 62 49 47 1
0 68 69 53 63 64 51 1
0 69 55 53 64 52 51 1
0 70 71 57 65 66 54 1
0 71 59 57 66 56 54 1
0 72 73 74 67 68 69 1
0 73 75 74 68 70 69 1
0 76 77 78 71 72 73 1
0 77 79 78 72 74 73 1
0 80 81 82 75 76 77 1
0 81 83 82 76 78 77 1
0 84 85 86 79 80 81 1
0 85 87 86 80 82 81 1
0 88 89 90 83 84 85 1
0 89 91 90 84 86 85 1
0 92 93 94 87 88 89 1
0 93 95 94 88 88 89 1
0 96 97 98 90 91 92 1
0 97 99 98 91 93 92 1
0 100 101 102 94 95 96 1
0 101 103 102 95 97 96 1
0 104 105 106 98 99 100 1
0 105 107 106 99 101 100 1
0 108 109 110 102 103 104 1
0 109 111 110 103 105 104 1
0 112 88 113 106 83 107 1
0 88 89 113 83 84 107 1
0 114 115 116 108 109 110 1
0 115 117 116 109 111 110 1
0 118 119 120 112 113 114 1
0 119 121 120 113 115 114 1
0 78 79 122 73 74 116 1
0 79 123 122 74 117 116 1
0 82 83 124 77 78 118 1
0 83 125 124 78 119 118 1
0 86 87 126 81 82 120 1
0 87 127 126 82 120 120 1
0 128 129 94 121 122 89 1
0 129 92 94 122 87 89 1
0 130 131 132 123 124 125 1
0 131 133 132 124 126 125 1
0 134 135 136 127 128 129 1
0 135 137 136 128 130 129 1
0 138 139 140 131 132 133 1
0 139 141 140 132 134 133 1
0 110 142 143 104 135 136 1
0 142 144 143 135 137 136 1
0 145 146 147 138 139 140 1
0 146 148 147 139 141 140 1
0 132 133 149 125 126 142 1
0 133 150 149 126 143 142 1
0 151 152 153 144 145 144 1
0 152 154 153 145 146 144 1
0 136 137 155 129 130 147 1
0 137 156 155 130 148 147 1
0 140 141 157 133 134 149 1
0 141 158 157 134 150 149 1
0 143 144 159 136 137 151 1
0 144 160 159 137 152 151 1
0 147 148 161 140 141 153 1
0 148 162 161 141 154 153 1
0 163 115 164 155 109 156 1
0 115 114 164 109 108 156 1
0 74 165 72 69 157 67 1
0 165 166 72 157 158 67 1
0 96 97 167 90 91 159 1
0 97 168 167 91 160 159 1
0 100 101 169 94 95 161 1
0 101 170 169 95 162 161 1
0 108 109 76 102 103 71 1
0 109 171 76 103 163 71 1
0 152 154 172 145 146 164 1
0 154 173 172 146 164 164 1
0 174 175 118 165 166 112 1
0 175 119 118 166 113 112 1
0 104 105 176 98 99 167 1
0 105 177 176 99 168 167 1
"Tex_0000_0_dds" 0 6
97
0 -1.756992 -2.180828 3.144973 0.537109 1.995605 -1
0 -1.276264 -2.180828 2.211767 0.597168 1.711914 -1
0 -1.844079 -2.180828 3.094693 0.503906 1.982422 -1
0 0.000106 -2.180828 2.211767 0.764160 1.711914 -1
0 -0.638078 -2.180828 1.106398 0.682129 1.357178 -1
0 0.000107 -2.180828 1.106398 0.765137 1.357178 -1
0 0.000107 -2.180828 0.001029 0.766602 1.002058 -1
0 0.957385 -2.180828 0.553714 0.765137 1.357178 -1
0 1.276478 -2.180828 0.001030 0.848633 1.357178 -1
0 1.914662 -2.180828 1.106398 0.764160 1.711914 -1
0 2.552848 -2.180828 0.001030 0.930664 1.711914 -1
0 1.757205 -2.180828 3.144973 0.503906 1.982422 -1
0 1.844293 -2.180828 3.094693 0.537109 1.995605 -1
0 1.276477 -2.180828 2.211767 0.597168 1.711914 -1
0 2.722842 -2.180828 1.573001 0.766602 1.995605 -1
0 0.638292 -2.180828 1.106398 0.682129 1.357178 -1
0 1.276478 -2.180828 0.001030 0.682129 1.357178 -1
0 0.957385 -2.180828 -0.551655 0.765137 1.357178 -1
0 1.914663 -2.180828 -1.104339 0.764160 1.711914 -1
0 0.638292 -2.180828 -1.104340 0.848633 1.357178 -1
0 1.276478 -2.180828 -2.209709 0.930664 1.711914 -1
0 3.601392 -2.180828 0.051310 0.503906 1.982422 -1
0 3.601392 -2.180828 -0.049250 0.537109 1.995605 -1
0 2.552848 -2.180828 0.001030 0.597168 1.711914 -1
0 2.722843 -2.180828 -1.570942 0.766602 1.995605 -1
0 -1.844079 -2.180828 -3.092636 0.537109 1.995605 -1
0 -1.276263 -2.180828 -2.209710 0.597168 1.711914 -1
0 -1.756991 -2.180828 -3.142916 0.503906 1.982422 -1
0 -0.957171 -2.180828 0.553714 0.765137 1.357178 -1
0 -0.638078 -2.180828 1.106398 0.848633 1.357178 -1
0 0.638292 -2.180828 1.106398 0.848633 1.357178 -1
0 0.000107 -2.180828 -1.104340 0.765137 1.357178 -1
0 -0.638078 -2.180828 -1.104340 0.848633 1.357178 -1
0 -3.601178 -2.180828 -0.049251 0.503906 1.982422 -1
0 -3.601178 -2.180828 0.051309 0.537109 1.995605 -1
0 -2.552633 -2.180828 0.001029 0.597168 1.711914 -1
0 -1.276263 -2.180828 0.001029 0.682129 1.357178 -1
0 -1.914448 -2.180828 1.106398 0.764160 1.711914 -1
0 -5.166506 -2.406271 -0.049272 0.496338 1.491943 -1
0 -3.686856 -2.193242 -0.049248 0.496338 1.001727 -1
0 -2.626761 -2.406271 -4.448242 0.004829 1.491943 -1
0 -1.886914 -2.193242 -3.166839 0.004829 1.001727 -1
0 -2.722629 -2.180828 1.573001 0.766602 1.995605 -1
0 -1.914448 -2.180828 -1.104340 0.764160 1.711914 -1
0 -2.722628 -2.180828 -1.570943 0.766602 1.995605 -1
0 -2.552633 -2.180828 0.001029 0.930664 1.711914 -1
0 -3.601178 -2.180828 -0.049251 0.996582 1.995605 -1
0 1.844294 -2.180828 -3.092634 0.996582 1.995605 -1
0 -1.276264 -2.180828 2.211767 0.930664 1.711914 -1
0 -1.844079 -2.180828 3.094693 0.996582 1.995605 -1
0 1.276477 -2.180828 2.211767 0.930664 1.711914 -1
0 0.000106 -2.180828 3.144973 0.766602 1.995605 -1
0 0.000107 -2.180828 -2.209709 0.764160 1.711914 -1
0 -1.276263 -2.180828 -2.209710 0.930664 1.711914 -1
0 1.757205 -2.180828 3.144973 0.996582 1.995605 -1
0 0.000108 -2.180828 -3.142915 0.766602 1.995605 -1
0 -1.756991 -2.180828 -3.142916 0.996582 1.995605 -1
0 2.539851 -2.406271 4.500595 0.496338 1.491943 -1
0 1.800048 -2.193242 3.219168 0.496338 1.001727 -1
0 -2.539639 -2.406271 4.500595 0.004829 1.491943 -1
0 -1.799835 -2.193242 3.219168 0.004829 1.001727 -1
0 -2.626761 -2.406271 4.450295 0.496338 1.491943 -1
0 -1.886915 -2.193242 3.168893 0.496338 1.001727 -1
0 -5.166506 -2.406271 0.051328 0.004829 1.491943 -1
0 -3.686856 -2.193242 0.051303 0.004829 1.001727 -1
0 5.166720 -2.406271 0.051329 0.496338 1.491943 -1
0 3.687070 -2.193242 0.051304 0.496338 1.001727 -1
0 2.626974 -2.406271 4.450295 0.004829 1.491943 -1
0 1.887128 -2.193242 3.168893 0.004829 1.001727 -1
0 2.626976 -2.406271 -4.448240 0.496338 1.491943 -1
0 1.887129 -2.193242 -3.166838 0.496338 1.001727 -1
0 5.166720 -2.406271 -0.049271 0.004829 1.491943 -1
0 3.687070 -2.193242 -0.049246 0.004829 1.001727 -1
0 -1.886942 -2.407458 -3.166790 0.004829 1.001727 -1
0 -3.686828 -2.407458 -0.049297 0.496338 1.001727 -1
0 -1.799777 -2.407458 -3.217114 0.496338 1.001727 -1
0 -2.539639 -2.406271 -4.498541 0.496338 1.491943 -1
0 1.799992 -2.407458 -3.217113 0.004829 1.001727 -1
0 2.539854 -2.406271 -4.498539 0.004829 1.491943 -1
0 -1.886942 -2.407458 3.168844 0.496338 1.001727 -1
0 -3.686828 -2.407458 0.051352 0.004829 1.001727 -1
0 1.887158 -2.407458 -3.166789 0.496338 1.001727 -1
0 3.687042 -2.407458 -0.049296 0.004829 1.001727 -1
0 1.799991 -2.407458 3.219168 0.496338 1.001727 -1
0 -1.799777 -2.407458 3.219168 0.004829 1.001727 -1
0 3.687042 -2.407458 0.051353 0.496338 1.001727 -1
0 1.887156 -2.407458 3.168844 0.004829 1.001727 -1
0 -1.799834 -2.193242 -3.217114 0.496338 1.001727 -1
0 1.800049 -2.193242 -3.217113 0.004829 1.001727 -1
0 3.601392 -2.180828 0.051310 0.996582 1.995605 -1
0 1.844294 -2.180828 -3.092634 0.503906 1.982422 -1
0 1.757206 -2.180828 -3.142914 0.537109 1.995605 -1
0 1.276478 -2.180828 -2.209709 0.597168 1.711914 -1
0 0.638292 -2.180828 -1.104340 0.682129 1.357178 -1
0 -0.638078 -2.180828 -1.104340 0.682129 1.357178 -1
0 -0.957170 -2.180828 -0.551655 0.765137 1.357178 -1
0 -1.276263 -2.180828 0.001029 0.848633 1.357178 -1
33
0.000000 1.000000 0.000000
-0.139848 -0.986876 -0.080741
-0.142022 0.986462 -0.081996
-0.277353 0.947330 -0.160130
-0.142022 0.986462 -0.081996
0.000000 -0.986876 0.161483
0.000000 0.986462 0.163993
0.000000 0.947330 0.320260
-0.139848 -0.986876 0.080741
-0.142022 0.986462 0.081996
-0.277353 0.947330 0.160130
-0.142022 0.986462 0.081996
0.139848 -0.986876 0.080741
0.142022 0.986462 0.081996
0.277353 0.947330 0.160130
0.139848 -0.986876 -0.080741
0.142022 0.986462 -0.081996
0.277353 0.947330 -0.160130
0.142022 0.986462 -0.081996
-0.000802 -1.000000 -0.000463
-0.000802 -1.000000 -0.000463
0.000000 -1.000000 -0.000926
0.000000 -0.986876 -0.161483
0.000000 -1.000000 -0.000926
0.000000 0.947330 -0.320260
-0.000802 -1.000000 0.000463
-0.000802 -1.000000 0.000463
0.000802 -1.000000 -0.000463
0.000000 -1.000000 0.000926
0.000802 -1.000000 0.000463
0.000802 -1.000000 0.000463
0.000000 0.986462 -0.163993
0.000000 0.986462 -0.163993
90
0 0 1 2 0 0 0 1
0 1 3 4 0 0 0 1
0 3 5 4 0 0 0 1
0 4 5 6 0 0 0 1
0 6 7 8 0 0 0 1
0 7 9 8 0 0 0 1
0 8 9 10 0 0 0 1
0 11 12 13 0 0 0 1
0 12 14 13 0 0 0 1
0 14 9 13 0 0 0 1
0 13 9 15 0 0 0 1
0 9 7 15 0 0 0 1
0 6 16 17 0 0 0 1
0 16 18 17 0 0 0 1
0 17 18 19 0 0 0 1
0 18 20 19 0 0 0 1
0 21 22 23 0 0 0 1
0 22 24 23 0 0 0 1
0 24 18 23 0 0 0 1
0 23 18 16 0 0 0 1
0 25 26 27 0 0 0 1
0 17 19 6 0 0 0 1
0 28 29 6 0 0 0 1
0 6 5 30 0 0 0 1
0 6 31 32 0 0 0 1
0 33 34 35 0 0 0 1
0 28 36 37 0 0 0 1
0 36 35 37 0 0 0 1
0 15 7 6 0 0 0 1
0 36 28 6 0 0 0 1
0 38 39 40 1 2 3 1
0 39 41 40 2 4 3 1
0 34 42 35 0 0 0 1
0 42 37 35 0 0 0 1
0 43 44 45 0 0 0 1
0 44 46 45 0 0 0 1
0 18 24 20 0 0 0 1
0 24 47 20 0 0 0 1
0 37 42 48 0 0 0 1
0 42 49 48 0 0 0 1
0 5 3 30 0 0 0 1
0 3 50 30 0 0 0 1
0 3 1 51 0 0 0 1
0 1 0 51 0 0 0 1
0 31 52 32 0 0 0 1
0 52 53 32 0 0 0 1
0 3 51 50 0 0 0 1
0 51 54 50 0 0 0 1
0 52 55 53 0 0 0 1
0 55 56 53 0 0 0 1
0 57 58 59 5 6 7 1
0 58 60 59 6 6 7 1
0 28 37 29 0 0 0 1
0 37 48 29 0 0 0 1
0 61 62 63 8 9 10 1
0 62 64 63 9 11 10 1
0 65 66 67 12 13 14 1
0 66 68 67 13 13 14 1
0 69 70 71 15 16 17 1
0 70 72 71 16 18 17 1
0 40 73 38 3 19 1 1
0 73 74 38 19 20 1 1
0 75 76 77 21 22 23 1
0 76 78 77 22 24 23 1
0 79 61 80 25 8 26 1
0 61 63 80 8 10 26 1
0 81 69 82 27 15 27 1
0 69 71 82 15 17 27 1
0 83 57 84 28 5 28 1
0 57 59 84 5 7 28 1
0 85 65 86 29 12 30 1
0 65 67 86 12 14 30 1
0 76 87 78 22 31 24 1
0 87 88 78 31 32 24 1
0 9 14 10 0 0 0 1
0 14 89 10 0 0 0 1
0 90 91 92 0 0 0 1
0 91 55 92 0 0 0 1
0 55 52 92 0 0 0 1
0 92 52 93 0 0 0 1
0 52 31 93 0 0 0 1
0 93 31 6 0 0 0 1
0 25 44 26 0 0 0 1
0 44 43 26 0 0 0 1
0 26 43 94 0 0 0 1
0 43 95 94 0 0 0 1
0 94 95 6 0 0 0 1
0 6 95 96 0 0 0 1
0 95 43 96 0 0 0 1
0 96 43 45 0 0 0 1

Materials: 7
"Tex_0000_0_dds"
1.000000 1.000000 1.000000 1.000000
0.800000 0.800000 0.800000 1.000000
0.500000 0.500000 0.500000 1.000000
1.000000 1.000000 1.000000 1.000000
0.185600
1.000000
"Tex_0000_0.png"
""
"Tex_0001_0_dds"
1.000000 1.000000 1.000000 1.000000
0.800000 0.800000 0.800000 1.000000
0.500000 0.500000 0.500000 1.000000
1.000000 1.000000 1.000000 1.000000
0.185600
1.000000
"Tex_0007_0.png"
""
"Tex_0002_0_dds"
1.000000 1.000000 1.000000 1.000000
0.800000 0.800000 0.800000 1.000000
0.500000 0.500000 0.500000 1.000000
1.000000 1.000000 1.000000 1.000000
0.185600
1.000000
"Tex_0002_0.png"
""
"Tex_0005_0_dds"
1.000000 1.000000 1.000000 0.690000
0.800000 0.800000 0.800000 0.690000
0.500000 0.500000 0.500000 0.690000
1.000000 1.000000 1.000000 0.690000
0.185600
0.690000
"Tex_0005_0.ini"
""
"Tex_0006_0_dds"
1.000000 1.000000 1.000000 0.670000
0.800000 0.800000 0.800000 0.670000
0.500000 0.500000 0.500000 0.670000
1.000000 1.000000 1.000000 0.670000
0.185600
0.670000
"Tex_0005_1.ini"
""
"Tex_0007_0_dds"
1.000000 1.000000 1.000000 1.000000
0.800000 0.800000 0.800000 1.000000
0.500000 0.500000 0.500000 1.000000
1.000000 1.000000 1.000000 1.000000
0.185600
1.000000
"Tex_0007_0.png"
""
"Material01"
0.200000 0.200000 0.200000 0.460000
0.800000 0.800000 0.800000 0.460000
0.000000 0.000000 0.000000 0.460000
1.000000 1.000000 1.000000 0.460000
0.000000
0.460000
"Tex_0000_0.png"
""

Bones: 0
GroupComments: 0
MaterialComments: 0
BoneComments: 0
ModelComment: 0
