// MilkShape 3D ASCII

Frames: 1
Frame: 1

Meshes: 1
"Tex_0000_0_dds" 0 6
155
0 -3.080257 -0.229866 -5.511634 0.234497 1.232666 -1
0 -3.155756 -0.226631 -5.642397 0.012291 1.232666 -1
0 3.080257 -0.229866 -5.511632 0.234497 1.011459 -1
0 3.155756 -0.226631 -5.642395 0.012291 1.011459 -1
0 -3.080257 -0.229866 5.511637 0.234497 1.011459 -1
0 3.080255 -0.229866 5.511637 0.234497 1.232666 -1
0 -3.155756 -0.226631 5.642400 0.012291 1.011459 -1
0 3.155753 -0.226631 5.642400 0.012291 1.232666 -1
0 3.233087 -0.229866 5.423400 0.234497 1.011459 -1
0 6.313344 -0.229866 0.088242 0.234497 1.232666 -1
0 3.308581 -0.226631 5.554165 0.012291 1.011459 -1
0 6.464337 -0.226631 0.088239 0.012291 1.232666 -1
0 6.313344 -0.229866 -0.088233 0.234497 1.011459 -1
0 3.233088 -0.229866 -5.423395 0.234497 1.232666 -1
0 6.464337 -0.226631 -0.088230 0.012291 1.011459 -1
0 3.308583 -0.226631 -5.554161 0.012291 1.232666 -1
0 4.605713 -0.225444 -7.800942 0.234497 1.011459 -1
0 4.452961 -0.225444 -7.889133 0.012291 1.011459 -1
0 3.308533 -0.012414 -5.554247 0.234497 1.232666 -1
0 3.155856 -0.012414 -5.642395 0.012291 1.232666 -1
0 6.313396 -0.000015 -0.088142 0.234497 1.011459 -1
0 6.313396 -0.000015 0.088150 0.234497 1.011459 -1
0 6.464387 -0.012414 -0.088144 0.012291 1.011459 -1
0 6.464387 -0.012414 0.088153 0.012291 1.011459 -1
0 -4.452963 -0.225444 -7.889135 0.234497 1.011459 -1
0 -4.605715 -0.225444 -7.800945 0.012291 1.011459 -1
0 -3.155856 -0.012414 -5.642397 0.234497 1.232666 -1
0 -3.308533 -0.012414 -5.554249 0.012291 1.232666 -1
0 -9.058676 -0.225444 -0.088189 0.234497 1.011459 -1
0 -9.058676 -0.225444 0.088193 0.012291 1.011459 -1
0 -6.464389 -0.012414 -0.088146 0.234497 1.232666 -1
0 -6.464389 -0.012414 0.088151 0.012291 1.232666 -1
0 -4.605715 -0.225444 7.800947 0.234497 1.011459 -1
0 -4.452963 -0.225444 7.889138 0.012291 1.011459 -1
0 -3.308535 -0.012414 5.554252 0.234497 1.232666 -1
0 -3.155858 -0.012414 5.642400 0.012291 1.232666 -1
0 4.452958 -0.225444 7.889138 0.012291 1.011459 -1
0 4.605710 -0.225444 7.800947 0.234497 1.011459 -1
0 3.155853 -0.012414 5.642400 0.012291 1.232666 -1
0 3.308530 -0.012414 5.554252 0.234497 1.232666 -1
0 3.155756 -0.226631 -5.642395 0.012291 1.232666 -1
0 3.308583 -0.226631 -5.554161 0.234497 1.232666 -1
0 -3.080257 -0.229866 -5.511634 0.234497 1.011459 -1
0 -3.233088 -0.229866 -5.423398 0.234497 1.011459 -1
0 -3.155756 -0.226631 -5.642397 0.012291 1.011459 -1
0 -3.308583 -0.226631 -5.554163 0.012291 1.011459 -1
0 -6.313347 -0.229866 -0.088235 0.234497 1.011459 -1
0 -6.313347 -0.229866 0.088239 0.234497 1.011459 -1
0 -6.464340 -0.226631 -0.088232 0.012291 1.011459 -1
0 -6.464340 -0.226631 0.088237 0.012291 1.011459 -1
0 -3.233088 -0.229866 5.423400 0.234497 1.011459 -1
0 -3.308583 -0.226631 5.554165 0.012291 1.011459 -1
0 3.080255 -0.229866 5.511637 0.234497 1.011459 -1
0 3.155753 -0.226631 5.642400 0.012291 1.011459 -1
0 6.313344 -0.229866 0.088242 0.234497 1.011459 -1
0 6.464337 -0.226631 0.088239 0.012291 1.011459 -1
0 3.308533 -0.012414 -5.554247 0.012291 1.232666 -1
0 3.233035 -0.000015 -5.423487 0.234497 1.232666 -1
0 -3.155856 -0.012414 -5.642397 0.012291 1.232666 -1
0 -3.080363 -0.000015 -5.511634 0.234497 1.232666 -1
0 3.155856 -0.012414 -5.642395 0.012291 1.011459 -1
0 3.080363 -0.000015 -5.511632 0.234497 1.011459 -1
0 -6.464389 -0.012414 -0.088146 0.012291 1.232666 -1
0 -6.313399 -0.000015 -0.088143 0.234497 1.232666 -1
0 -3.308533 -0.012414 -5.554249 0.012291 1.011459 -1
0 -3.233036 -0.000015 -5.423489 0.234497 1.011459 -1
0 -3.308535 -0.012414 5.554252 0.012291 1.232666 -1
0 -3.233038 -0.000015 5.423491 0.234497 1.232666 -1
0 -6.464389 -0.012414 0.088151 0.012291 1.011459 -1
0 -6.313399 -0.000015 0.088148 0.234497 1.011459 -1
0 3.080360 -0.000015 5.511637 0.234497 1.232666 -1
0 -3.155858 -0.012414 5.642400 0.012291 1.011459 -1
0 -3.080365 -0.000015 5.511637 0.234497 1.011459 -1
0 6.464387 -0.012414 0.088153 0.012291 1.232666 -1
0 6.313396 -0.000015 0.088150 0.234497 1.232666 -1
0 3.308530 -0.012414 5.554252 0.012291 1.011459 -1
0 3.233033 -0.000015 5.423491 0.234497 1.011459 -1
0 3.308533 -0.012414 -5.554247 0.012291 1.011459 -1
0 3.233035 -0.000015 -5.423487 0.234497 1.011459 -1
0 6.464387 -0.012414 0.088153 0.234497 1.232666 -1
0 9.058672 -0.225444 0.088196 0.234497 1.011459 -1
0 6.464387 -0.012414 -0.088144 0.012291 1.232666 -1
0 9.058672 -0.225444 -0.088187 0.012291 1.011459 -1
0 -3.155856 -0.012414 -5.642397 0.012291 1.011459 -1
0 -3.080363 -0.000015 -5.511634 0.234497 1.011459 -1
0 -6.464389 -0.012414 -0.088146 0.012291 1.011459 -1
0 -6.313399 -0.000015 -0.088143 0.234497 1.011459 -1
0 -3.308535 -0.012414 5.554252 0.012291 1.011459 -1
0 -3.233038 -0.000015 5.423491 0.234497 1.011459 -1
0 3.155853 -0.012414 5.642400 0.012291 1.011459 -1
0 3.080360 -0.000015 5.511637 0.234497 1.011459 -1
0 -6.464340 -0.226631 -0.088232 0.012291 1.232666 -1
0 -6.313347 -0.229866 -0.088235 0.234497 1.232666 -1
0 3.308583 -0.226631 -5.554161 0.012291 1.011459 -1
0 3.233088 -0.229866 -5.423395 0.234497 1.011459 -1
0 -3.308583 -0.226631 -5.554163 0.012291 1.232666 -1
0 -3.155756 -0.226631 -5.642397 0.234497 1.232666 -1
0 -6.464340 -0.226631 0.088237 0.012291 1.232666 -1
0 -6.464340 -0.226631 -0.088232 0.234497 1.232666 -1
0 3.308581 -0.226631 5.554165 0.234497 1.232666 -1
0 6.464337 -0.226631 -0.088230 0.012291 1.232666 -1
0 6.464337 -0.226631 0.088239 0.234497 1.232666 -1
0 -3.233088 -0.229866 5.423400 0.234497 1.232666 -1
0 -3.308583 -0.226631 5.554165 0.012291 1.232666 -1
0 -3.155756 -0.226631 5.642400 0.012291 1.232666 -1
0 -3.308583 -0.226631 5.554165 0.234497 1.232666 -1
0 -4.605713 -0.225444 -7.800947 0.004829 1.491943 -1
0 -6.832193 -0.225444 -3.944569 0.250488 1.491943 -1
0 -3.308532 -0.012414 -5.554252 0.004829 1.001727 -1
0 -4.886460 -0.012414 -2.821200 0.250488 1.001727 -1
0 -3.308582 -0.226631 -5.554165 0.004829 1.001727 -1
0 -9.058674 -0.225444 -0.088191 0.496338 1.491943 -1
0 -6.464338 -0.226631 -0.088235 0.496338 1.001727 -1
0 -3.155754 -0.226631 -5.642400 0.496338 1.001727 -1
0 -4.452961 -0.225444 -7.889138 0.496338 1.491943 -1
0 3.155757 -0.226631 -5.642397 0.004829 1.001727 -1
0 4.452963 -0.225444 -7.889135 0.004829 1.491943 -1
0 3.155754 -0.226631 5.642397 0.496338 1.001727 -1
0 4.452959 -0.225444 7.889135 0.496338 1.491943 -1
0 -3.155754 -0.226631 5.642397 0.004829 1.001727 -1
0 -4.452961 -0.225444 7.889135 0.004829 1.491943 -1
0 6.464338 -0.226631 0.088237 0.496338 1.001727 -1
0 9.058674 -0.225444 0.088194 0.496338 1.491943 -1
0 3.308582 -0.226631 5.554163 0.004829 1.001727 -1
0 4.605711 -0.225444 7.800945 0.004829 1.491943 -1
0 3.308584 -0.226631 -5.554163 0.496338 1.001727 -1
0 4.605716 -0.225444 -7.800945 0.496338 1.491943 -1
0 6.464338 -0.226631 -0.088233 0.004829 1.001727 -1
0 9.058674 -0.225444 -0.088189 0.004829 1.491943 -1
0 -6.464388 -0.012414 -0.088148 0.496338 1.001727 -1
0 -9.058674 -0.225444 0.088191 0.004829 1.491943 -1
0 -6.464338 -0.226631 0.088235 0.004829 1.001727 -1
0 -6.832193 -0.225444 3.944568 0.250488 1.491943 -1
0 -4.886460 -0.226631 2.821199 0.250488 1.001727 -1
0 -3.308582 -0.226631 5.554163 0.496338 1.001727 -1
0 -4.605713 -0.225444 7.800945 0.496338 1.491943 -1
0 3.308534 -0.012414 -5.554249 0.496338 1.001727 -1
0 6.832195 -0.225444 -3.944566 0.250488 1.491943 -1
0 4.886462 -0.012414 -2.821198 0.250488 1.001727 -1
0 6.464389 -0.012414 -0.088146 0.004829 1.001727 -1
0 -3.155854 -0.012414 -5.642400 0.496338 1.001727 -1
0 0.000001 -0.225444 -7.889136 0.250488 1.491943 -1
0 0.000001 -0.012414 -5.642398 0.250488 1.001727 -1
0 3.155857 -0.012414 -5.642397 0.004829 1.001727 -1
0 -3.308534 -0.012414 5.554249 0.496338 1.001727 -1
0 -4.886461 -0.012414 2.821199 0.250488 1.001727 -1
0 -6.464388 -0.012414 0.088148 0.004829 1.001727 -1
0 3.155854 -0.012414 5.642397 0.496338 1.001727 -1
0 -0.000001 -0.225444 7.889135 0.250488 1.491943 -1
0 -0.000001 -0.012414 5.642397 0.250488 1.001727 -1
0 -3.155857 -0.012414 5.642397 0.004829 1.001727 -1
0 6.464389 -0.012414 0.088151 0.496338 1.001727 -1
0 6.832193 -0.225444 3.944569 0.250488 1.491943 -1
0 4.886460 -0.012414 2.821200 0.250488 1.001727 -1
0 3.308532 -0.012414 5.554249 0.004829 1.001727 -1
145
0.000000 -0.999694 -0.024732
0.000000 -0.999694 -0.024732
0.003570 -0.999737 -0.022672
0.007140 -0.999762 -0.020611
-0.007140 -0.999762 0.020611
0.000000 -0.999694 0.024732
-0.003570 -0.999737 0.022672
0.000153 -0.999964 0.008509
0.014280 -0.999762 0.016489
0.021419 -0.999694 0.012366
0.017849 -0.999737 0.014428
0.021419 -0.999694 0.012366
0.021420 -0.999762 -0.004122
0.021418 -0.999694 -0.012366
0.021419 -0.999737 -0.008244
0.021418 -0.999694 -0.012366
0.041099 -0.996616 -0.071186
0.081517 0.986620 -0.141192
0.040920 0.996646 -0.070875
0.040920 0.996646 -0.070875
0.081819 0.996368 -0.023606
0.081842 0.996645 0.000000
0.081819 0.996368 -0.023606
-0.499580 -0.040725 -0.865310
-0.499582 -0.040725 -0.865309
-0.040920 0.996646 -0.070875
-0.040920 0.996646 -0.070875
-0.999170 -0.040725 0.000000
-0.999170 -0.040725 0.000000
-0.081840 0.996646 0.000000
-0.499584 -0.040725 0.865308
-0.499583 -0.040725 0.865308
-0.040920 0.996646 0.070875
-0.040920 0.996646 0.070875
0.499584 -0.040725 0.865308
0.499583 -0.040725 0.865308
0.027287 0.996522 0.078735
0.040920 0.996646 0.070875
0.000229 -1.000000 -0.000396
0.000229 -1.000000 -0.000396
-0.010710 -0.999771 -0.018550
-0.016064 -0.999751 -0.015458
-0.010710 -0.999771 -0.018550
-0.016064 -0.999751 -0.015458
-0.021420 -0.999771 0.000000
-0.021420 -0.999762 0.004122
-0.021419 -0.999737 0.008244
-0.010710 -0.999771 0.018550
-0.010710 -0.999771 0.018550
0.010710 -0.999771 0.018550
0.010710 -0.999771 0.018550
0.021420 -0.999771 0.000000
0.021420 -0.999771 0.000000
0.081750 0.995535 -0.047199
0.081750 0.995535 -0.047198
0.000000 0.995535 -0.094397
0.000000 0.995535 -0.094397
0.013644 0.996152 -0.086579
0.027287 0.996522 -0.078737
-0.081750 0.995535 -0.047199
-0.081751 0.995535 -0.047199
-0.068158 0.996152 -0.055105
-0.054544 0.996522 -0.063000
-0.081750 0.995535 0.047198
-0.081750 0.995535 0.047199
-0.081801 0.996152 0.031473
-0.081832 0.996522 0.015737
0.000000 0.995535 0.094397
-0.013644 0.996152 0.086579
-0.027287 0.996522 0.078737
0.081750 0.995535 0.047198
0.081750 0.995535 0.047198
0.068157 0.996152 0.055105
0.054544 0.996522 0.063000
0.040921 0.996645 -0.070878
0.040921 0.996645 -0.070878
0.081840 0.996646 0.000000
0.163035 0.986620 0.000000
0.082199 -0.996616 0.000000
-0.040921 0.996645 -0.070878
-0.040921 0.996645 -0.070878
-0.081843 0.996645 0.000000
-0.040921 0.996645 0.070877
-0.040921 0.996645 0.070877
0.040921 0.996645 0.070877
0.040921 0.996645 0.070878
-0.021418 -0.999694 -0.012366
-0.021418 -0.999694 -0.012366
0.010710 -0.999771 -0.018550
0.010710 -0.999771 -0.018550
-0.000229 -1.000000 -0.000396
-0.000229 -1.000000 -0.000396
-0.000458 -1.000000 0.000000
0.000229 -1.000000 0.000396
0.000458 -1.000000 0.000000
0.000458 -1.000000 0.000000
-0.021418 -0.999694 0.012366
-0.021418 -0.999694 0.012366
-0.000229 -1.000000 0.000396
-0.000229 -1.000000 0.000396
-0.865069 -0.046986 -0.499448
-0.081748 0.995535 -0.047197
-0.081748 0.995535 -0.047197
-0.081748 0.995535 -0.047197
-0.000458 -1.000000 -0.000264
-0.081926 -0.995515 -0.047300
-0.000458 -1.000000 -0.000264
0.000000 -1.000000 -0.000528
0.000000 -0.995515 -0.094600
0.000000 -1.000000 -0.000528
0.000000 -0.046986 -0.998896
0.000000 -1.000000 0.000528
0.000000 -0.995515 0.094600
0.000000 -0.046986 0.998896
0.000458 -1.000000 0.000264
0.081926 -0.995515 0.047300
0.000458 -1.000000 0.000264
0.865069 -0.046986 0.499448
0.000458 -1.000000 -0.000264
0.081926 -0.995515 -0.047300
0.000458 -1.000000 -0.000264
0.865069 -0.046986 -0.499448
-0.081748 0.995535 -0.047197
-0.865069 -0.046986 0.499448
-0.000458 -1.000000 0.000264
-0.865069 -0.046986 0.499448
-0.000458 -1.000000 0.000264
-0.000458 -1.000000 0.000264
-0.865069 -0.046986 0.499448
0.081748 0.995535 -0.047197
0.081748 0.995535 -0.047197
0.081748 0.995535 -0.047197
0.081748 0.995535 -0.047197
0.000000 0.995535 -0.094394
0.000000 0.995535 -0.094394
0.000000 0.995535 -0.094394
0.000000 0.995535 -0.094394
-0.081748 0.995535 0.047197
-0.081748 0.995535 0.047197
-0.081748 0.995535 0.047197
0.000000 0.995535 0.094394
0.081748 0.995535 0.047197
0.081748 0.995535 0.047197
0.081748 0.995535 0.047197
0.081748 0.995535 0.047197
110
0 0 1 2 0 1 2 1
0 1 3 2 1 3 2 1
0 4 5 6 4 5 6 1
0 5 7 6 5 7 6 1
0 8 9 10 8 9 10 1
0 9 11 10 9 11 10 1
0 12 13 14 12 13 14 1
0 13 15 14 13 15 14 1
0 16 17 18 16 17 18 1
0 17 19 18 17 19 18 1
0 20 21 22 20 21 22 1
0 21 23 22 21 21 22 1
0 24 25 26 23 24 25 1
0 25 27 26 24 26 25 1
0 28 29 30 27 28 29 1
0 29 31 30 28 29 29 1
0 32 33 34 30 31 32 1
0 33 35 34 31 33 32 1
0 36 37 38 34 35 36 1
0 37 39 38 35 37 36 1
0 17 16 40 17 16 38 1
0 16 41 40 16 39 38 1
0 42 43 44 40 41 42 1
0 43 45 44 41 43 42 1
0 46 47 48 44 45 44 1
0 47 49 48 45 46 44 1
0 50 4 51 47 4 48 1
0 4 6 51 4 6 48 1
0 52 8 53 49 8 50 1
0 8 10 53 8 10 50 1
0 54 12 55 51 12 52 1
0 12 14 55 12 14 52 1
0 56 57 22 53 54 22 1
0 57 20 22 54 20 22 1
0 58 59 60 55 56 57 1
0 59 61 60 56 58 57 1
0 62 63 64 59 60 61 1
0 63 65 64 60 62 61 1
0 66 67 68 63 64 65 1
0 67 69 68 64 66 65 1
0 38 70 71 36 67 68 1
0 70 72 71 67 69 68 1
0 73 74 75 70 71 72 1
0 74 76 75 71 73 72 1
0 60 61 77 57 58 74 1
0 61 78 77 58 75 74 1
0 79 80 81 76 77 76 1
0 80 82 81 77 78 76 1
0 64 65 83 61 62 79 1
0 65 84 83 62 80 79 1
0 68 69 85 65 66 81 1
0 69 86 85 66 81 81 1
0 71 72 87 68 69 82 1
0 72 88 87 69 83 82 1
0 75 76 89 72 73 84 1
0 76 90 89 73 85 84 1
0 45 43 91 43 41 86 1
0 43 92 91 41 87 86 1
0 93 94 3 88 89 3 1
0 94 2 3 89 2 3 1
0 95 25 96 90 24 91 1
0 25 24 96 24 23 91 1
0 97 29 98 92 28 92 1
0 29 28 98 28 27 92 1
0 99 37 7 93 35 7 1
0 37 36 7 35 34 7 1
0 100 82 101 94 78 95 1
0 82 80 101 78 77 95 1
0 47 102 49 45 96 46 1
0 102 103 49 96 97 46 1
0 104 33 105 98 31 99 1
0 33 32 105 31 30 99 1
0 106 107 108 100 101 102 1
0 107 109 108 101 103 102 1
0 106 110 111 100 104 105 1
0 110 112 111 104 106 105 1
0 113 114 115 107 108 109 1
0 114 116 115 108 110 109 1
0 117 118 119 111 112 111 1
0 118 120 119 112 113 111 1
0 121 122 123 114 115 116 1
0 122 124 123 115 117 116 1
0 125 126 127 118 119 120 1
0 126 128 127 119 121 120 1
0 109 107 129 103 101 122 1
0 107 111 129 101 105 122 1
0 130 131 132 123 124 125 1
0 131 133 132 124 126 125 1
0 133 134 132 126 127 125 1
0 132 134 135 125 127 128 1
0 126 136 137 119 129 130 1
0 136 138 137 129 131 130 1
0 138 139 137 131 132 130 1
0 137 139 128 130 132 121 1
0 114 140 141 108 133 134 1
0 140 142 141 133 135 134 1
0 142 143 141 135 136 134 1
0 141 143 116 134 136 110 1
0 135 144 132 128 137 125 1
0 144 145 132 137 138 125 1
0 145 146 132 138 139 125 1
0 132 146 130 125 139 123 1
0 118 147 148 112 140 140 1
0 147 149 148 140 140 140 1
0 149 150 148 140 140 140 1
0 148 150 120 140 140 113 1
0 122 151 152 115 141 142 1
0 151 153 152 141 143 142 1
0 153 154 152 143 144 142 1
0 152 154 124 142 144 117 1

Materials: 7
"Tex_0000_0_dds"
1.000000 1.000000 1.000000 1.000000
0.800000 0.800000 0.800000 1.000000
0.500000 0.500000 0.500000 1.000000
1.000000 1.000000 1.000000 1.000000
0.185600
1.000000
"Tex_0000_0.png"
""
"Tex_0001_0_dds"
1.000000 1.000000 1.000000 1.000000
0.800000 0.800000 0.800000 1.000000
0.500000 0.500000 0.500000 1.000000
1.000000 1.000000 1.000000 1.000000
0.185600
1.000000
"Tex_0007_0.png"
""
"Tex_0002_0_dds"
1.000000 1.000000 1.000000 1.000000
0.800000 0.800000 0.800000 1.000000
0.500000 0.500000 0.500000 1.000000
1.000000 1.000000 1.000000 1.000000
0.185600
1.000000
"Tex_0002_0.png"
""
"Tex_0005_0_dds"
1.000000 1.000000 1.000000 0.690000
0.800000 0.800000 0.800000 0.690000
0.500000 0.500000 0.500000 0.690000
1.000000 1.000000 1.000000 0.690000
0.185600
0.690000
"Tex_0005_0.ini"
""
"Tex_0006_0_dds"
1.000000 1.000000 1.000000 0.670000
0.800000 0.800000 0.800000 0.670000
0.500000 0.500000 0.500000 0.670000
1.000000 1.000000 1.000000 0.670000
0.185600
0.670000
"Tex_0005_1.ini"
""
"Tex_0007_0_dds"
1.000000 1.000000 1.000000 1.000000
0.800000 0.800000 0.800000 1.000000
0.500000 0.500000 0.500000 1.000000
1.000000 1.000000 1.000000 1.000000
0.185600
1.000000
"Tex_0007_0.png"
""
"Material01"
0.200000 0.200000 0.200000 0.460000
0.800000 0.800000 0.800000 0.460000
0.000000 0.000000 0.000000 0.460000
1.000000 1.000000 1.000000 0.460000
0.000000
0.460000
"Tex_0000_0.png"
""

Bones: 0
GroupComments: 0
MaterialComments: 0
BoneComments: 0
ModelComment: 0
