// MilkShape 3D ASCII

Frames: 1
Frame: 1

Meshes: 1
"Tex_0000_0_dds" 0 0
84
0 3.246783 -1.761465 -5.498622 0.234497 1.011459 -1
0 3.139102 -1.761465 -5.560791 0.012291 1.011459 -1
0 2.332355 -1.548435 -3.914849 0.234497 1.232666 -1
0 2.224728 -1.548435 -3.976987 0.012291 1.232666 -1
0 4.450587 -1.536036 -0.061600 0.234497 1.011459 -1
0 4.450587 -1.536036 0.062673 0.234497 1.011459 -1
0 4.557026 -1.548435 -0.061603 0.012291 1.011459 -1
0 4.557026 -1.548435 0.062675 0.012291 1.011459 -1
0 -3.138994 -1.761465 -5.560793 0.234497 1.011459 -1
0 -3.246674 -1.761465 -5.498623 0.012291 1.011459 -1
0 -2.224618 -1.548435 -3.976989 0.234497 1.232666 -1
0 -2.332245 -1.548435 -3.914850 0.012291 1.232666 -1
0 -6.385720 -1.761465 -0.061634 0.234497 1.011459 -1
0 -6.385720 -1.761465 0.062704 0.012291 1.011459 -1
0 -4.556918 -1.548435 -0.061604 0.234497 1.232666 -1
0 -4.556918 -1.548435 0.062674 0.012291 1.232666 -1
0 -3.246674 -1.761465 5.499691 0.234497 1.011459 -1
0 -3.138994 -1.761465 5.561862 0.012291 1.011459 -1
0 -2.332247 -1.548435 3.915919 0.234497 1.232666 -1
0 -2.224619 -1.548435 3.978057 0.012291 1.232666 -1
0 3.139100 -1.761465 5.561862 0.012291 1.011459 -1
0 3.246780 -1.761465 5.499691 0.234497 1.011459 -1
0 2.224725 -1.548435 3.978057 0.012291 1.232666 -1
0 2.332353 -1.548435 3.915919 0.234497 1.232666 -1
0 2.224657 -1.762652 -3.976987 0.012291 1.232666 -1
0 2.332391 -1.762652 -3.914788 0.234497 1.232666 -1
0 -2.171326 -1.765887 -3.884810 0.234497 1.011459 -1
0 -2.279062 -1.765887 -3.822608 0.234497 1.011459 -1
0 -2.224547 -1.762652 -3.976989 0.012291 1.011459 -1
0 -2.332281 -1.762652 -3.914789 0.012291 1.011459 -1
0 -4.450443 -1.765887 -0.061666 0.234497 1.011459 -1
0 -4.450443 -1.765887 0.062737 0.234497 1.011459 -1
0 -4.556883 -1.762652 -0.061665 0.012291 1.011459 -1
0 -4.556883 -1.762652 0.062734 0.012291 1.011459 -1
0 -2.279062 -1.765887 3.823676 0.234497 1.011459 -1
0 -2.171326 -1.765887 3.885879 0.234497 1.011459 -1
0 -2.332281 -1.762652 3.915856 0.012291 1.011459 -1
0 -2.224547 -1.762652 3.978057 0.012291 1.011459 -1
0 2.171433 -1.765887 3.885879 0.234497 1.011459 -1
0 2.279169 -1.765887 3.823676 0.234497 1.011459 -1
0 2.224655 -1.762652 3.978057 0.012291 1.011459 -1
0 2.332389 -1.762652 3.915856 0.012291 1.011459 -1
0 4.450551 -1.765887 0.062738 0.234497 1.011459 -1
0 4.450551 -1.765887 -0.061665 0.234497 1.011459 -1
0 4.556991 -1.762652 0.062737 0.012291 1.011459 -1
0 4.556991 -1.762652 -0.061663 0.012291 1.011459 -1
0 2.224728 -1.548435 -3.976987 0.012291 1.011459 -1
0 2.171510 -1.536036 -3.884808 0.234497 1.011459 -1
0 2.332355 -1.548435 -3.914849 0.012291 1.011459 -1
0 2.279134 -1.536036 -3.822671 0.234497 1.011459 -1
0 4.557026 -1.548435 0.062675 0.234497 1.232666 -1
0 6.385828 -1.761465 0.062705 0.234497 1.011459 -1
0 4.557026 -1.548435 -0.061603 0.012291 1.232666 -1
0 6.385828 -1.761465 -0.061633 0.012291 1.011459 -1
0 -2.332245 -1.548435 -3.914850 0.012291 1.011459 -1
0 -2.279024 -1.536036 -3.822673 0.234497 1.011459 -1
0 -2.224618 -1.548435 -3.976989 0.012291 1.011459 -1
0 -2.171400 -1.536036 -3.884810 0.234497 1.011459 -1
0 -4.556918 -1.548435 0.062674 0.012291 1.011459 -1
0 -4.450480 -1.536036 0.062672 0.234497 1.011459 -1
0 -4.556918 -1.548435 -0.061604 0.012291 1.011459 -1
0 -4.450480 -1.536036 -0.061602 0.234497 1.011459 -1
0 -2.224619 -1.548435 3.978057 0.012291 1.011459 -1
0 -2.171402 -1.536036 3.885879 0.234497 1.011459 -1
0 -2.332247 -1.548435 3.915919 0.012291 1.011459 -1
0 -2.279026 -1.536036 3.823742 0.234497 1.011459 -1
0 2.332353 -1.548435 3.915919 0.012291 1.011459 -1
0 2.279133 -1.536036 3.823742 0.234497 1.011459 -1
0 2.224725 -1.548435 3.978057 0.012291 1.011459 -1
0 2.171508 -1.536036 3.885879 0.234497 1.011459 -1
0 2.332391 -1.762652 -3.914788 0.012291 1.011459 -1
0 2.279171 -1.765887 -3.822607 0.234497 1.011459 -1
0 2.224657 -1.762652 -3.976987 0.012291 1.011459 -1
0 2.171435 -1.765887 -3.884808 0.234497 1.011459 -1
0 -2.332281 -1.762652 -3.914789 0.012291 1.232666 -1
0 -2.224547 -1.762652 -3.976989 0.234497 1.232666 -1
0 -4.556883 -1.762652 0.062734 0.012291 1.232666 -1
0 -4.556883 -1.762652 -0.061665 0.234497 1.232666 -1
0 2.332389 -1.762652 3.915856 0.234497 1.232666 -1
0 2.224655 -1.762652 3.978057 0.012291 1.232666 -1
0 4.556991 -1.762652 -0.061663 0.012291 1.232666 -1
0 4.556991 -1.762652 0.062737 0.234497 1.232666 -1
0 -2.224547 -1.762652 3.978057 0.012291 1.232666 -1
0 -2.332281 -1.762652 3.915856 0.234497 1.232666 -1
76
0.057722 -0.993314 -0.099978
0.114483 0.973434 -0.198292
0.057851 0.993284 -0.100203
0.057851 0.993284 -0.100203
0.115641 0.992731 -0.033345
0.115706 0.993283 0.000000
0.115641 0.992731 -0.033345
-0.499175 -0.057625 -0.864583
-0.499173 -0.057625 -0.864584
-0.057852 0.993284 -0.100202
-0.057852 0.993284 -0.100202
-0.998338 -0.057625 0.000000
-0.115704 0.993284 0.000000
-0.499180 -0.057625 0.864580
-0.499171 -0.057625 0.864585
-0.057852 0.993284 0.100202
-0.057851 0.993284 0.100203
0.499181 -0.057625 0.864579
0.499171 -0.057625 0.864585
0.038587 0.993038 0.111293
0.057851 0.993284 0.100203
0.000325 -1.000000 -0.000562
0.000325 -1.000000 -0.000562
-0.015189 -0.999538 -0.026309
-0.022782 -0.999500 -0.021923
-0.015189 -0.999538 -0.026308
-0.022782 -0.999500 -0.021923
-0.030378 -0.999538 0.000000
-0.030378 -0.999521 0.005846
-0.030377 -0.999470 0.011691
-0.015190 -0.999538 0.026309
-0.010127 -0.999521 0.029231
-0.015190 -0.999538 0.026309
-0.005063 -0.999470 0.032153
0.015190 -0.999538 0.026309
0.020252 -0.999521 0.023385
0.015189 -0.999538 0.026309
0.025313 -0.999470 0.020461
0.030378 -0.999538 0.000000
0.030378 -0.999521 -0.005846
0.030376 -0.999470 -0.011691
0.019294 0.992301 -0.122335
0.038588 0.993038 -0.111295
0.057853 0.993283 -0.100205
0.057853 0.993283 -0.100205
0.115704 0.993284 0.000000
0.228967 0.973434 0.000000
0.115444 -0.993314 0.000000
-0.096298 0.992301 -0.077876
-0.077090 0.993038 -0.089066
-0.057854 0.993283 -0.100205
-0.057854 0.993283 -0.100205
-0.115592 0.992301 0.044458
-0.115678 0.993038 0.022229
-0.115707 0.993283 0.000000
-0.115707 0.993283 0.000000
-0.019294 0.992301 0.122337
-0.038588 0.993038 0.111296
-0.057854 0.993283 0.100206
-0.057854 0.993283 0.100205
0.096298 0.992301 0.077877
0.077090 0.993038 0.089067
0.057854 0.993283 0.100207
0.057854 0.993283 0.100207
0.015189 -0.999538 -0.026308
0.015189 -0.999538 -0.026309
0.010126 -0.999521 -0.029231
0.005063 -0.999470 -0.032153
-0.000325 -1.000000 -0.000562
-0.000325 -1.000000 -0.000562
-0.000649 -1.000000 0.000000
0.000325 -1.000000 0.000562
0.000216 -0.999927 0.012067
0.000649 -1.000000 0.000000
-0.000325 -1.000000 0.000562
-0.000325 -1.000000 0.000562
48
0 0 1 2 0 1 2 1
0 1 3 2 1 3 2 1
0 4 5 6 4 5 6 1
0 5 7 6 5 5 6 1
0 8 9 10 7 8 9 1
0 9 11 10 8 10 9 1
0 12 13 14 11 11 12 1
0 13 15 14 11 12 12 1
0 16 17 18 13 14 15 1
0 17 19 18 14 16 15 1
0 20 21 22 17 18 19 1
0 21 23 22 18 20 19 1
0 1 0 24 1 0 21 1
0 0 25 24 0 22 21 1
0 26 27 28 23 24 25 1
0 27 29 28 24 26 25 1
0 30 31 32 27 28 27 1
0 31 33 32 28 29 27 1
0 34 35 36 30 31 32 1
0 35 37 36 31 33 32 1
0 38 39 40 34 35 36 1
0 39 41 40 35 37 36 1
0 42 43 44 38 39 38 1
0 43 45 44 39 40 38 1
0 46 47 48 41 42 43 1
0 47 49 48 42 44 43 1
0 50 51 52 45 46 45 1
0 51 53 52 46 47 45 1
0 54 55 56 48 49 50 1
0 55 57 56 49 51 50 1
0 58 59 60 52 53 54 1
0 59 61 60 53 55 54 1
0 62 63 64 56 57 58 1
0 63 65 64 57 59 58 1
0 66 67 68 60 61 62 1
0 67 69 68 61 63 62 1
0 70 71 72 64 65 66 1
0 71 73 72 65 67 66 1
0 74 9 75 68 8 69 1
0 9 8 75 8 7 69 1
0 76 13 77 70 11 70 1
0 13 12 77 11 11 70 1
0 78 21 79 71 18 72 1
0 21 20 79 18 17 72 1
0 80 53 81 73 47 73 1
0 53 51 81 47 46 73 1
0 82 17 83 74 14 75 1
0 17 16 83 14 13 75 1

Materials: 1
"Material01"
0.200000 0.200000 0.200000 0.460000
0.800000 0.800000 0.800000 0.460000
0.000000 0.000000 0.000000 0.460000
1.000000 1.000000 1.000000 0.460000
0.000000
0.460000
"Tex_0000_0.png"
""

Bones: 0
GroupComments: 0
MaterialComments: 0
BoneComments: 0
ModelComment: 0
