// MilkShape 3D ASCII

Frames: 1
Frame: 1

Meshes: 1
"Tex_0000_0_dds" 0 0
84
0 3.914856 -0.985861 -6.630801 0.234497 1.011459 -1
0 3.785017 -0.985861 -6.705763 0.012291 1.011459 -1
0 2.812253 -0.772831 -4.721110 0.234497 1.232666 -1
0 2.682477 -0.772831 -4.796036 0.012291 1.232666 -1
0 5.366386 -0.760432 -0.074921 0.234497 1.011459 -1
0 5.366386 -0.760432 0.074928 0.234497 1.011459 -1
0 5.494729 -0.772831 -0.074922 0.012291 1.011459 -1
0 5.494729 -0.772831 0.074930 0.012291 1.011459 -1
0 -3.785018 -0.985861 -6.705765 0.234497 1.011459 -1
0 -3.914858 -0.985861 -6.630802 0.012291 1.011459 -1
0 -2.682477 -0.772831 -4.796038 0.234497 1.232666 -1
0 -2.812253 -0.772831 -4.721112 0.012291 1.232666 -1
0 -7.699874 -0.985861 -0.074960 0.234497 1.011459 -1
0 -7.699874 -0.985861 0.074964 0.012291 1.011459 -1
0 -5.494731 -0.772831 -0.074924 0.234497 1.232666 -1
0 -5.494731 -0.772831 0.074928 0.012291 1.232666 -1
0 -3.914858 -0.985861 6.630805 0.234497 1.011459 -1
0 -3.785018 -0.985861 6.705767 0.012291 1.011459 -1
0 -2.812255 -0.772831 4.721114 0.234497 1.232666 -1
0 -2.682479 -0.772831 4.796039 0.012291 1.232666 -1
0 3.785014 -0.985861 6.705767 0.012291 1.011459 -1
0 3.914853 -0.985861 6.630805 0.234497 1.011459 -1
0 2.682474 -0.772831 4.796039 0.012291 1.232666 -1
0 2.812250 -0.772831 4.721114 0.234497 1.232666 -1
0 2.812295 -0.987048 -4.721036 0.234497 1.232666 -1
0 2.682392 -0.987048 -4.796036 0.012291 1.232666 -1
0 -2.812296 -0.987048 -4.721038 0.012291 1.011459 -1
0 -2.748125 -0.990283 -4.609888 0.234497 1.011459 -1
0 -2.682393 -0.987048 -4.796038 0.012291 1.011459 -1
0 -2.618219 -0.990283 -4.684889 0.234497 1.011459 -1
0 -5.494689 -0.987048 0.075002 0.012291 1.011459 -1
0 -5.366344 -0.990283 0.075003 0.234497 1.011459 -1
0 -5.494689 -0.987048 -0.074998 0.012291 1.011459 -1
0 -5.366344 -0.990283 -0.074999 0.234497 1.011459 -1
0 -2.682393 -0.987048 4.796039 0.012291 1.011459 -1
0 -2.618219 -0.990283 4.684891 0.234497 1.011459 -1
0 -2.812296 -0.987048 4.721039 0.012291 1.011459 -1
0 -2.748125 -0.990283 4.609890 0.234497 1.011459 -1
0 2.812293 -0.987048 4.721039 0.012291 1.011459 -1
0 2.748123 -0.990283 4.609890 0.234497 1.011459 -1
0 2.682390 -0.987048 4.796039 0.012291 1.011459 -1
0 2.618216 -0.990283 4.684891 0.234497 1.011459 -1
0 5.494686 -0.987048 -0.074995 0.012291 1.011459 -1
0 5.366343 -0.990283 -0.074998 0.234497 1.011459 -1
0 5.494686 -0.987048 0.075003 0.012291 1.011459 -1
0 5.366343 -0.990283 0.075005 0.234497 1.011459 -1
0 2.682477 -0.772831 -4.796036 0.012291 1.011459 -1
0 2.618308 -0.760432 -4.684887 0.234497 1.011459 -1
0 2.812253 -0.772831 -4.721110 0.012291 1.011459 -1
0 2.748080 -0.760432 -4.609964 0.234497 1.011459 -1
0 5.494729 -0.772831 0.074930 0.234497 1.232666 -1
0 7.699871 -0.985861 0.074966 0.234497 1.011459 -1
0 5.494729 -0.772831 -0.074922 0.012291 1.232666 -1
0 7.699871 -0.985861 -0.074960 0.012291 1.011459 -1
0 -2.812253 -0.772831 -4.721112 0.012291 1.011459 -1
0 -2.748081 -0.760432 -4.609966 0.234497 1.011459 -1
0 -2.682477 -0.772831 -4.796038 0.012291 1.011459 -1
0 -2.618308 -0.760432 -4.684889 0.234497 1.011459 -1
0 -5.494731 -0.772831 0.074928 0.012291 1.011459 -1
0 -5.366390 -0.760432 0.074925 0.234497 1.011459 -1
0 -5.494731 -0.772831 -0.074924 0.012291 1.011459 -1
0 -5.366390 -0.760432 -0.074921 0.234497 1.011459 -1
0 -2.682479 -0.772831 4.796039 0.012291 1.011459 -1
0 -2.618310 -0.760432 4.684891 0.234497 1.011459 -1
0 -2.812255 -0.772831 4.721114 0.012291 1.011459 -1
0 -2.748083 -0.760432 4.609968 0.234497 1.011459 -1
0 2.812250 -0.772831 4.721114 0.012291 1.011459 -1
0 2.748078 -0.760432 4.609968 0.234497 1.011459 -1
0 2.682474 -0.772831 4.796039 0.012291 1.011459 -1
0 2.618306 -0.760432 4.684891 0.234497 1.011459 -1
0 2.618218 -0.990283 -4.684887 0.234497 1.011459 -1
0 2.748125 -0.990283 -4.609886 0.234497 1.011459 -1
0 2.682392 -0.987048 -4.796036 0.012291 1.011459 -1
0 2.812295 -0.987048 -4.721036 0.012291 1.011459 -1
0 -2.682393 -0.987048 -4.796038 0.234497 1.232666 -1
0 -2.812296 -0.987048 -4.721038 0.012291 1.232666 -1
0 -5.494689 -0.987048 -0.074998 0.234497 1.232666 -1
0 -5.494689 -0.987048 0.075002 0.012291 1.232666 -1
0 2.682390 -0.987048 4.796039 0.012291 1.232666 -1
0 2.812293 -0.987048 4.721039 0.234497 1.232666 -1
0 5.494686 -0.987048 0.075003 0.234497 1.232666 -1
0 5.494686 -0.987048 -0.074995 0.012291 1.232666 -1
0 -2.812296 -0.987048 4.721039 0.234497 1.232666 -1
0 -2.682393 -0.987048 4.796039 0.012291 1.232666 -1
77
0.015863 0.999497 -0.027476
0.031996 0.997950 -0.055420
0.048079 0.995366 -0.083276
0.048079 0.995366 -0.083276
0.096123 0.994983 -0.027727
0.096161 0.995366 0.000000
0.096124 0.994983 -0.027727
-0.023933 0.998854 -0.041453
-0.023933 0.998854 -0.041453
-0.048079 0.995366 -0.083276
-0.048079 0.995366 -0.083275
-0.047866 0.998854 0.000000
-0.096158 0.995366 0.000000
-0.096158 0.995366 0.000000
-0.023933 0.998854 0.041453
-0.023933 0.998854 0.041453
-0.048079 0.995366 0.083276
-0.048079 0.995366 0.083276
0.023933 0.998854 0.041453
0.023933 0.998854 0.041453
0.032063 0.995196 0.092504
0.048079 0.995366 0.083276
-0.000269 1.000000 0.000466
-0.000269 1.000000 0.000466
0.018898 0.999656 0.018185
0.018898 0.999656 0.018185
0.012599 0.999682 0.021822
0.012599 0.999682 0.021822
0.025197 0.999635 -0.009698
0.025198 0.999671 -0.004849
0.025198 0.999682 0.000000
0.004200 0.999635 -0.026670
0.008400 0.999671 -0.024246
0.012599 0.999682 -0.021822
0.012599 0.999682 -0.021822
-0.020997 0.999635 -0.016972
-0.016798 0.999671 -0.019398
-0.012599 0.999682 -0.021822
-0.012599 0.999682 -0.021822
-0.025197 0.999635 0.009698
-0.025198 0.999671 0.004849
-0.025198 0.999682 0.000000
0.016032 0.994685 -0.101704
0.032065 0.995196 -0.092506
0.048080 0.995366 -0.083278
0.048080 0.995366 -0.083279
0.096158 0.995366 0.000000
0.063993 0.997950 0.000000
0.096158 0.995366 0.000000
0.031727 0.999497 0.000000
-0.080063 0.994685 -0.064737
-0.064080 0.995196 -0.074022
-0.048080 0.995366 -0.083279
-0.048080 0.995366 -0.083278
-0.096096 0.994685 0.036968
-0.096146 0.995196 0.018484
-0.096162 0.995366 0.000000
-0.016032 0.994685 0.101705
-0.032065 0.995196 0.092507
-0.048080 0.995366 0.083279
-0.048080 0.995366 0.083279
0.080063 0.994685 0.064737
0.064080 0.995196 0.074023
0.048081 0.995366 0.083279
0.048081 0.995366 0.083279
-0.004200 0.999635 0.026670
-0.012599 0.999682 0.021822
-0.008399 0.999671 0.024246
-0.012599 0.999682 0.021822
0.000269 1.000000 0.000466
0.000269 1.000000 0.000466
0.000538 1.000000 0.000000
-0.000179 0.999950 -0.010009
-0.000269 1.000000 -0.000466
-0.000538 1.000000 0.000000
0.000269 1.000000 -0.000466
0.000269 1.000000 -0.000466
48
0 0 1 2 0 1 2 1
0 1 3 2 1 3 2 1
0 4 5 6 4 5 6 1
0 5 7 6 5 5 6 1
0 8 9 10 7 8 9 1
0 9 11 10 8 10 9 1
0 12 13 14 11 11 12 1
0 13 15 14 11 13 12 1
0 16 17 18 14 15 16 1
0 17 19 18 15 17 16 1
0 20 21 22 18 19 20 1
0 21 23 22 19 21 20 1
0 24 0 25 22 0 23 1
0 0 1 25 0 1 23 1
0 26 27 28 24 25 26 1
0 27 29 28 25 27 26 1
0 30 31 32 28 29 30 1
0 31 33 32 29 30 30 1
0 34 35 36 31 32 33 1
0 35 37 36 32 34 33 1
0 38 39 40 35 36 37 1
0 39 41 40 36 38 37 1
0 42 43 44 39 40 41 1
0 43 45 44 40 41 41 1
0 46 47 48 42 43 44 1
0 47 49 48 43 45 44 1
0 50 51 52 46 47 48 1
0 51 53 52 47 49 48 1
0 54 55 56 50 51 52 1
0 55 57 56 51 53 52 1
0 58 59 60 54 55 56 1
0 59 61 60 55 56 56 1
0 62 63 64 57 58 59 1
0 63 65 64 58 60 59 1
0 66 67 68 61 62 63 1
0 67 69 68 62 64 63 1
0 70 71 72 65 66 67 1
0 71 73 72 66 68 67 1
0 8 9 74 7 8 69 1
0 9 75 74 8 70 69 1
0 12 13 76 11 11 71 1
0 13 77 76 11 71 71 1
0 20 21 78 18 19 72 1
0 21 79 78 19 73 72 1
0 51 53 80 47 49 74 1
0 53 81 80 49 74 74 1
0 16 17 82 14 15 75 1
0 17 83 82 15 76 75 1

Materials: 1
"Material01"
0.200000 0.200000 0.200000 0.460000
0.800000 0.800000 0.800000 0.460000
0.000000 0.000000 0.000000 0.460000
1.000000 1.000000 1.000000 0.460000
0.000000
0.460000
"Tex_0000_0.png"
""

Bones: 0
GroupComments: 0
MaterialComments: 0
BoneComments: 0
ModelComment: 0
