// MilkShape 3D ASCII

Frames: 1
Frame: 1

Meshes: 1
"Tex_0000_0_dds" 0 6
142
0 -2.171326 -1.765887 -3.884810 0.234497 1.232666 -1
0 -2.224547 -1.762652 -3.976989 0.012291 1.232666 -1
0 2.171435 -1.765887 -3.884808 0.234497 1.011459 -1
0 2.224657 -1.762652 -3.976987 0.012291 1.011459 -1
0 -2.171326 -1.765887 3.885879 0.234497 1.011459 -1
0 2.171433 -1.765887 3.885879 0.234497 1.232666 -1
0 -2.224547 -1.762652 3.978057 0.012291 1.011459 -1
0 2.224655 -1.762652 3.978057 0.012291 1.232666 -1
0 2.279169 -1.765887 3.823676 0.234497 1.011459 -1
0 4.450551 -1.765887 0.062738 0.234497 1.232666 -1
0 2.332389 -1.762652 3.915856 0.012291 1.011459 -1
0 4.556991 -1.762652 0.062737 0.012291 1.232666 -1
0 4.450551 -1.765887 -0.061665 0.234497 1.011459 -1
0 2.279171 -1.765887 -3.822607 0.234497 1.232666 -1
0 4.556991 -1.762652 -0.061663 0.012291 1.011459 -1
0 2.332391 -1.762652 -3.914788 0.012291 1.232666 -1
0 3.246783 -1.761465 -5.498622 0.234497 1.011459 -1
0 3.139102 -1.761465 -5.560791 0.012291 1.011459 -1
0 2.332355 -1.548435 -3.914849 0.234497 1.232666 -1
0 2.224728 -1.548435 -3.976987 0.012291 1.232666 -1
0 4.450587 -1.536036 -0.061600 0.234497 1.011459 -1
0 4.450587 -1.536036 0.062673 0.234497 1.011459 -1
0 4.557026 -1.548435 -0.061603 0.012291 1.011459 -1
0 4.557026 -1.548435 0.062675 0.012291 1.011459 -1
0 -3.138994 -1.761465 -5.560793 0.234497 1.011459 -1
0 -3.246674 -1.761465 -5.498623 0.012291 1.011459 -1
0 -2.224618 -1.548435 -3.976989 0.234497 1.232666 -1
0 -2.332245 -1.548435 -3.914850 0.012291 1.232666 -1
0 -6.385720 -1.761465 -0.061634 0.234497 1.011459 -1
0 -6.385720 -1.761465 0.062704 0.012291 1.011459 -1
0 -4.556918 -1.548435 -0.061604 0.234497 1.232666 -1
0 -4.556918 -1.548435 0.062674 0.012291 1.232666 -1
0 -3.246674 -1.761465 5.499691 0.234497 1.011459 -1
0 -3.138994 -1.761465 5.561862 0.012291 1.011459 -1
0 -2.332247 -1.548435 3.915919 0.234497 1.232666 -1
0 -2.224619 -1.548435 3.978057 0.012291 1.232666 -1
0 3.139100 -1.761465 5.561862 0.012291 1.011459 -1
0 3.246780 -1.761465 5.499691 0.234497 1.011459 -1
0 2.224725 -1.548435 3.978057 0.012291 1.232666 -1
0 2.332353 -1.548435 3.915919 0.234497 1.232666 -1
0 2.224657 -1.762652 -3.976987 0.012291 1.232666 -1
0 2.332391 -1.762652 -3.914788 0.234497 1.232666 -1
0 -2.171326 -1.765887 -3.884810 0.234497 1.011459 -1
0 -2.279062 -1.765887 -3.822608 0.234497 1.011459 -1
0 -2.224547 -1.762652 -3.976989 0.012291 1.011459 -1
0 -2.332281 -1.762652 -3.914789 0.012291 1.011459 -1
0 -4.450443 -1.765887 -0.061666 0.234497 1.011459 -1
0 -4.450443 -1.765887 0.062737 0.234497 1.011459 -1
0 -4.556883 -1.762652 -0.061665 0.012291 1.011459 -1
0 -4.556883 -1.762652 0.062734 0.012291 1.011459 -1
0 -2.279062 -1.765887 3.823676 0.234497 1.011459 -1
0 -2.332281 -1.762652 3.915856 0.012291 1.011459 -1
0 2.171433 -1.765887 3.885879 0.234497 1.011459 -1
0 2.224655 -1.762652 3.978057 0.012291 1.011459 -1
0 4.450551 -1.765887 0.062738 0.234497 1.011459 -1
0 4.556991 -1.762652 0.062737 0.012291 1.011459 -1
0 2.332355 -1.548435 -3.914849 0.012291 1.232666 -1
0 2.279134 -1.536036 -3.822671 0.234497 1.232666 -1
0 -2.224618 -1.548435 -3.976989 0.012291 1.232666 -1
0 -2.171400 -1.536036 -3.884810 0.234497 1.232666 -1
0 2.224728 -1.548435 -3.976987 0.012291 1.011459 -1
0 2.171510 -1.536036 -3.884808 0.234497 1.011459 -1
0 -4.556918 -1.548435 -0.061604 0.012291 1.232666 -1
0 -4.450480 -1.536036 -0.061602 0.234497 1.232666 -1
0 -2.332245 -1.548435 -3.914850 0.012291 1.011459 -1
0 -2.279024 -1.536036 -3.822673 0.234497 1.011459 -1
0 -2.332247 -1.548435 3.915919 0.012291 1.232666 -1
0 -2.279026 -1.536036 3.823742 0.234497 1.232666 -1
0 -4.556918 -1.548435 0.062674 0.012291 1.011459 -1
0 -4.450480 -1.536036 0.062672 0.234497 1.011459 -1
0 2.171508 -1.536036 3.885879 0.234497 1.232666 -1
0 -2.224619 -1.548435 3.978057 0.012291 1.011459 -1
0 -2.171402 -1.536036 3.885879 0.234497 1.011459 -1
0 4.557026 -1.548435 0.062675 0.012291 1.232666 -1
0 4.450587 -1.536036 0.062673 0.234497 1.232666 -1
0 2.332353 -1.548435 3.915919 0.012291 1.011459 -1
0 2.279133 -1.536036 3.823742 0.234497 1.011459 -1
0 2.332355 -1.548435 -3.914849 0.012291 1.011459 -1
0 2.279134 -1.536036 -3.822671 0.234497 1.011459 -1
0 4.557026 -1.548435 0.062675 0.234497 1.232666 -1
0 6.385828 -1.761465 0.062705 0.234497 1.011459 -1
0 4.557026 -1.548435 -0.061603 0.012291 1.232666 -1
0 6.385828 -1.761465 -0.061633 0.012291 1.011459 -1
0 -2.224618 -1.548435 -3.976989 0.012291 1.011459 -1
0 -2.171400 -1.536036 -3.884810 0.234497 1.011459 -1
0 -4.556918 -1.548435 -0.061604 0.012291 1.011459 -1
0 -4.450480 -1.536036 -0.061602 0.234497 1.011459 -1
0 -2.332247 -1.548435 3.915919 0.012291 1.011459 -1
0 -2.279026 -1.536036 3.823742 0.234497 1.011459 -1
0 2.224725 -1.548435 3.978057 0.012291 1.011459 -1
0 2.171508 -1.536036 3.885879 0.234497 1.011459 -1
0 -4.556883 -1.762652 -0.061665 0.012291 1.232666 -1
0 -4.450443 -1.765887 -0.061666 0.234497 1.232666 -1
0 2.332391 -1.762652 -3.914788 0.012291 1.011459 -1
0 2.279171 -1.765887 -3.822607 0.234497 1.011459 -1
0 -2.332281 -1.762652 -3.914789 0.012291 1.232666 -1
0 -2.224547 -1.762652 -3.976989 0.234497 1.232666 -1
0 -4.556883 -1.762652 0.062734 0.012291 1.232666 -1
0 -4.556883 -1.762652 -0.061665 0.234497 1.232666 -1
0 2.332389 -1.762652 3.915856 0.234497 1.232666 -1
0 4.556991 -1.762652 -0.061663 0.012291 1.232666 -1
0 4.556991 -1.762652 0.062737 0.234497 1.232666 -1
0 -2.279062 -1.765887 3.823676 0.234497 1.232666 -1
0 -2.332281 -1.762652 3.915856 0.012291 1.232666 -1
0 -2.224547 -1.762652 3.978057 0.012291 1.232666 -1
0 -2.332281 -1.762652 3.915856 0.234497 1.232666 -1
0 3.246784 -1.761465 -5.498624 0.496338 1.491943 -1
0 2.332356 -1.548435 -3.914850 0.496338 1.001727 -1
0 6.385829 -1.761465 -0.061635 0.004829 1.491943 -1
0 4.557028 -1.548435 -0.061604 0.004829 1.001727 -1
0 -3.138992 -1.761465 -5.560794 0.496338 1.491943 -1
0 -2.224616 -1.548435 -3.976991 0.496338 1.001727 -1
0 3.139104 -1.761465 -5.560793 0.004829 1.491943 -1
0 2.224729 -1.548435 -3.976989 0.004829 1.001727 -1
0 -6.385719 -1.761465 -0.061636 0.496338 1.491943 -1
0 -4.556917 -1.548435 -0.061606 0.496338 1.001727 -1
0 -3.246672 -1.761465 -5.498626 0.004829 1.491943 -1
0 -2.332244 -1.548435 -3.914853 0.004829 1.001727 -1
0 -3.246672 -1.761465 5.499690 0.496338 1.491943 -1
0 -2.332245 -1.548435 3.915916 0.496338 1.001727 -1
0 -6.385719 -1.761465 0.062702 0.004829 1.491943 -1
0 -4.556917 -1.548435 0.062672 0.004829 1.001727 -1
0 3.139101 -1.761465 5.561859 0.496338 1.491943 -1
0 2.224727 -1.548435 3.978055 0.496338 1.001727 -1
0 -3.138992 -1.761465 5.561859 0.004829 1.491943 -1
0 -2.224618 -1.548435 3.978055 0.004829 1.001727 -1
0 6.385829 -1.761465 0.062704 0.496338 1.491943 -1
0 4.557028 -1.548435 0.062673 0.496338 1.001727 -1
0 3.246782 -1.761465 5.499690 0.004829 1.491943 -1
0 2.332355 -1.548435 3.915916 0.004829 1.001727 -1
0 -2.332279 -1.762652 -3.914791 0.004829 1.001727 -1
0 -4.556881 -1.762652 -0.061667 0.496338 1.001727 -1
0 -2.224545 -1.762652 -3.976991 0.496338 1.001727 -1
0 2.224658 -1.762652 -3.976989 0.004829 1.001727 -1
0 -2.332279 -1.762652 3.915855 0.496338 1.001727 -1
0 -4.556881 -1.762652 0.062733 0.004829 1.001727 -1
0 2.224656 -1.762652 3.978055 0.496338 1.001727 -1
0 -2.224545 -1.762652 3.978055 0.004829 1.001727 -1
0 4.556992 -1.762652 0.062734 0.496338 1.001727 -1
0 2.332390 -1.762652 3.915855 0.004829 1.001727 -1
0 2.332392 -1.762652 -3.914789 0.496338 1.001727 -1
0 4.556992 -1.762652 -0.061665 0.004829 1.001727 -1
132
0.000000 -0.999385 -0.035073
0.000000 -0.999385 -0.035073
0.005063 -0.999470 -0.032153
0.010126 -0.999521 -0.029231
-0.010127 -0.999521 0.029231
0.000000 -0.999385 0.035073
-0.005063 -0.999470 0.032153
0.000216 -0.999927 0.012067
0.020252 -0.999521 0.023385
0.030374 -0.999385 0.017536
0.025313 -0.999470 0.020461
0.030374 -0.999385 0.017536
0.030378 -0.999521 -0.005846
0.030374 -0.999385 -0.017536
0.030376 -0.999470 -0.011691
0.030374 -0.999385 -0.017536
0.057722 -0.993314 -0.099978
0.114483 0.973434 -0.198292
0.057851 0.993284 -0.100203
0.057851 0.993284 -0.100203
0.115641 0.992731 -0.033345
0.115706 0.993283 0.000000
0.115641 0.992731 -0.033345
-0.499175 -0.057625 -0.864583
-0.499173 -0.057625 -0.864584
-0.057852 0.993284 -0.100202
-0.057852 0.993284 -0.100202
-0.998338 -0.057625 0.000000
-0.115704 0.993284 0.000000
-0.499180 -0.057625 0.864580
-0.499171 -0.057625 0.864585
-0.057852 0.993284 0.100202
-0.057851 0.993284 0.100203
0.499181 -0.057625 0.864579
0.499171 -0.057625 0.864585
0.038587 0.993038 0.111293
0.057851 0.993284 0.100203
0.000325 -1.000000 -0.000562
0.000325 -1.000000 -0.000562
-0.015189 -0.999538 -0.026309
-0.022782 -0.999500 -0.021923
-0.015189 -0.999538 -0.026308
-0.022782 -0.999500 -0.021923
-0.030378 -0.999538 0.000000
-0.030378 -0.999521 0.005846
-0.030377 -0.999470 0.011691
-0.015190 -0.999538 0.026309
-0.015190 -0.999538 0.026309
0.015190 -0.999538 0.026309
0.015189 -0.999538 0.026309
0.030378 -0.999538 0.000000
0.115448 0.991075 -0.066654
0.115448 0.991075 -0.066654
0.000000 0.991075 -0.133309
0.000000 0.991075 -0.133309
0.019294 0.992301 -0.122335
0.038588 0.993038 -0.111295
-0.115449 0.991075 -0.066654
-0.115449 0.991075 -0.066654
-0.096298 0.992301 -0.077876
-0.077090 0.993038 -0.089066
-0.115449 0.991075 0.066654
-0.115449 0.991075 0.066654
-0.115592 0.992301 0.044458
-0.115678 0.993038 0.022229
0.000000 0.991074 0.133311
-0.019294 0.992301 0.122337
-0.038588 0.993038 0.111296
0.115448 0.991075 0.066654
0.115449 0.991075 0.066654
0.096298 0.992301 0.077877
0.077090 0.993038 0.089067
0.057853 0.993283 -0.100205
0.057853 0.993283 -0.100205
0.115704 0.993284 0.000000
0.228967 0.973434 0.000000
0.115444 -0.993314 0.000000
-0.057854 0.993283 -0.100205
-0.057854 0.993283 -0.100205
-0.115707 0.993283 0.000000
-0.115707 0.993283 0.000000
-0.057854 0.993283 0.100206
-0.057854 0.993283 0.100205
0.057854 0.993283 0.100207
0.057854 0.993283 0.100207
-0.030374 -0.999385 -0.017536
-0.030374 -0.999385 -0.017536
0.015189 -0.999538 -0.026308
0.015189 -0.999538 -0.026309
-0.000325 -1.000000 -0.000562
-0.000325 -1.000000 -0.000562
-0.000649 -1.000000 0.000000
0.000325 -1.000000 0.000562
0.000649 -1.000000 0.000000
-0.030374 -0.999385 0.017537
-0.030374 -0.999385 0.017536
-0.000325 -1.000000 0.000562
-0.000325 -1.000000 0.000562
0.114692 -0.991192 -0.066217
0.115445 0.991075 -0.066652
0.227470 0.964888 -0.131330
0.115445 0.991075 -0.066652
0.000000 -0.991192 -0.132435
0.000000 0.991075 -0.133305
0.000000 0.964888 -0.262660
0.000000 0.991075 -0.133305
-0.114692 -0.991192 -0.066217
-0.115445 0.991075 -0.066652
-0.227470 0.964888 -0.131330
-0.115445 0.991075 -0.066652
-0.114692 -0.991192 0.066217
-0.115445 0.991075 0.066652
-0.227470 0.964888 0.131330
-0.115445 0.991075 0.066652
0.000000 -0.991192 0.132435
0.000000 0.991075 0.133305
0.000000 0.964888 0.262660
0.114692 -0.991192 0.066217
0.115445 0.991075 0.066652
0.227470 0.964888 0.131330
0.115445 0.991075 0.066652
-0.000649 -1.000000 -0.000375
-0.000649 -1.000000 -0.000375
0.000000 -1.000000 -0.000750
0.000000 -1.000000 -0.000750
-0.000649 -1.000000 0.000375
-0.000649 -1.000000 0.000375
0.000000 -1.000000 0.000750
0.000649 -1.000000 0.000375
0.000649 -1.000000 0.000375
0.000649 -1.000000 -0.000375
0.000649 -1.000000 -0.000375
96
0 0 1 2 0 1 2 1
0 1 3 2 1 3 2 1
0 4 5 6 4 5 6 1
0 5 7 6 5 7 6 1
0 8 9 10 8 9 10 1
0 9 11 10 9 11 10 1
0 12 13 14 12 13 14 1
0 13 15 14 13 15 14 1
0 16 17 18 16 17 18 1
0 17 19 18 17 19 18 1
0 20 21 22 20 21 22 1
0 21 23 22 21 21 22 1
0 24 25 26 23 24 25 1
0 25 27 26 24 26 25 1
0 28 29 30 27 27 28 1
0 29 31 30 27 28 28 1
0 32 33 34 29 30 31 1
0 33 35 34 30 32 31 1
0 36 37 38 33 34 35 1
0 37 39 38 34 36 35 1
0 17 16 40 17 16 37 1
0 16 41 40 16 38 37 1
0 42 43 44 39 40 41 1
0 43 45 44 40 42 41 1
0 46 47 48 43 44 43 1
0 47 49 48 44 45 43 1
0 50 4 51 46 4 47 1
0 4 6 51 4 6 47 1
0 52 8 53 48 8 49 1
0 8 10 53 8 10 49 1
0 54 12 55 50 12 50 1
0 12 14 55 12 14 50 1
0 56 57 22 51 52 22 1
0 57 20 22 52 20 22 1
0 58 59 60 53 54 55 1
0 59 61 60 54 56 55 1
0 62 63 64 57 58 59 1
0 63 65 64 58 60 59 1
0 66 67 68 61 62 63 1
0 67 69 68 62 64 63 1
0 38 70 71 35 65 66 1
0 70 72 71 65 67 66 1
0 73 74 75 68 69 70 1
0 74 76 75 69 71 70 1
0 60 61 77 55 56 72 1
0 61 78 77 56 73 72 1
0 79 80 81 74 75 74 1
0 80 82 81 75 76 74 1
0 64 65 83 59 60 77 1
0 65 84 83 60 78 77 1
0 68 69 85 63 64 79 1
0 69 86 85 64 80 79 1
0 71 72 87 66 67 81 1
0 72 88 87 67 82 81 1
0 75 76 89 70 71 83 1
0 76 90 89 71 84 83 1
0 45 43 91 42 40 85 1
0 43 92 91 40 86 85 1
0 93 94 3 87 88 3 1
0 94 2 3 88 2 3 1
0 95 25 96 89 24 90 1
0 25 24 96 24 23 90 1
0 97 29 98 91 27 91 1
0 29 28 98 27 27 91 1
0 99 37 7 92 34 7 1
0 37 36 7 34 33 7 1
0 100 82 101 93 76 93 1
0 82 80 101 76 75 93 1
0 47 102 49 44 94 45 1
0 102 103 49 94 95 45 1
0 104 33 105 96 30 97 1
0 33 32 105 30 29 97 1
0 106 107 108 98 99 100 1
0 107 109 108 99 101 100 1
0 110 111 112 102 103 104 1
0 111 113 112 103 105 104 1
0 114 115 116 106 107 108 1
0 115 117 116 107 109 108 1
0 118 119 120 110 111 112 1
0 119 121 120 111 113 112 1
0 122 123 124 114 115 116 1
0 123 125 124 115 115 116 1
0 126 127 128 117 118 119 1
0 127 129 128 118 120 119 1
0 116 130 114 108 121 106 1
0 130 131 114 121 122 106 1
0 132 110 133 123 102 124 1
0 110 112 133 102 104 124 1
0 134 118 135 125 110 126 1
0 118 120 135 110 112 126 1
0 136 122 137 127 114 127 1
0 122 124 137 114 116 127 1
0 138 126 139 128 117 129 1
0 126 128 139 117 119 129 1
0 140 106 141 130 98 131 1
0 106 108 141 98 100 131 1

Materials: 7
"Tex_0000_0_dds"
1.000000 1.000000 1.000000 1.000000
0.800000 0.800000 0.800000 1.000000
0.500000 0.500000 0.500000 1.000000
1.000000 1.000000 1.000000 1.000000
0.185600
1.000000
"Tex_0000_0.png"
""
"Tex_0001_0_dds"
1.000000 1.000000 1.000000 1.000000
0.800000 0.800000 0.800000 1.000000
0.500000 0.500000 0.500000 1.000000
1.000000 1.000000 1.000000 1.000000
0.185600
1.000000
"Tex_0007_0.png"
""
"Tex_0002_0_dds"
1.000000 1.000000 1.000000 1.000000
0.800000 0.800000 0.800000 1.000000
0.500000 0.500000 0.500000 1.000000
1.000000 1.000000 1.000000 1.000000
0.185600
1.000000
"Tex_0002_0.png"
""
"Tex_0005_0_dds"
1.000000 1.000000 1.000000 0.690000
0.800000 0.800000 0.800000 0.690000
0.500000 0.500000 0.500000 0.690000
1.000000 1.000000 1.000000 0.690000
0.185600
0.690000
"Tex_0005_0.ini"
""
"Tex_0006_0_dds"
1.000000 1.000000 1.000000 0.670000
0.800000 0.800000 0.800000 0.670000
0.500000 0.500000 0.500000 0.670000
1.000000 1.000000 1.000000 0.670000
0.185600
0.670000
"Tex_0005_1.ini"
""
"Tex_0007_0_dds"
1.000000 1.000000 1.000000 1.000000
0.800000 0.800000 0.800000 1.000000
0.500000 0.500000 0.500000 1.000000
1.000000 1.000000 1.000000 1.000000
0.185600
1.000000
"Tex_0007_0.png"
""
"Material01"
0.200000 0.200000 0.200000 0.460000
0.800000 0.800000 0.800000 0.460000
0.000000 0.000000 0.000000 0.460000
1.000000 1.000000 1.000000 0.460000
0.000000
0.460000
"Tex_0000_0.png"
""

Bones: 0
GroupComments: 0
MaterialComments: 0
BoneComments: 0
ModelComment: 0
