Bones: 1
"12.joint_HipMaster"
""
8 0 0 0 0 -0 0
2950
0 -1.830690 0 2.507471
2 -1.642328 0 2.206906
3 -1.530584 0 1.922021
4 -1.484082 0 1.690435
5 -1.516081 0 1.532796
6 -1.526881 0 1.477662
7 -1.521085 0 1.519394
8 -1.544972 0 1.689888
9 -1.567537 0 1.949047
10 -1.569763 0 2.205793
11 -1.601784 0 2.354016
12 -1.670318 0 2.336871
13 -1.749893 0 2.196154
14 -1.728352 0 2.049728
15 -1.660273 0 1.833011
16 -1.496831 0 1.722334
17 -1.394657 0 1.704498
18 -1.344143 0 1.786404
19 -1.332895 0 1.810715
20 -1.317706 0 1.769452
21 -1.229388 0 1.626098
22 -1.150699 0 1.476964
23 -1.105208 0 1.448799
24 -1.125108 0 1.570075
25 -1.126581 0 1.686401
26 -1.082714 0 1.755751
27 -1.061053 0 1.702222
28 -1.065966 0 1.616319
29 -1.071974 0 1.508844
30 -1.044974 0 1.406681
31 -1.050060 0 1.453950
32 -0.971035 0 1.642500
33 -0.909533 0 1.770698
34 -0.789948 0 1.878393
35 -0.687187 0 1.956267
36 -0.676470 0 2.127737
37 -0.775935 0 2.322605
38 -0.915589 0 2.473343
39 -0.991006 0 2.525383
40 -1.042106 0 2.431277
41 -1.009300 0 2.302282
42 -0.911261 0 2.252738
43 -0.840015 0 2.328681
44 -0.811404 0 2.489292
45 -0.853287 0 2.556184
46 -0.867416 0 2.500531
47 -0.882220 0 2.353625
48 -0.871039 0 2.140603
49 -0.866276 0 1.955867
50 -0.920181 0 1.874545
51 -0.995506 0 1.903365
52 -1.030840 0 1.984619
53 -1.018107 0 2.118994
54 -1.001406 0 2.155793
55 -0.969144 0 2.124301
56 -0.900039 0 2.025244
57 -0.833280 0 1.875942
58 -0.748047 0 1.683601
59 -0.604348 0 1.487186
60 -0.401782 0 1.331773
61 -0.203761 0 1.207510
62 -0.038201 0 1.208388
62.999996 0.111071 0 1.253192
64 0.255794 0 1.398807
65 0.414346 0 1.551538
66 0.532400 0 1.646725
67 0.711666 0 1.635603
68 0.958157 0 1.522258
69 1.167028 0 1.357436
70 1.375301 0 1.174487
71 1.582899 0 1.070263
72 1.859516 0 1.022460
73 2.190887 0 1.016144
74 2.536772 0 1.040092
75 2.879266 0 1.084894
76 3.168275 0 1.142495
77 3.462829 0 1.213814
78 3.710899 0 1.285105
79 3.931905 0 1.365384
80 4.063518 0 1.424546
81 4.160640 0 1.531006
82 4.244743 0 1.607418
83 4.270652 0 1.671180
84 4.214551 0 1.713147
85 4.104915 0 1.751323
86 4.009739 0 1.801885
87 3.887348 0 1.871918
88 3.727997 0 1.951280
89 3.541866 0 2.028496
90 3.316481 0 2.098086
91 3.135720 0 2.105551
92 3.018037 0 2.048878
93 2.981962 0 1.927648
94 2.899435 0 1.802052
95 2.763757 0 1.685068
96 2.609329 0 1.648308
97 2.463127 0 1.726200
98 2.340936 0 1.752204
99 2.204121 0 1.753391
100 2.083159 0 1.743021
101 1.926307 0 1.785571
102 1.781205 0 1.891146
103 1.701795 0 2.036420
104 1.621361 0 2.172401
105 1.558510 0 2.246344
106 1.531417 0 2.268491
107 1.578861 0 2.234206
108 1.553712 0 2.181714
109 1.486056 0 2.098152
110 1.367455 0 2.055240
111 1.243815 0 2.009914
112 1.125953 0 1.924349
113 0.970518 0 1.925036
114 0.921649 0 1.964110
115 0.860094 0 2.009709
116 0.857931 0 2.094844
117 0.883622 0 2.136288
118 0.882881 0 2.133481
119 0.906997 0 2.108469
120 0.885650 0 2.024981
121.000008 0.804173 0 1.972194
122 0.739250 0 1.965317
122.999992 0.651709 0 2.075908
124 0.616799 0 2.185019
125 0.613917 0 2.305480
125.999992 0.641228 0 2.414645
127 0.652741 0 2.474327
128 0.660612 0 2.550976
129 0.675433 0 2.582208
130 0.665465 0 2.608521
131 0.679498 0 2.617946
132 0.662436 0 2.588661
133 0.621308 0 2.569253
134 0.560130 0 2.472001
135 0.474289 0 2.391430
136 0.371880 0 2.323376
137 0.267600 0 2.269861
138 0.135762 0 2.263851
139 0.032426 0 2.280250
140 -0.067384 0 2.301015
141 -0.125275 0 2.346613
142 -0.138355 0 2.436892
143 -0.090421 0 2.581568
144 0.038694 0 2.754214
145 0.232425 0 2.929117
146 0.444164 0 3.008595
147 0.602189 0 3.073032
148 0.664984 0 3.116859
149 0.685762 0 3.178136
150 0.760798 0 3.231487
151 0.821079 0 3.327504
152 0.871050 0 3.424818
153 0.869510 0 3.436433
154 0.786041 0 3.370634
155 0.604026 0 3.243245
156 0.357282 0 3.085987
157 0.037725 0 2.939589
158 -0.198965 0 2.703082
159 -0.320803 0 2.468548
160 -0.304046 0 2.348140
161 -0.236945 0 2.442575
162 -0.282692 0 2.615180
163 -0.370052 0 2.698935
164 -0.456331 0 2.732470
165 -0.437441 0 2.807866
166 -0.313842 0 2.996863
167 -0.054145 0 3.197495
168 0.178796 0 3.448768
169 0.449699 0 3.688030
170 0.771866 0 3.902258
171 1.090936 0 4.108521
172 1.481974 0 4.305164
173 1.894269 0 4.511164
174 2.278881 0 4.696431
175 2.660456 0 4.861187
176 3.036227 0 5.053032
177 3.332835 0 5.200857
178 3.578892 0 5.242185
179 3.643091 0 5.163171
180 3.410532 0 5.020973
181 3.022072 0 4.761272
182 2.672469 0 4.571486
183 2.432016 0 4.484285
184 2.180702 0 4.483469
185 1.953773 0 4.438402
186 1.711607 0 4.360323
187 1.496807 0 4.292556
188 1.249745 0 4.232966
189 0.930939 0 4.209008
190 0.579559 0 4.131037
191 0.243880 0 3.979068
192 0.041001 0 3.837770
193 -0.101708 0 3.728447
194 -0.183376 0 3.655209
195 -0.175107 0 3.647040
196 -0.096447 0 3.691917
197 0.065152 0 3.832955
198 0.251312 0 3.957002
199 0.363420 0 4.038216
200 0.484791 0 4.154705
201 0.596261 0 4.208028
202 0.659890 0 4.190233
203 0.624672 0 4.204962
204 0.681492 0 4.221176
205 0.829966 0 4.241695
206 0.934257 0 4.274206
207 0.898965 0 4.254957
208 0.798848 0 4.280533
209 0.646553 0 4.232615
210 0.468690 0 4.168641
211 0.276334 0 4.111123
212 0.124564 0 4.140853
213 -0.001836 0 4.162119
214 -0.130753 0 4.081259
215 -0.284203 0 3.925636
216 -0.418448 0 3.827737
217 -0.674986 0 3.698829
218 -0.954361 0 3.585981
219 -1.053735 0 3.447262
220 -1.082714 0 3.309781
221 -1.130710 0 3.243353
222 -1.131545 0 3.218897
223 -1.060937 0 3.246893
224 -0.906201 0 3.257073
225 -0.732386 0 3.296535
226 -0.602339 0 3.346554
227 -0.425452 0 3.461379
228 -0.129710 0 3.533853
229 0.133223 0 3.582246
230 0.259615 0 3.583595
231 0.236952 0 3.523307
232 0.312535 0 3.428122
233 0.555540 0 3.422052
234 0.715664 0 3.379488
235 0.703321 0 3.361470
236 0.495287 0 3.311841
237 0.229840 0 3.257729
238 0.002449 0 3.145802
239 -0.173358 0 3.087091
240 -0.288532 0 3.148493
240.999985 -0.315003 0 3.149720
242.000015 -0.377681 0 3.068576
243 -0.440867 0 2.924019
244 -0.526067 0 2.879128
245 -0.627501 0 2.889703
245.999985 -0.729807 0 2.883953
247.000015 -0.778535 0 2.812197
248 -0.780233 0 2.672991
249 -0.818987 0 2.561972
250 -0.946497 0 2.463176
250.999985 -1.004387 0 2.397692
251.999985 -0.983210 0 2.338935
253.000015 -0.930238 0 2.285762
254 -0.845293 0 2.248451
255 -0.776872 0 2.321306
256 -0.764397 0 2.382638
257 -0.734605 0 2.461784
258 -0.760856 0 2.509579
259 -0.749533 0 2.593308
260 -0.801865 0 2.646331
261 -0.865414 0 2.643779
262 -0.931112 0 2.651804
263 -1.009238 0 2.589672
264 -1.060830 0 2.543576
265 -1.056377 0 2.468763
266 -1.034126 0 2.363700
267 -0.996282 0 2.226328
268 -1.013904 0 2.147202
269 -1.079351 0 2.058431
270 -1.151426 0 2.024672
271 -1.226179 0 1.956591
272 -1.320186 0 1.876882
273 -1.388473 0 1.842810
274 -1.513908 0 1.831080
275 -1.683412 0 1.886581
276 -1.827114 0 1.954668
277 -1.982784 0 2.006801
278 -2.193705 0 2.064815
279 -2.356437 0 2.169971
280 -2.530708 0 2.231256
281 -2.658987 0 2.287275
282 -2.697788 0 2.315614
283 -2.629771 0 2.289835
284 -2.468242 0 2.199951
285 -2.316403 0 2.064390
286 -2.218582 0 1.937044
287 -2.194113 0 1.804993
288 -2.234956 0 1.668157
289 -2.308773 0 1.557269
290 -2.353161 0 1.451250
291 -2.409213 0 1.365995
292 -2.424335 0 1.322137
293 -2.446634 0 1.289923
294 -2.425626 0 1.259347
295 -2.432266 0 1.179926
296 -2.421973 0 0.994965
297 -2.417877 0 0.821505
298 -2.431773 0 0.637345
299 -2.456295 0 0.452179
300 -2.496354 0 0.327207
301 -2.552224 0 0.272428
302 -2.572032 0 0.290146
303 -2.508003 0 0.227197
304 -2.414626 0 0.097465
305 -2.287986 0 -0.123358
306 -2.241921 0 -0.383449
307 -2.229827 0 -0.567475
308 -2.195422 0 -0.748517
309 -2.108208 0 -0.915510
310 -2.026164 0 -1.073924
311 -1.946730 0 -1.259775
312 -1.891783 0 -1.445489
313 -1.843009 0 -1.589865
314 -1.761582 0 -1.770158
315 -1.714473 0 -1.871513
316 -1.609636 0 -1.944555
317 -1.487397 0 -2.092039
318 -1.411713 0 -2.267967
319 -1.328766 0 -2.441092
320 -1.284539 0 -2.651343
321 -1.256467 0 -2.806716
322 -1.235845 0 -2.938592
323 -1.266747 0 -3.079092
324 -1.312395 0 -3.166467
325 -1.369370 0 -3.208887
326 -1.441556 0 -3.198500
327 -1.469936 0 -3.171605
328 -1.489973 0 -3.155536
329 -1.466710 0 -3.134334
330 -1.431304 0 -3.084801
331 -1.377006 0 -3.045365
332 -1.287724 0 -2.946869
333 -1.255384 0 -2.859164
334 -1.196237 0 -2.759121
335 -1.136163 0 -2.564170
336 -1.023153 0 -2.321465
337 -0.963251 0 -2.020814
338 -0.912146 0 -1.665814
339 -0.868415 0 -1.224125
340 -0.794003 0 -0.824172
341 -0.706943 0 -0.438809
342 -0.592947 0 -0.140398
343 -0.487444 0 0.136308
344 -0.439029 0 0.428495
345 -0.359541 0 0.705101
346 -0.302184 0 1.026300
347 -0.206034 0 1.300096
348 -0.177359 0 1.500989
349 -0.156689 0 1.651947
350 -0.159575 0 1.809971
351 -0.146271 0 1.905515
352 -0.165791 0 2.014214
353 -0.178282 0 2.070939
354 -0.199995 0 2.127362
355 -0.225903 0 2.125582
356 -0.255240 0 2.120535
357 -0.275529 0 2.084694
358 -0.295032 0 2.032776
359 -0.338307 0 1.982636
360 -0.361172 0 1.932654
361 -0.353361 0 1.865569
362 -0.346252 0 1.832174
363 -0.330482 0 1.798670
364 -0.370026 0 1.776900
365 -0.441652 0 1.760686
366 -0.486763 0 1.712827
367 -0.551518 0 1.716675
368 -0.624256 0 1.709411
369 -0.690185 0 1.704272
370 -0.757702 0 1.684787
371 -0.837177 0 1.635783
372 -0.907672 0 1.572093
373 -0.975621 0 1.498998
374 -1.061869 0 1.400284
375 -1.163681 0 1.285797
376 -1.283957 0 1.156922
377 -1.433011 0 0.939849
378 -1.604425 0 0.727021
379 -1.821015 0 0.508450
380 -2.032398 0 0.340114
381 -2.173297 0 0.167369
382 -2.334136 0 0.050782
383 -2.517624 0 -0.019247
384 -2.633544 0 -0.106245
385 -2.777307 0 -0.161231
386 -2.936064 0 -0.192454
387 -3.112558 0 -0.235424
388 -3.273949 0 -0.242477
389 -3.457127 0 -0.247603
390 -3.571494 0 -0.251338
391 -3.726686 0 -0.253802
392 -3.851518 0 -0.222056
393 -3.999778 0 -0.222097
394 -4.118115 0 -0.191413
395 -4.255881 0 -0.180384
396 -4.368915 0 -0.141869
397 -4.484753 0 -0.131106
398 -4.624219 0 -0.102538
399 -4.778811 0 -0.127152
400 -4.948171 0 -0.151985
401 -5.142275 0 -0.213517
402 -5.307329 0 -0.208359
403 -5.403731 0 -0.241587
404 -5.427415 0 -0.196176
405 -5.491898 0 -0.127960
406 -5.684856 0 0.025268
407 -5.954658 0 0.138990
408 -6.179897 0 0.214987
409 -6.348968 0 0.241105
410 -6.526402 0 0.269126
411 -6.706577 0 0.310178
412 -6.986241 0 0.347714
413 -7.243000 0 0.375885
414 -7.530169 0 0.368700
415 -7.828157 0 0.350601
416 -8.188632 0 0.360643
417 -8.599714 0 0.405855
418 -8.944502 0 0.486301
419 -9.235284 0 0.532775
420 -9.380292 0 0.600622
421 -9.510183 0 0.705608
422 -9.612950 0 0.835999
423 -9.704916 0 0.917507
424 -9.785175 0 1.037040
425 -9.903686 0 1.116579
426 -9.973535 0 1.190925
427 -9.985773 0 1.243286
428 -10.012964 0 1.296365
429 -9.993749 0 1.321101
430 -9.960946 0 1.376328
431 -9.950882 0 1.416188
432 -9.909076 0 1.462000
433 -9.868137 0 1.483575
434 -9.814555 0 1.490062
435 -9.730412 0 1.481567
436 -9.597392 0 1.469364
437 -9.454827 0 1.479329
438 -9.266339 0 1.462612
439 -9.034513 0 1.458835
440 -8.775229 0 1.447863
441 -8.509151 0 1.397757
442 -8.212003 0 1.346721
443 -7.864980 0 1.311170
444 -7.436211 0 1.286757
445 -7.019837 0 1.304617
446 -6.569625 0 1.314528
447 -6.186923 0 1.295606
448 -5.774842 0 1.230368
449 -5.365485 0 1.183998
450 -4.935733 0 1.136029
451 -4.541101 0 1.160061
452 -4.190415 0 1.138356
453 -3.913915 0 1.114742
454 -3.693297 0 1.098477
455 -3.497638 0 1.084095
456 -3.293340 0 1.068263
457 -3.122566 0 1.037730
458 -2.969629 0 0.990442
459 -2.857792 0 0.991775
460 -2.752778 0 0.981047
461 -2.718425 0 0.947924
462 -2.641030 0 0.922675
463 -2.604032 0 0.918739
464 -2.540327 0 0.857110
465 -2.486140 0 0.799380
466 -2.445421 0 0.692261
467 -2.369332 0 0.529379
468 -2.235651 0 0.383452
469 -2.051792 0 0.322813
470 -1.827509 0 0.365264
471 -1.719353 0 0.450704
472 -1.627880 0 0.515564
473 -1.539914 0 0.570076
474 -1.471434 0 0.657323
475 -1.476729 0 0.735406
476 -1.517133 0 0.800600
477 -1.537940 0 0.860772
478 -1.537417 0 0.884914
479 -1.547528 0 0.897853
480 -1.547416 0 0.867897
480.999969 -1.510491 0 0.856494
481.999969 -1.451326 0 0.846245
483.000031 -1.365615 0 0.857712
484.000031 -1.311409 0 0.863689
485.000031 -1.253940 0 0.874485
486 -1.252456 0 0.816140
487 -1.326398 0 0.781929
488 -1.400014 0 0.789427
489 -1.415971 0 0.760413
490 -1.388231 0 0.725253
490.999969 -1.291091 0 0.638004
491.999969 -1.250210 0 0.632891
492.999969 -1.151135 0 0.633313
494.000031 -1.019307 0 0.627778
495.000031 -0.831214 0 0.609179
496 -0.695815 0 0.583846
497 -0.594297 0 0.550829
498 -0.477876 0 0.489889
499 -0.329600 0 0.473525
500 -0.209952 0 0.479666
501 -0.080967 0 0.504772
501.999969 0.072421 0 0.558018
502.999969 0.253185 0 0.563556
503.999969 0.435421 0 0.578560
505.000031 0.582721 0 0.624936
506.000031 0.710342 0 0.716791
507 0.786478 0 0.877411
508 0.840538 0 0.995602
509 0.954223 0 0.936456
510 1.042042 0 0.860089
511 1.176748 0 0.798607
512 1.235869 0 0.742340
513 1.248729 0 0.675057
514 1.300577 0 0.632082
515 1.317962 0 0.630206
516 1.246646 0 0.618474
517 1.161439 0 0.577414
518 1.017473 0 0.555646
519 0.877079 0 0.529195
520 0.739236 0 0.510139
521 0.622137 0 0.513063
522 0.529601 0 0.506369
523 0.374456 0 0.502904
524 0.194970 0 0.482267
525 -0.084196 0 0.458598
526 -0.370294 0 0.456155
527 -0.722341 0 0.501222
528 -1.013110 0 0.588141
529 -1.287835 0 0.685340
530 -1.534266 0 0.716096
531 -1.750533 0 0.746588
532 -1.939048 0 0.768945
533 -2.122147 0 0.815143
534 -2.345348 0 0.882557
535 -2.595906 0 0.959598
536 -2.865520 0 0.986496
537 -3.046701 0 1.032973
538 -3.212162 0 1.069484
539 -3.375720 0 1.131337
540 -3.548359 0 1.219128
541 -3.735192 0 1.317928
542 -3.936174 0 1.426357
543 -4.120679 0 1.515548
544 -4.304911 0 1.643455
545 -4.492927 0 1.753996
546 -4.673403 0 1.826612
547 -4.818830 0 1.918539
548 -5.009669 0 2.065708
549 -5.214370 0 2.223191
550 -5.360760 0 2.339147
551 -5.430421 0 2.406235
552 -5.412484 0 2.396077
553 -5.240924 0 2.363737
554 -4.955880 0 2.314394
555 -4.630549 0 2.261630
556 -4.290839 0 2.170823
557 -3.973828 0 2.113774
558 -3.700704 0 2.079893
559 -3.493975 0 2.072421
560 -3.248315 0 2.029693
561 -2.990735 0 1.991711
562 -2.712348 0 1.892708
563 -2.429977 0 1.867370
564 -2.150832 0 1.878756
565 -1.880598 0 1.979312
566 -1.648250 0 2.037095
567 -1.464227 0 2.054977
568 -1.312827 0 2.041777
569 -1.226595 0 2.045433
570 -1.130779 0 2.022122
571 -1.036642 0 1.973225
572 -0.942731 0 1.941365
573 -0.834833 0 1.936277
574 -0.739804 0 1.924222
575 -0.626939 0 1.931308
576 -0.592110 0 1.937159
577 -0.559877 0 1.923024
578 -0.532306 0 1.906279
579 -0.478573 0 1.893178
580 -0.398726 0 1.866220
581 -0.337455 0 1.864359
582 -0.298571 0 1.861282
583 -0.256220 0 1.872805
584 -0.249458 0 1.867945
585 -0.233769 0 1.855030
586 -0.214880 0 1.840720
587 -0.188153 0 1.828585
588 -0.150907 0 1.842798
589 -0.086014 0 1.863533
590 0.025483 0 1.873727
591 0.180606 0 1.901030
592 0.346422 0 1.890749
593 0.382549 0 1.878958
594 0.333430 0 1.900437
595 0.255435 0 1.929280
596 0.275713 0 1.953907
597 0.331553 0 1.948367
598 0.384441 0 1.933957
599 0.371584 0 1.934787
600 0.372204 0 1.949502
601 0.383629 0 1.976451
602 0.413596 0 1.988254
603 0.443631 0 1.990111
604 0.446658 0 1.987242
605 0.455033 0 1.993375
606 0.462179 0 2.046653
607 0.464258 0 2.096356
608 0.403159 0 2.118114
609 0.371555 0 2.159548
610 0.376225 0 2.228315
611 0.484416 0 2.290896
612 0.565002 0 2.340551
613 0.728518 0 2.307561
614 0.982416 0 2.223448
615 1.320377 0 2.018364
616 1.683334 0 1.815177
617 1.989570 0 1.615162
618 2.044334 0 1.612092
619 1.929034 0 1.682534
620 1.763134 0 1.693401
621 1.644225 0 1.613145
622 1.570552 0 1.489335
623 1.528275 0 1.400154
624 1.568709 0 1.363746
625 1.712475 0 1.383151
626 1.927935 0 1.445982
627 2.140237 0 1.455206
628 2.384305 0 1.456990
629 2.534290 0 1.429717
630 2.517316 0 1.454299
631 2.328582 0 1.515208
632 2.127090 0 1.686063
633 1.997849 0 1.813152
634 1.891846 0 1.919406
635 1.757288 0 1.942971
636 1.618369 0 1.922924
637 1.524098 0 1.869004
638 1.491490 0 1.834427
639 1.462574 0 1.758201
640 1.414050 0 1.731878
641 1.387796 0 1.697210
642 1.234265 0 1.718374
643 0.996989 0 1.745292
644 0.811976 0 1.730508
645 0.622328 0 1.749511
646 0.390919 0 1.750910
647 0.155026 0 1.689575
648 -0.091741 0 1.597809
649 -0.304879 0 1.482895
650 -0.585676 0 1.455228
651 -0.856830 0 1.528507
652 -1.097375 0 1.670157
653 -1.271088 0 1.837925
654 -1.483211 0 1.981266
655 -1.730136 0 2.135306
656 -2.057502 0 2.279898
657 -2.368377 0 2.387266
658 -2.578658 0 2.457478
659 -2.619183 0 2.533062
660 -2.593894 0 2.639079
661 -2.548132 0 2.717288
662 -2.564637 0 2.679633
663 -2.646699 0 2.551830
664 -2.748076 0 2.399082
665 -2.882380 0 2.294543
666 -3.014239 0 2.266729
667 -3.127344 0 2.279641
668 -3.204108 0 2.318609
669 -3.286748 0 2.318041
670 -3.352760 0 2.347948
671 -3.471160 0 2.365377
672 -3.667913 0 2.430698
673 -3.794580 0 2.474206
674 -3.840532 0 2.551959
675 -3.770648 0 2.582448
676 -3.679311 0 2.576952
677 -3.596655 0 2.561009
678 -3.522413 0 2.534998
679 -3.462507 0 2.528675
680 -3.443707 0 2.532182
681 -3.481147 0 2.554973
682 -3.517442 0 2.576126
683 -3.492807 0 2.619410
684 -3.438373 0 2.630675
685 -3.378851 0 2.601111
686 -3.325640 0 2.541091
687 -3.229503 0 2.492491
688 -3.132805 0 2.484955
689 -3.038457 0 2.547380
690 -2.979340 0 2.633498
691 -2.871096 0 2.730546
692 -2.757108 0 2.746059
693 -2.707223 0 2.789669
694 -2.654418 0 2.833959
695 -2.576967 0 2.922023
696 -2.511059 0 2.962294
697 -2.533012 0 2.970920
698 -2.582206 0 3.004462
699 -2.650535 0 3.030782
700 -2.684430 0 3.078676
701 -2.695169 0 3.091857
702 -2.721004 0 3.054821
703 -2.761811 0 3.070872
704 -2.840079 0 3.094169
705 -2.938922 0 3.154397
706 -3.096481 0 3.172708
707 -3.292058 0 3.186775
708 -3.488730 0 3.206719
709 -3.694491 0 3.145977
710 -3.922947 0 3.079545
711 -4.122792 0 3.061337
712 -4.320534 0 3.049231
713 -4.509214 0 3.089611
714 -4.670505 0 3.099155
715 -4.857737 0 3.108395
716 -5.050386 0 3.130705
717 -5.202942 0 3.156755
718 -5.370143 0 3.191359
719 -5.542594 0 3.258195
720 -5.717417 0 3.330074
721 -5.903515 0 3.404432
722 -6.021580 0 3.473845
723 -6.112110 0 3.559699
724 -6.174864 0 3.576436
725 -6.257606 0 3.658723
726 -6.363254 0 3.706595
727 -6.432706 0 3.724258
728 -6.440746 0 3.713073
729 -6.458985 0 3.722911
730 -6.442133 0 3.788427
731 -6.385240 0 3.891134
732 -6.305205 0 3.961446
733 -6.165673 0 3.945769
734 -6.028007 0 3.928159
735 -5.849494 0 3.910762
736 -5.636190 0 3.922912
737 -5.446896 0 3.986697
738 -5.217877 0 4.039711
739 -5.028641 0 4.152122
740 -4.837622 0 4.291641
741 -4.703084 0 4.405711
742 -4.621978 0 4.546991
743 -4.548770 0 4.669698
744 -4.466568 0 4.753694
745 -4.341889 0 4.769704
746 -4.215237 0 4.835309
747 -4.086826 0 4.943052
748 -3.989299 0 5.038445
749 -3.843759 0 5.067338
750 -3.676768 0 5.114141
751 -3.434257 0 5.121909
752 -3.253510 0 5.179715
753 -3.171530 0 5.291039
754 -3.142554 0 5.409759
755 -3.113630 0 5.404142
756 -3.048004 0 5.330794
757 -2.874558 0 5.232472
758 -2.655652 0 5.054833
759 -2.459653 0 4.860791
760 -2.284425 0 4.681859
761 -2.169529 0 4.522704
762 -2.123533 0 4.370778
763 -2.117017 0 4.225739
764 -2.201384 0 4.131480
765 -2.278549 0 4.114003
766 -2.357674 0 4.102395
767 -2.379592 0 4.091957
768 -2.362818 0 4.043221
769 -2.286361 0 3.984743
770 -2.240212 0 3.906508
771 -2.206853 0 3.820465
772 -2.206573 0 3.721267
773 -2.189650 0 3.578487
774 -2.189805 0 3.408602
775 -2.179459 0 3.210883
776 -2.221139 0 3.036850
777 -2.259608 0 2.910062
778 -2.261923 0 2.773149
779 -2.272977 0 2.656527
780 -2.269996 0 2.566630
781 -2.258002 0 2.449232
782 -2.232648 0 2.323331
783 -2.198612 0 2.200310
784 -2.140916 0 2.112050
785 -2.129733 0 2.034590
786 -2.132638 0 1.982084
787 -2.135249 0 1.955281
788 -2.120585 0 1.905250
789 -2.067376 0 1.885684
790 -1.977192 0 1.888808
791 -1.953915 0 1.900713
792 -1.965834 0 1.887365
793 -2.040180 0 1.868385
794 -2.134106 0 1.901410
795 -2.208896 0 1.938704
796 -2.248241 0 1.956239
797 -2.259644 0 1.983282
798 -2.219131 0 2.007717
799 -2.138374 0 2.028449
800 -2.036635 0 2.020247
801 -1.935398 0 1.973439
802 -1.824945 0 1.900062
803 -1.698439 0 1.825973
804 -1.602287 0 1.778437
805 -1.526803 0 1.685278
806 -1.521403 0 1.657107
807 -1.558813 0 1.696321
808 -1.627976 0 1.752463
809 -1.709802 0 1.831393
810 -1.794189 0 1.910856
811 -1.875117 0 1.975086
812 -1.953334 0 2.074006
813 -2.034200 0 2.147450
814 -2.074617 0 2.242667
815 -2.188565 0 2.358606
816 -2.304400 0 2.457635
817 -2.438286 0 2.575369
818 -2.493122 0 2.628784
819 -2.516849 0 2.633206
820 -2.537363 0 2.641497
821 -2.568800 0 2.606890
822 -2.639186 0 2.638165
823 -2.706390 0 2.710713
824 -2.725034 0 2.809485
825 -2.655577 0 2.888819
826 -2.643908 0 3.031279
827 -2.688122 0 3.207883
828 -2.793944 0 3.451777
829 -2.801661 0 3.703520
830 -2.716349 0 3.961279
831 -2.554989 0 4.130934
832 -2.434770 0 4.225441
833 -2.321456 0 4.192724
834 -2.218078 0 4.089470
835 -2.125872 0 3.913590
836 -2.040106 0 3.692288
837 -1.866487 0 3.480261
838 -1.649737 0 3.258021
839 -1.438888 0 3.083015
840 -1.234342 0 2.973196
841 -1.065773 0 2.922551
842 -0.929759 0 2.886662
843 -0.838896 0 2.858333
844 -0.715241 0 2.818846
845 -0.594353 0 2.818947
846 -0.462234 0 2.842383
847 -0.376192 0 2.923864
848 -0.306379 0 2.926376
849 -0.171710 0 2.839361
850 -0.094423 0 2.675666
851 -0.040753 0 2.448216
852 -0.028455 0 2.213539
853 0.001693 0 2.044475
854 -0.050614 0 1.982687
855 -0.160288 0 1.922464
856 -0.331539 0 1.895009
857 -0.481491 0 1.878289
858 -0.652399 0 1.917898
859 -0.857798 0 1.940970
860 -1.166991 0 1.924260
861 -1.492365 0 1.927134
862 -1.747201 0 1.966826
863 -1.864832 0 1.985762
864 -1.990620 0 1.979238
865 -2.112159 0 1.940459
866 -2.263011 0 1.956805
867 -2.390468 0 1.956954
868 -2.581219 0 2.029713
869 -2.703278 0 2.097129
870 -2.756964 0 2.123054
871 -2.665494 0 2.066318
872 -2.409051 0 1.887675
873 -2.083983 0 1.722426
874 -1.808921 0 1.608194
875 -1.624988 0 1.600731
876 -1.598817 0 1.625504
877 -1.567067 0 1.695559
878 -1.576703 0 1.750358
879 -1.557756 0 1.811383
880 -1.548428 0 1.855931
881 -1.472516 0 1.853649
882 -1.412950 0 1.820159
883 -1.346909 0 1.792660
884 -1.228377 0 1.802395
885 -1.015570 0 1.866342
886 -0.731335 0 1.952543
887 -0.455481 0 2.052333
888 -0.155177 0 2.133651
889 0.118257 0 2.182222
890 0.286475 0 2.203554
891 0.295478 0 2.160247
892 0.208022 0 2.167405
893 0.033733 0 2.237694
894 -0.067909 0 2.421544
895 -0.042013 0 2.621782
896 0.112080 0 2.743497
897 0.207349 0 2.766568
898 0.235939 0 2.741676
899 0.212265 0 2.766437
900 0.130422 0 2.814991
901 0.127683 0 2.910416
902 0.106983 0 2.976627
903 0.123587 0 3.105174
904 0.191938 0 3.199600
905 0.272112 0 3.221299
906 0.408193 0 3.142446
907 0.512895 0 2.983521
908 0.502152 0 2.799473
909 0.477947 0 2.561662
910 0.382889 0 2.336506
911 0.296453 0 2.160489
912 0.217612 0 2.217945
913 0.222896 0 2.456399
914 0.287395 0 2.774302
915 0.348199 0 3.004938
916 0.380345 0 3.116304
917 0.412541 0 3.163531
918 0.483309 0 3.186553
919 0.598069 0 3.198879
920 0.723081 0 3.098291
921 0.917502 0 2.936773
922 1.068143 0 2.755297
923 1.251086 0 2.574195
924 1.349452 0 2.420194
925 1.362579 0 2.267747
926 1.415316 0 2.153994
927 1.484168 0 2.137858
928 1.558148 0 2.240950
929 1.644873 0 2.306936
930 1.627877 0 2.304798
931 1.498471 0 2.255844
932 1.351593 0 2.241089
933 1.323692 0 2.251646
934 1.282330 0 2.267963
935 1.147698 0 2.274186
936 0.913746 0 2.280871
937 0.692679 0 2.230474
938 0.477178 0 2.161324
939 0.243720 0 2.056003
940 -0.119737 0 1.889359
941 -0.503527 0 1.785021
942 -0.851179 0 1.695236
943 -1.124772 0 1.706139
944 -1.295491 0 1.790419
945 -1.352976 0 1.898149
946 -1.386878 0 1.980129
947 -1.326023 0 2.090669
948 -1.362191 0 2.223498
949 -1.478406 0 2.389652
950 -1.653173 0 2.492986
951 -1.891424 0 2.522799
952 -2.062066 0 2.485356
953 -2.153928 0 2.550134
954 -2.252636 0 2.662365
955 -2.372121 0 2.799903
956 -2.559419 0 2.870198
957 -2.744471 0 2.857098
958 -2.882510 0 2.828735
959 -2.986585 0 2.870892
960 -3.105411 0 2.929729
960.999939 -3.267344 0 2.950581
961.999939 -3.359709 0 3.021317
962.999939 -3.399393 0 3.131660
963.999939 -3.327340 0 3.321360
964.999939 -3.230345 0 3.554977
966.000061 -3.191673 0 3.740222
967.000061 -3.224808 0 3.869876
968.000061 -3.216159 0 4.024129
969.000061 -3.121031 0 4.203912
970.000061 -2.999449 0 4.384795
971 -2.895488 0 4.529590
972 -2.788164 0 4.653927
973 -2.716278 0 4.745442
974 -2.661148 0 4.883345
975 -2.598372 0 4.999788
976 -2.570295 0 5.066001
977 -2.520467 0 5.122492
978 -2.423302 0 5.152332
979 -2.395387 0 5.200173
980 -2.416899 0 5.222561
981 -2.495819 0 5.250825
981.999939 -2.563112 0 5.253465
982.999939 -2.627767 0 5.257439
983.999939 -2.624478 0 5.235352
984.999939 -2.598451 0 5.217604
985.999939 -2.579195 0 5.140201
987.000061 -2.529329 0 5.099385
988.000061 -2.447963 0 5.066784
989.000061 -2.408177 0 5.024120
990.000061 -2.319278 0 4.963398
991.000061 -2.231307 0 4.872202
992 -2.106749 0 4.763208
993 -1.980979 0 4.736223
994 -1.843125 0 4.732508
995 -1.688544 0 4.679918
996 -1.544827 0 4.507248
997 -1.451577 0 4.262367
998 -1.378927 0 3.943282
999 -1.387888 0 3.668708
1000 -1.438398 0 3.423911
1001 -1.484350 0 3.225298
1002 -1.483998 0 3.064680
1003 -1.482734 0 2.901434
1003.999939 -1.397893 0 2.750137
1004.999939 -1.310318 0 2.659472
1005.999939 -1.188365 0 2.760112
1006.999939 -1.120124 0 2.972383
1007.999939 -1.159837 0 3.177693
1009.000061 -1.275600 0 3.343425
1010.000061 -1.414981 0 3.418238
1011.000061 -1.419705 0 3.385265
1012.000061 -1.286214 0 3.414484
1013.000061 -1.078244 0 3.462713
1014 -0.981115 0 3.434785
1015 -0.839877 0 3.252851
1016 -0.600401 0 3.090788
1017 -0.369142 0 2.975226
1018 -0.199917 0 2.816119
1019 -0.073183 0 2.547669
1020 -0.000744 0 2.225844
1021 0.023964 0 1.898998
1022 0.047907 0 1.567026
1023 0.079762 0 1.347023
1024 0.109231 0 1.191491
1025 0.123666 0 1.074109
1026 0.103521 0 0.996622
1027 0.079224 0 0.881858
1028 0.006771 0 0.797466
1029 -0.022322 0 0.732421
1030 0.006276 0 0.679935
1031 0.074056 0 0.624046
1032 0.212377 0 0.564548
1033 0.269841 0 0.491642
1034 0.216441 0 0.474467
1035 0.063901 0 0.448275
1036 -0.130878 0 0.462777
1037 -0.295973 0 0.527059
1038 -0.418834 0 0.653197
1039 -0.529613 0 0.826141
1040 -0.668278 0 0.963719
1041 -0.822016 0 1.083315
1042 -0.941025 0 1.218206
1043 -1.034004 0 1.449474
1044 -1.080773 0 1.693558
1045 -1.111141 0 1.904470
1046 -1.145566 0 2.008690
1047 -1.202819 0 2.005630
1048 -1.296818 0 1.970566
1049 -1.380273 0 1.833657
1050 -1.438385 0 1.713064
1051 -1.476771 0 1.593300
1052 -1.528385 0 1.413569
1053 -1.551405 0 1.140079
1054 -1.491617 0 0.827284
1055 -1.406522 0 0.640450
1056 -1.243211 0 0.571885
1057 -1.074764 0 0.607071
1058 -0.854989 0 0.758664
1059 -0.720592 0 0.982874
1060 -0.689707 0 1.243747
1061 -0.737823 0 1.486100
1062 -0.777377 0 1.721485
1063 -0.839205 0 1.913619
1064 -0.886881 0 2.059893
1065 -0.915877 0 2.179091
1066 -0.924325 0 2.258077
1067 -0.978136 0 2.362560
1068 -1.014421 0 2.482331
1069 -1.071226 0 2.635220
1070 -1.079543 0 2.888258
1071 -1.115507 0 3.133030
1072 -1.248587 0 3.355787
1073 -1.375489 0 3.530908
1074 -1.498935 0 3.612190
1075 -1.584650 0 3.642283
1076 -1.619625 0 3.678271
1077 -1.606886 0 3.718222
1078 -1.500214 0 3.792975
1079 -1.398543 0 4.017334
1080 -1.305939 0 4.323276
1081 -1.207430 0 4.654103
1082 -1.180219 0 5.068612
1083 -1.122877 0 5.484725
1084 -1.117562 0 5.899606
1085 -1.114201 0 6.318951
1086 -1.143159 0 6.730887
1087 -1.177030 0 7.071748
1088 -1.151631 0 7.443760
1089 -1.150977 0 7.742034
1090 -1.136989 0 8.022241
1091 -1.137460 0 8.267183
1092 -1.069801 0 8.434599
1093 -0.999061 0 8.638586
1094 -0.902842 0 8.815454
1095 -0.820608 0 8.990297
1096 -0.761743 0 9.186758
1097 -0.716466 0 9.366621
1098 -0.650826 0 9.521740
1099 -0.593732 0 9.652238
1100 -0.577993 0 9.830390
1101 -0.570507 0 9.961973
1102 -0.613587 0 10.063353
1103 -0.626843 0 10.191091
1104 -0.594536 0 10.318680
1105 -0.515708 0 10.428096
1106 -0.403003 0 10.527185
1107 -0.361804 0 10.628427
1108 -0.375893 0 10.773466
1109 -0.414380 0 10.854673
1110 -0.414320 0 10.881650
1111 -0.427332 0 10.917071
1112 -0.443845 0 10.976563
1113 -0.465363 0 11.023932
1114 -0.498272 0 11.080286
1115 -0.527301 0 11.106837
1116 -0.603044 0 11.142066
1117 -0.664648 0 11.174818
1118 -0.632061 0 11.235476
1119 -0.568641 0 11.305118
1120 -0.462902 0 11.297545
1121 -0.452271 0 11.319571
1122 -0.501244 0 11.307677
1123 -0.529319 0 11.325690
1124 -0.514367 0 11.365206
1125 -0.499616 0 11.475774
1126 -0.428541 0 11.595772
1127 -0.427227 0 11.615961
1128 -0.477201 0 11.612898
1129 -0.596373 0 11.572164
1130 -0.773103 0 11.603136
1131 -0.976315 0 11.598184
1132 -1.203826 0 11.595438
1133 -1.448713 0 11.573916
1134 -1.685723 0 11.534948
1135 -1.939971 0 11.475054
1136 -2.206860 0 11.390707
1137 -2.492141 0 11.287200
1138 -2.833899 0 11.264842
1139 -3.087611 0 11.253077
1140 -3.314407 0 11.243890
1141 -3.503840 0 11.223850
1142 -3.707472 0 11.193823
1143 -3.831982 0 11.135108
1144 -3.971426 0 11.121034
1145 -4.045087 0 11.072274
1146 -4.111723 0 11.063254
1147 -4.214904 0 11.036054
1148 -4.305286 0 11.062670
1149 -4.388971 0 11.072723
1150 -4.452888 0 11.059270
1151 -4.546557 0 11.068016
1152 -4.670307 0 11.030368
1153 -4.838843 0 11.001932
1154 -4.980815 0 10.985402
1155 -5.090707 0 10.952031
1156 -5.143808 0 10.900753
1157 -5.097454 0 10.822824
1158 -5.052892 0 10.745027
1159 -4.931817 0 10.635519
1160 -4.803856 0 10.523932
1161 -4.636712 0 10.433712
1162 -4.474218 0 10.344087
1163 -4.349221 0 10.307494
1164 -4.311794 0 10.255691
1165 -4.274551 0 10.285912
1166 -4.234814 0 10.327469
1167 -4.189688 0 10.377004
1168 -4.143175 0 10.423243
1169 -4.131277 0 10.461342
1170 -4.118330 0 10.416727
1171 -4.087588 0 10.324035
1172 -4.034731 0 10.209325
1173 -3.928057 0 10.089691
1174 -3.785977 0 9.977539
1175 -3.581072 0 9.839150
1176 -3.350035 0 9.616494
1177 -3.121616 0 9.363053
1178 -2.977078 0 9.163294
1179 -2.805322 0 9.012720
1180 -2.713092 0 8.924279
1181 -2.608541 0 8.854089
1182 -2.549901 0 8.840770
1183 -2.522929 0 8.848269
1184 -2.460083 0 8.865242
1185 -2.429904 0 8.900036
1186 -2.449248 0 8.924930
1187 -2.507782 0 8.981344
1188 -2.622517 0 9.000274
1189 -2.622072 0 9.055823
1190 -2.585714 0 9.049858
1191 -2.555680 0 9.036343
1192 -2.494847 0 9.003575
1193 -2.405608 0 8.972335
1194 -2.269660 0 8.918264
1195 -2.120840 0 8.851241
1196 -1.990456 0 8.801484
1197 -1.897290 0 8.758119
1198 -1.782853 0 8.710604
1199 -1.685114 0 8.644726
1200 -1.621211 0 8.633545
1201 -1.590590 0 8.607717
1202 -1.493252 0 8.485225
1203 -1.310563 0 8.355530
1204 -1.212369 0 8.342180
1205 -1.209305 0 8.348963
1206 -1.168205 0 8.363266
1207 -1.142159 0 8.350879
1208 -1.051855 0 8.354524
1209 -0.952845 0 8.380221
1210 -0.902113 0 8.400101
1211 -0.881654 0 8.466609
1212 -0.910903 0 8.488025
1213 -0.907771 0 8.523395
1214 -0.863532 0 8.512918
1215 -0.744047 0 8.418699
1216 -0.685053 0 8.298120
1217 -0.665029 0 8.231047
1218 -0.671190 0 8.231344
1219 -0.636762 0 8.236773
1220 -0.605091 0 8.266203
1221 -0.606776 0 8.219619
1222 -0.597988 0 8.200948
1223 -0.589228 0 8.181089
1224 -0.603532 0 8.168075
1225 -0.604791 0 8.190826
1226 -0.602862 0 8.223029
1227 -0.613882 0 8.241787
1228 -0.618025 0 8.234322
1229 -0.691052 0 8.241844
1230 -0.824983 0 8.334270
1231 -0.962538 0 8.441770
1232 -1.072001 0 8.558460
1233 -1.109919 0 8.573257
1234 -1.148307 0 8.602734
1235 -1.119990 0 8.592812
1236 -1.128610 0 8.555732
1237 -1.108483 0 8.531919
1238 -1.115404 0 8.467426
1239 -1.069137 0 8.384565
1240 -1.075490 0 8.296505
1241 -1.161967 0 8.283766
1242 -1.346143 0 8.301246
1243 -1.546487 0 8.315188
1244 -1.629041 0 8.382455
1245 -1.569918 0 8.393503
1246 -1.495152 0 8.364999
1247 -1.418908 0 8.262177
1248 -1.303270 0 8.142084
1249 -1.110719 0 7.955745
1250 -0.936650 0 7.818964
1251 -0.794296 0 7.695599
1252 -0.700161 0 7.656026
1253 -0.670018 0 7.652164
1254 -0.649655 0 7.658538
1255 -0.627382 0 7.690162
1256 -0.532585 0 7.740847
1257 -0.398931 0 7.784212
1258 -0.225374 0 7.846913
1259 -0.044717 0 7.829016
1260 0.092314 0 7.714416
1261 0.190663 0 7.614889
1262 0.313759 0 7.431209
1263 0.472542 0 7.243199
1264 0.625837 0 7.040318
1265 0.765012 0 6.860969
1266 0.864772 0 6.772446
1267 0.945373 0 6.743149
1268 1.042980 0 6.762240
1269 1.150860 0 6.796555
1270 1.284054 0 6.842854
1271 1.396059 0 6.942520
1272 1.525606 0 7.111794
1273 1.628090 0 7.208470
1274 1.774453 0 7.130600
1275 1.907708 0 6.951766
1276 1.969221 0 6.767530
1277 1.933592 0 6.680303
1278 1.951374 0 6.680383
1279 1.981884 0 6.737921
1280 1.966906 0 6.777794
1281 1.862533 0 6.794398
1282 1.750472 0 6.717447
1283 1.591246 0 6.619443
1284 1.446612 0 6.518811
1285 1.327801 0 6.424474
1286 1.211311 0 6.374279
1287 1.155719 0 6.244415
1288 1.039031 0 6.098126
1289 0.927690 0 5.923086
1290 0.851431 0 5.795267
1291 0.743301 0 5.733448
1292 0.624325 0 5.662478
1293 0.507271 0 5.658432
1294 0.429505 0 5.645557
1295 0.341805 0 5.683541
1296 0.244589 0 5.729173
1297 0.097804 0 5.745829
1298 -0.072407 0 5.741129
1299 -0.260320 0 5.627648
1300 -0.462913 0 5.507499
1301 -0.604364 0 5.391798
1302 -0.754970 0 5.250707
1303 -0.858707 0 5.151600
1304 -0.974154 0 5.070310
1305 -1.053572 0 4.983139
1306 -1.061786 0 4.871366
1307 -0.978764 0 4.736833
1308 -0.864866 0 4.597637
1309 -0.763756 0 4.451739
1310 -0.695708 0 4.304452
1311 -0.661339 0 4.144804
1312 -0.638324 0 3.968128
1313 -0.603278 0 3.780286
1314 -0.530718 0 3.561741
1315 -0.479950 0 3.408165
1316 -0.373924 0 3.348286
1317 -0.308559 0 3.306043
1318 -0.174882 0 3.307289
1319 -0.080993 0 3.321576
1320 0.032328 0 3.351107
1321 0.167583 0 3.369752
1322 0.287821 0 3.437006
1323 0.402513 0 3.477206
1324 0.556485 0 3.505447
1325 0.711853 0 3.490721
1326 0.897724 0 3.399144
1327 1.129870 0 3.250558
1328 1.257784 0 3.128723
1329 1.351761 0 3.070728
1330 1.456156 0 3.108179
1331 1.542616 0 3.168371
1332 1.522357 0 3.208395
1333 1.440395 0 3.206101
1334 1.339500 0 3.134095
1335 1.270624 0 3.067070
1336 1.215495 0 2.989152
1337 1.149642 0 2.935614
1338 1.102898 0 2.899724
1339 1.025367 0 2.826577
1340 0.943921 0 2.760392
1341 0.894216 0 2.649287
1342 0.897743 0 2.575175
1343 0.950891 0 2.527477
1344 1.021629 0 2.553012
1345 1.160000 0 2.626000
1346 1.265257 0 2.769612
1347 1.391532 0 2.899890
1348 1.461579 0 3.040586
1349 1.494462 0 3.267046
1350 1.450791 0 3.487578
1351 1.333226 0 3.731077
1352 1.182111 0 3.899396
1353 0.941663 0 3.920736
1354 0.733608 0 3.944236
1355 0.546253 0 3.904216
1356 0.346698 0 3.875600
1357 0.204084 0 3.776063
1358 0.140324 0 3.756238
1359 0.121716 0 3.702198
1360 0.135963 0 3.679621
1361 0.162907 0 3.672353
1362 0.260923 0 3.732010
1363 0.339851 0 3.832615
1364 0.322931 0 3.999498
1365 0.288374 0 4.143458
1366 0.208748 0 4.314444
1367 0.081457 0 4.546134
1368 -0.133441 0 4.764184
1369 -0.377116 0 4.944030
1370 -0.557176 0 5.082440
1371 -0.685195 0 5.238653
1372 -0.750321 0 5.380949
1373 -0.844115 0 5.442403
1374 -0.956857 0 5.476928
1375 -1.129128 0 5.472404
1376 -1.297163 0 5.490438
1377 -1.411023 0 5.445925
1378 -1.482503 0 5.376419
1379 -1.522465 0 5.259339
1380 -1.452396 0 5.088553
1381 -1.373684 0 4.900626
1382 -1.249980 0 4.664512
1383 -1.139972 0 4.478261
1384 -1.074162 0 4.253490
1385 -0.938809 0 4.048282
1386 -0.836280 0 3.838202
1387 -0.682352 0 3.594195
1388 -0.538855 0 3.277567
1389 -0.464054 0 2.892083
1390 -0.438828 0 2.514009
1391 -0.442203 0 2.195143
1392 -0.427936 0 2.002277
1393 -0.396983 0 1.904063
1394 -0.357431 0 1.849251
1395 -0.253916 0 1.782912
1396 -0.191480 0 1.669416
1397 -0.166366 0 1.369312
1398 -0.218031 0 1.074825
1399 -0.311673 0 0.730717
1400 -0.323216 0 0.240879
1401 -0.356619 0 -0.246388
1402 -0.462574 0 -0.664441
1403 -0.644423 0 -0.953066
1404 -0.878968 0 -1.061801
1405 -1.094500 0 -0.933052
1406 -1.196969 0 -0.700546
1407 -1.136785 0 -0.463693
1408 -0.933498 0 -0.330164
1409 -0.703197 0 -0.354023
1410 -0.582187 0 -0.523293
1411 -0.559186 0 -0.699474
1412 -0.653471 0 -0.896200
1413 -0.711839 0 -1.017204
1414 -0.748709 0 -1.099687
1415 -0.777285 0 -1.212676
1416 -0.784367 0 -1.380070
1417 -0.870116 0 -1.504095
1418 -0.888453 0 -1.606194
1419 -0.878934 0 -1.613002
1420 -0.752233 0 -1.633769
1421 -0.601111 0 -1.653368
1422 -0.455674 0 -1.717475
1423 -0.302718 0 -1.840580
1424 -0.135755 0 -2.019081
1425 0.010205 0 -2.302441
1426 0.095911 0 -2.670629
1427 0.095571 0 -3.098783
1428 0.027143 0 -3.517248
1429 -0.036216 0 -3.798247
1430 -0.060977 0 -3.927806
1431 -0.090593 0 -4.037192
1432 -0.162985 0 -4.105598
1433 -0.171805 0 -4.160681
1434 -0.192697 0 -4.203368
1435 -0.151669 0 -4.228817
1436 -0.141748 0 -4.272251
1437 -0.118296 0 -4.313497
1438 -0.087019 0 -4.349709
1439 -0.044626 0 -4.360409
1440 -0.032834 0 -4.374612
1441 0.010925 0 -4.353381
1442 0.036749 0 -4.278062
1443 0.126140 0 -4.163801
1444 0.182207 0 -3.961636
1445 0.206856 0 -3.812686
1446 0.213407 0 -3.737622
1447 0.214325 0 -3.710865
1448 0.228595 0 -3.782521
1449 0.240170 0 -3.863890
1450 0.242171 0 -3.965400
1451 0.239597 0 -4.020289
1452 0.239811 0 -4.115932
1453 0.246093 0 -4.224392
1454 0.269544 0 -4.360109
1455 0.306670 0 -4.521727
1456 0.314613 0 -4.716980
1457 0.330321 0 -4.888923
1458 0.336575 0 -5.052763
1459 0.342306 0 -5.153820
1460 0.350749 0 -5.215239
1461 0.369468 0 -5.285699
1462 0.309812 0 -5.464283
1463 0.212355 0 -5.768786
1464 0.117670 0 -6.127302
1465 0.029710 0 -6.368087
1466 -0.048879 0 -6.589890
1467 -0.164650 0 -6.761747
1468 -0.286243 0 -6.965617
1469 -0.390157 0 -7.088529
1470 -0.442780 0 -7.133007
1471 -0.436968 0 -7.136367
1472 -0.355296 0 -7.137756
1473 -0.250026 0 -7.153159
1474 -0.166990 0 -7.187972
1475 -0.083249 0 -7.189841
1476 -0.019979 0 -7.217704
1477 0.127781 0 -7.269694
1478 0.375705 0 -7.294901
1479 0.555851 0 -7.247146
1480 0.607398 0 -7.204393
1481 0.502328 0 -7.165845
1482 0.452191 0 -7.187090
1483 0.555960 0 -7.142200
1484 0.763884 0 -7.118810
1485 0.897988 0 -7.096392
1486 0.916816 0 -7.025060
1487 0.865722 0 -6.905766
1488 0.902043 0 -6.894074
1489 0.960123 0 -6.946406
1490 0.972544 0 -6.948254
1491 0.963212 0 -6.907939
1492 0.883916 0 -6.823732
1493 0.901182 0 -6.814424
1494 1.045180 0 -6.840570
1495 1.296187 0 -6.839536
1496 1.509813 0 -6.846117
1497 1.608665 0 -6.858755
1498 1.642966 0 -6.891542
1499 1.663748 0 -6.926514
1500 1.721405 0 -6.946602
1501 1.639255 0 -6.911604
1502 1.501499 0 -6.867612
1503 1.344014 0 -6.905216
1504 1.215469 0 -6.965073
1505 1.127185 0 -7.068995
1506 1.070173 0 -7.165108
1507 1.044974 0 -7.249956
1508 1.149391 0 -7.322765
1509 1.290809 0 -7.395268
1510 1.500634 0 -7.408211
1511 1.706592 0 -7.393623
1512 1.880152 0 -7.362813
1513 2.005021 0 -7.323938
1514 2.044215 0 -7.264016
1515 2.068090 0 -7.251854
1516 2.026886 0 -7.304593
1517 2.011119 0 -7.393129
1518 1.971491 0 -7.495598
1519 1.969027 0 -7.578945
1520 1.963465 0 -7.674126
1521 1.923274 0 -7.714761
1522 1.901318 0 -7.735669
1523 1.821889 0 -7.798958
1524 1.783250 0 -7.869349
1525 1.727087 0 -7.957467
1526 1.637119 0 -8.035512
1527 1.448074 0 -8.026996
1528 1.224285 0 -8.001708
1529 1.029835 0 -8.020701
1530 0.883825 0 -8.018039
1531 0.805789 0 -8.035755
1532 0.755953 0 -7.987042
1533 0.712258 0 -7.952801
1534 0.695483 0 -7.962820
1535 0.654283 0 -7.962296
1536 0.624607 0 -8.011976
1537 0.559096 0 -8.059960
1538 0.516500 0 -8.132900
1539 0.432806 0 -8.175132
1540 0.337213 0 -8.225232
1541 0.172359 0 -8.219799
1542 -0.016399 0 -8.153205
1543 -0.167592 0 -8.047341
1544 -0.238682 0 -7.877818
1545 -0.285681 0 -7.736286
1546 -0.372607 0 -7.571942
1547 -0.440483 0 -7.349775
1548 -0.406813 0 -7.124185
1549 -0.398798 0 -6.918286
1550 -0.455696 0 -6.760898
1551 -0.481699 0 -6.711086
1552 -0.483403 0 -6.741834
1553 -0.418773 0 -6.823421
1554 -0.303803 0 -6.926733
1555 -0.121376 0 -7.069767
1556 -0.035101 0 -7.234704
1557 -0.017212 0 -7.437362
1558 -0.051102 0 -7.555215
1559 -0.158431 0 -7.621593
1560 -0.275597 0 -7.611792
1561 -0.390670 0 -7.587535
1562 -0.524487 0 -7.607532
1563 -0.640141 0 -7.607740
1564 -0.734724 0 -7.529025
1565 -0.725993 0 -7.417279
1566 -0.722369 0 -7.318286
1567 -0.679924 0 -7.212411
1568 -0.664001 0 -7.204714
1569 -0.646926 0 -7.297486
1570 -0.738695 0 -7.411249
1571 -0.865738 0 -7.415213
1572 -1.027135 0 -7.405943
1573 -1.122109 0 -7.342577
1574 -1.185222 0 -7.204202
1575 -1.157225 0 -7.105121
1576 -1.161014 0 -6.974549
1577 -1.159684 0 -6.843282
1578 -1.206221 0 -6.721644
1579 -1.246819 0 -6.640346
1580 -1.240496 0 -6.584027
1581 -1.234148 0 -6.603223
1582 -1.227268 0 -6.646873
1583 -1.263191 0 -6.725269
1584 -1.293388 0 -6.815442
1585 -1.324769 0 -6.931602
1586 -1.299725 0 -7.008555
1587 -1.266543 0 -7.047324
1588 -1.255978 0 -7.083769
1589 -1.264382 0 -7.134169
1590 -1.236317 0 -7.206563
1591 -1.223552 0 -7.268023
1592 -1.198445 0 -7.335737
1593 -1.207955 0 -7.399454
1594 -1.200875 0 -7.502431
1595 -1.251632 0 -7.608677
1596 -1.313825 0 -7.750193
1597 -1.376678 0 -7.892035
1598 -1.392369 0 -8.054223
1599 -1.414680 0 -8.230826
1600 -1.463868 0 -8.422497
1601 -1.469949 0 -8.495723
1602 -1.529492 0 -8.417186
1603 -1.559063 0 -8.287530
1604 -1.637960 0 -8.180908
1605 -1.756663 0 -8.213430
1606 -1.769646 0 -8.374689
1607 -1.742422 0 -8.549253
1608 -1.700345 0 -8.656332
1609 -1.631882 0 -8.722311
1610 -1.549529 0 -8.850676
1611 -1.469357 0 -9.070873
1612 -1.388074 0 -9.370894
1613 -1.334258 0 -9.663257
1614 -1.349203 0 -9.837471
1615 -1.417909 0 -9.783625
1616 -1.425703 0 -9.698119
1617 -1.368495 0 -9.720145
1618 -1.312588 0 -9.874550
1619 -1.240902 0 -10.081666
1620 -1.174707 0 -10.247410
1621 -1.123801 0 -10.353492
1622 -1.131877 0 -10.413751
1623 -1.145864 0 -10.448278
1624 -1.139477 0 -10.444020
1625 -1.087464 0 -10.438703
1626 -0.998495 0 -10.430102
1627 -0.901824 0 -10.469383
1628 -0.856546 0 -10.498719
1629 -0.852193 0 -10.581168
1630 -0.893479 0 -10.680597
1631 -0.946599 0 -10.821224
1632 -0.923309 0 -10.921543
1633 -0.899186 0 -10.953771
1634 -0.855273 0 -10.946082
1635 -0.853551 0 -10.963783
1636 -0.891503 0 -10.992355
1637 -0.963956 0 -11.049513
1638 -0.987367 0 -11.054858
1639 -0.985769 0 -11.002479
1640 -0.930166 0 -10.899616
1641 -0.843426 0 -10.745072
1642 -0.759066 0 -10.551164
1643 -0.644735 0 -10.418168
1644 -0.644748 0 -10.379709
1645 -0.730157 0 -10.443624
1646 -0.861317 0 -10.582447
1647 -0.974528 0 -10.714305
1648 -1.042222 0 -10.776551
1649 -1.052480 0 -10.739341
1650 -1.030900 0 -10.692930
1651 -1.007364 0 -10.682771
1652 -1.010495 0 -10.700747
1653 -1.020125 0 -10.736050
1654 -1.030570 0 -10.733211
1655 -1.050222 0 -10.701132
1656 -1.054415 0 -10.617179
1657 -1.037657 0 -10.592419
1658 -1.007664 0 -10.534678
1659 -0.978431 0 -10.506772
1660 -0.951645 0 -10.489386
1661 -0.942078 0 -10.425566
1662 -0.948321 0 -10.384282
1663 -0.958261 0 -10.358527
1664 -0.972456 0 -10.335686
1665 -0.979915 0 -10.334383
1666 -0.966557 0 -10.308227
1667 -0.944321 0 -10.280428
1668 -0.933696 0 -10.272166
1669 -0.930768 0 -10.270582
1670 -0.943760 0 -10.254000
1671 -0.962110 0 -10.261821
1672 -0.979992 0 -10.258169
1673 -0.993464 0 -10.258344
1674 -1.000638 0 -10.270361
1675 -1.007877 0 -10.282478
1676 -1.015282 0 -10.295017
1677 -1.015104 0 -10.304690
1678 -1.022256 0 -10.316683
1679 -1.029616 0 -10.328949
1680 -1.032127 0 -10.332810
1681 -1.039617 0 -10.337399
1682 -1.047282 0 -10.342166
1683 -1.054694 0 -10.346821
1684 -1.064059 0 -10.367986
1685 -1.072090 0 -10.391176
1686 -1.077949 0 -10.415396
1687 -1.083881 0 -10.427889
1688 -1.089798 0 -10.442501
1689 -1.095616 0 -10.456678
1690 -1.103600 0 -10.468982
1691 -1.104138 0 -10.478622
1692 -1.104607 0 -10.487948
1693 -1.105871 0 -10.496570
1694 -1.106639 0 -10.512836
1695 -1.107402 0 -10.528689
1696 -1.106534 0 -10.535564
1697 -1.108174 0 -10.554653
1698 -1.109780 0 -10.573317
1699 -1.111376 0 -10.591976
1700 -1.103405 0 -10.599974
1701 -1.112854 0 -10.607641
1702 -1.110364 0 -10.602552
1703 -1.117050 0 -10.597370
1704 -1.119642 0 -10.599053
1705 -1.122008 0 -10.600942
1706 -1.122811 0 -10.604340
1707 -1.117577 0 -10.607642
1708 -1.119991 0 -10.620041
1709 -1.124344 0 -10.632782
1710 -1.127477 0 -10.647688
1711 -1.130704 0 -10.662522
1712 -1.133088 0 -10.663688
1713 -1.135379 0 -10.664681
1714 -1.137677 0 -10.665667
1715 -1.148534 0 -10.666103
1716 -1.159159 0 -10.666512
1717 -1.162080 0 -10.666183
1718 -1.166865 0 -10.665885
1719 -1.175396 0 -10.669608
1720 -1.183911 0 -10.673338
1721 -1.178786 0 -10.678268
1722 -1.177865 0 -10.687361
1723 -1.176970 0 -10.696422
1724 -1.172688 0 -10.704661
1725 -1.168481 0 -10.712657
1726 -1.164494 0 -10.711621
1727 -1.160012 0 -10.716563
1728 -1.155665 0 -10.721413
1729 -1.151302 0 -10.726257
1730 -1.141866 0 -10.726053
1731 -1.141094 0 -10.725483
1732 -1.134277 0 -10.718666
1733 -1.134336 0 -10.712397
1734 -1.134448 0 -10.706343
1735 -1.134561 0 -10.700295
1736 -1.134348 0 -10.694494
1737 -1.139598 0 -10.695128
1738 -1.130695 0 -10.695766
1739 -1.129871 0 -10.704910
1740 -1.129183 0 -10.713852
1741 -1.126355 0 -10.723198
1742 -1.123628 0 -10.732964
1743 -1.121417 0 -10.741994
1744 -1.114277 0 -10.737108
1745 -1.106915 0 -10.732087
1746 -1.099754 0 -10.727221
1747 -1.101596 0 -10.728913
1748 -1.103499 0 -10.730615
1749 -1.106838 0 -10.727423
1750 -1.084047 0 -10.724156
1751 -1.070580 0 -10.720855
1752 -1.080694 0 -10.717706
1753 -1.074112 0 -10.715582
1754 -1.111272 0 -10.679593
1755 -1.127705 0 -10.669008
1756 -1.074765 0 -10.644114
1757 -1.006799 0 -10.627977
1758 -0.966749 0 -10.594624
1759 -0.889900 0 -10.514503
1760 -0.848422 0 -10.403003
1761 -0.836915 0 -10.276411
1762 -0.794785 0 -10.148376
1763 -0.771212 0 -10.077925
1764 -0.717329 0 -10.005719
1765 -0.676781 0 -9.924294
1766 -0.584691 0 -9.865392
1767 -0.515727 0 -9.841873
1768 -0.409774 0 -9.830653
1769 -0.262357 0 -9.842937
1770 -0.169149 0 -9.858678
1771 -0.099437 0 -9.808202
1772 -0.034852 0 -9.776590
1773 0.046352 0 -9.746695
1774 0.146157 0 -9.726193
1775 0.224028 0 -9.710558
1776 0.283463 0 -9.698137
1777 0.323055 0 -9.687380
1778 0.363714 0 -9.700129
1779 0.416362 0 -9.706743
1780 0.425570 0 -9.706890
1781 0.454056 0 -9.712064
1782 0.500092 0 -9.741332
1783 0.539187 0 -9.755930
1784 0.567595 0 -9.782359
1785 0.572903 0 -9.797180
1786 0.588813 0 -9.801630
1787 0.609893 0 -9.795325
1788 0.624136 0 -9.789149
1789 0.632809 0 -9.776871
1790 0.641079 0 -9.763522
1791 0.640520 0 -9.760476
1792 0.640900 0 -9.758809
1793 0.647696 0 -9.752747
1794 0.662412 0 -9.746146
1795 0.661877 0 -9.740658
1796 0.668341 0 -9.730182
1797 0.684374 0 -9.711216
1798 0.704941 0 -9.692180
1799 0.726539 0 -9.673470
1800 0.732679 0 -9.664958
1801 0.725071 0 -9.654711
1802 0.730491 0 -9.643269
1803 0.729527 0 -9.636222
1804 0.733349 0 -9.628958
1805 0.750473 0 -9.620729
1806 0.779520 0 -9.611976
1807 0.808298 0 -9.602946
1808 0.828232 0 -9.594513
1809 0.828610 0 -9.589783
1810 0.828835 0 -9.584886
1811 0.836037 0 -9.586721
1812 0.843962 0 -9.589593
1813 0.851853 0 -9.592431
1814 0.852445 0 -9.586408
1815 0.852840 0 -9.580395
1816 0.846736 0 -9.574286
1817 0.849105 0 -9.566899
1818 0.848918 0 -9.568936
1819 0.847193 0 -9.569108
1820 0.845388 0 -9.569207
1821 0.854616 0 -9.569321
1822 0.867741 0 -9.575697
1823 0.881187 0 -9.582345
1824 0.893908 0 -9.590590
1825 0.907374 0 -9.599711
1826 0.911640 0 -9.601922
1827 0.922529 0 -9.594699
1828 0.930565 0 -9.584411
1829 0.937180 0 -9.583941
1830 0.940181 0 -9.583342
1831 0.957075 0 -9.576245
1832 0.961240 0 -9.568441
1833 0.959536 0 -9.550399
1834 0.956796 0 -9.531762
1835 0.952016 0 -9.511186
1836 0.947933 0 -9.492058
1837 0.958654 0 -9.472414
1838 0.976546 0 -9.455648
1839 0.985815 0 -9.434722
1840 0.989510 0 -9.418938
1841 0.984296 0 -9.417300
1842 0.966619 0 -9.417777
1843 0.961269 0 -9.418311
1844 0.949661 0 -9.417796
1845 0.938147 0 -9.417516
1846 0.934872 0 -9.414537
1847 0.930443 0 -9.406675
1848 0.925660 0 -9.399395
1849 0.913628 0 -9.404655
1850 0.899307 0 -9.409877
1851 0.885969 0 -9.429585
1852 0.859961 0 -9.439976
1853 0.860504 0 -9.450294
1854 0.856318 0 -9.468984
1855 0.843901 0 -9.491241
1856 0.820919 0 -9.532301
1857 0.796417 0 -9.544649
1858 0.794600 0 -9.562214
1859 0.776671 0 -9.597635
1860 0.753711 0 -9.613469
1861 0.732411 0 -9.581248
1862 0.722628 0 -9.546177
1863 0.746029 0 -9.482166
1864 0.842897 0 -9.445704
1865 0.922013 0 -9.427588
1866 0.963058 0 -9.422139
1867 0.947443 0 -9.412692
1868 0.925843 0 -9.399506
1869 0.902660 0 -9.335180
1870 0.879676 0 -9.284958
1871 0.863221 0 -9.236176
1872 0.822527 0 -9.169754
1873 0.779217 0 -9.104670
1874 0.710971 0 -9.024427
1875 0.662807 0 -8.909297
1876 0.565405 0 -8.849457
1877 0.450879 0 -8.762389
1878 0.278354 0 -8.671701
1879 0.070261 0 -8.574644
1880 -0.152124 0 -8.480949
1881 -0.353143 0 -8.400662
1882 -0.450114 0 -8.293291
1883 -0.496011 0 -8.136453
1884 -0.491488 0 -7.963691
1885 -0.528394 0 -7.794716
1886 -0.544778 0 -7.665763
1887 -0.521176 0 -7.579353
1888 -0.541771 0 -7.401815
1889 -0.564523 0 -7.177120
1890 -0.616011 0 -6.895797
1891 -0.685871 0 -6.614569
1892 -0.726463 0 -6.292452
1893 -0.803189 0 -6.012795
1894 -0.887727 0 -5.765318
1895 -0.952460 0 -5.577624
1896 -0.980677 0 -5.426197
1897 -0.992367 0 -5.280636
1898 -1.030347 0 -5.168589
1899 -1.045640 0 -5.103144
1900 -1.085527 0 -5.054369
1901 -1.119212 0 -5.054829
1902 -1.107607 0 -5.081593
1903 -1.122151 0 -5.110109
1904 -1.066497 0 -5.177361
1905 -1.028915 0 -5.237795
1906 -1.013514 0 -5.293163
1907 -1.020231 0 -5.368946
1908 -1.003830 0 -5.468075
1909 -1.025970 0 -5.562640
1910 -1.032644 0 -5.649384
1911 -1.038786 0 -5.681475
1912 -1.041864 0 -5.693804
1913 -1.038586 0 -5.709626
1914 -1.034670 0 -5.722968
1915 -1.032412 0 -5.734324
1916 -1.044416 0 -5.741974
1917 -1.063831 0 -5.746746
1918 -1.078302 0 -5.751909
1919 -1.078162 0 -5.745072
1920 -1.062468 0 -5.744945
1920.999878 -1.033199 0 -5.745978
1921.999878 -1.009770 0 -5.745576
1922.999878 -0.987081 0 -5.745103
1923.999878 -0.970095 0 -5.741239
1924.999878 -0.947000 0 -5.729130
1925.999878 -0.913578 0 -5.715500
1926.999878 -0.886424 0 -5.698486
1927.999878 -0.872624 0 -5.681189
1928.999878 -0.869342 0 -5.667141
1929.999878 -0.851503 0 -5.660336
1931.000122 -0.834503 0 -5.655643
1932.000122 -0.818381 0 -5.649791
1933.000122 -0.809117 0 -5.645284
1934.000122 -0.809267 0 -5.641113
1935.000122 -0.818339 0 -5.646230
1936.000122 -0.827587 0 -5.652495
1937.000122 -0.837295 0 -5.655046
1938.000122 -0.843260 0 -5.641826
1939.000122 -0.848653 0 -5.631689
1940.000122 -0.856172 0 -5.623028
1941 -0.865102 0 -5.618051
1942 -0.872844 0 -5.623684
1943 -0.882159 0 -5.622903
1944 -0.884490 0 -5.614081
1945 -0.887441 0 -5.602068
1946 -0.883848 0 -5.596512
1947 -0.881151 0 -5.586757
1948 -0.878436 0 -5.576993
1949 -0.869060 0 -5.565787
1950 -0.861001 0 -5.562655
1951 -0.854498 0 -5.562451
1952 -0.846269 0 -5.559650
1953 -0.834982 0 -5.549114
1954 -0.818875 0 -5.544225
1955 -0.795713 0 -5.542035
1956 -0.773154 0 -5.539913
1957 -0.750583 0 -5.537768
1958 -0.733298 0 -5.535537
1959 -0.716567 0 -5.533347
1960 -0.699550 0 -5.532823
1961 -0.689691 0 -5.530943
1962 -0.679801 0 -5.531562
1963 -0.669899 0 -5.532185
1963.999878 -0.657061 0 -5.536461
1964.999878 -0.632898 0 -5.536811
1965.999878 -0.620091 0 -5.525187
1966.999878 -0.611075 0 -5.510899
1967.999878 -0.609962 0 -5.499459
1968.999878 -0.614242 0 -5.493711
1969.999878 -0.614011 0 -5.491022
1970.999878 -0.606907 0 -5.492464
1971.999878 -0.594371 0 -5.493289
1972.999878 -0.588384 0 -5.491381
1974.000122 -0.583120 0 -5.484847
1975.000122 -0.580739 0 -5.474737
1976.000122 -0.591854 0 -5.456393
1977.000122 -0.627826 0 -5.432633
1978.000122 -0.659492 0 -5.419186
1979.000122 -0.702789 0 -5.421987
1980.000122 -0.728532 0 -5.423014
1981.000122 -0.734665 0 -5.409451
1982.000122 -0.753228 0 -5.386143
1983.000122 -0.776082 0 -5.364980
1984 -0.797203 0 -5.353966
1985 -0.816009 0 -5.365559
1986 -0.847048 0 -5.394021
1987 -0.901707 0 -5.442834
1988 -0.943392 0 -5.512002
1989 -0.987246 0 -5.629760
1990 -1.008994 0 -5.723212
1991 -0.988657 0 -5.830109
1992 -0.977745 0 -5.945783
1993 -0.934786 0 -6.010310
1994 -0.910595 0 -6.084980
1995 -0.870438 0 -6.173231
1996 -0.823736 0 -6.313008
1997 -0.780653 0 -6.454608
1998 -0.763138 0 -6.573409
1999 -0.714498 0 -6.719687
2000 -0.683746 0 -6.871637
2001 -0.678102 0 -6.984560
2002 -0.665974 0 -7.096327
2003 -0.653649 0 -7.202024
2004 -0.637254 0 -7.289747
2005 -0.620962 0 -7.326531
2006 -0.610285 0 -7.357182
2006.999878 -0.608165 0 -7.385725
2007.999878 -0.613953 0 -7.403246
2008.999878 -0.621773 0 -7.394873
2009.999878 -0.640759 0 -7.366039
2010.999878 -0.665437 0 -7.310878
2011.999878 -0.682835 0 -7.215990
2012.999878 -0.726599 0 -7.108597
2013.999878 -0.764536 0 -7.035751
2014.999878 -0.823263 0 -6.963140
2015.999878 -0.832306 0 -6.878404
2017.000122 -0.797004 0 -6.765936
2018.000122 -0.728175 0 -6.653240
2019.000122 -0.584854 0 -6.485980
2020.000122 -0.470295 0 -6.222119
2021.000122 -0.354296 0 -5.907589
2022.000122 -0.268418 0 -5.540882
2023.000122 -0.231690 0 -5.179406
2024.000122 -0.266603 0 -4.779663
2025.000122 -0.300604 0 -4.431262
2026.000122 -0.414550 0 -4.141940
2027 -0.505973 0 -3.901007
2028 -0.603271 0 -3.716064
2029 -0.686116 0 -3.537061
2030 -0.749978 0 -3.390474
2031 -0.765169 0 -3.275764
2032 -0.776238 0 -3.169066
2033 -0.777242 0 -3.067350
2034 -0.723809 0 -2.960320
2035 -0.653170 0 -2.862347
2036 -0.593350 0 -2.770623
2037 -0.544097 0 -2.650861
2038 -0.476148 0 -2.504682
2039 -0.398373 0 -2.350880
2040 -0.332098 0 -2.184263
2041 -0.289429 0 -1.966378
2042 -0.243089 0 -1.768584
2043 -0.171484 0 -1.503435
2044 -0.113097 0 -1.216940
2045 0.002753 0 -0.864209
2046 0.105248 0 -0.515618
2047 0.174109 0 -0.120355
2048 0.239222 0 0.315052
2049 0.281194 0 0.744680
2050 0.315986 0 1.210004
2051 0.375048 0 1.636973
2052 0.385985 0 1.985038
2053 0.446747 0 2.334052
2054 0.501973 0 2.662298
2055 0.534513 0 2.941485
2056 0.535329 0 3.174249
2057 0.551489 0 3.380719
2058 0.576326 0 3.553914
2059 0.608370 0 3.723349
2060 0.634136 0 3.881005
2061 0.646114 0 4.022424
2062 0.643455 0 4.167778
2063 0.658240 0 4.307994
2064 0.670768 0 4.419035
2065 0.688674 0 4.506507
2066 0.706583 0 4.585477
2067 0.727274 0 4.655336
2068 0.728854 0 4.739733
2069 0.736902 0 4.791390
2070 0.732483 0 4.840451
2071 0.740291 0 4.892713
2072 0.776545 0 4.916749
2073 0.809703 0 4.954437
2074 0.833086 0 5.003863
2075 0.833256 0 5.010331
2076 0.829877 0 5.026890
2077 0.827605 0 5.056582
2078 0.822642 0 5.042490
2079 0.808995 0 5.041798
2080 0.787753 0 5.046958
2081 0.764149 0 5.025930
2082 0.741831 0 5.002847
2083 0.729124 0 4.973150
2084 0.707727 0 4.924187
2085 0.697109 0 4.846533
2086 0.678584 0 4.779598
2087 0.655575 0 4.684149
2088 0.638298 0 4.573821
2089 0.615405 0 4.448693
2090 0.629774 0 4.302401
2091 0.586428 0 4.143388
2092 0.577552 0 3.965199
2093 0.545068 0 3.750088
2094 0.522547 0 3.520926
2095 0.526094 0 3.259061
2096 0.522435 0 3.009904
2097 0.544739 0 2.784454
2098 0.562085 0 2.623843
2099 0.576279 0 2.469269
2100 0.556738 0 2.322361
2101 0.597987 0 2.252200
2102 0.632642 0 2.220342
2103 0.690828 0 2.227931
2104 0.756619 0 2.228177
2105 0.802870 0 2.240073
2106 0.809413 0 2.222532
2107 0.794216 0 2.204852
2108 0.782773 0 2.216110
2109 0.732678 0 2.264411
2110 0.738868 0 2.308105
2111 0.745389 0 2.347291
2112 0.769839 0 2.375376
2113 0.780029 0 2.394516
2114 0.819902 0 2.401437
2115 0.830642 0 2.403096
2116 0.863719 0 2.422855
2117 0.869628 0 2.457225
2118 0.895245 0 2.453671
2119 0.892758 0 2.450564
2120 0.886431 0 2.475024
2121 0.877187 0 2.489631
2122 0.853723 0 2.520923
2123 0.830048 0 2.551397
2124 0.810180 0 2.569506
2125 0.798200 0 2.577885
2126 0.787434 0 2.583605
2127 0.770661 0 2.592906
2128 0.742392 0 2.623784
2129 0.711748 0 2.639715
2130 0.694195 0 2.648370
2131 0.672598 0 2.656761
2132 0.649023 0 2.660775
2133 0.620913 0 2.653934
2134 0.597597 0 2.657958
2135 0.592200 0 2.660489
2136 0.593610 0 2.661946
2137 0.557728 0 2.657855
2138 0.542333 0 2.657559
2139 0.524859 0 2.669542
2140 0.527775 0 2.651259
2141 0.519141 0 2.617245
2142 0.527158 0 2.553798
2143 0.529210 0 2.451043
2144 0.546187 0 2.289135
2145 0.535239 0 2.081415
2146 0.477286 0 1.787021
2147 0.446363 0 1.455112
2148 0.432261 0 1.129954
2149 0.449190 0 0.838432
2150 0.504726 0 0.526343
2151 0.521457 0 0.330377
2152 0.563197 0 0.181752
2153 0.594909 0 0.091733
2154 0.645318 0 0.010556
2155 0.691433 0 -0.084505
2156 0.721967 0 -0.137482
2157 0.745419 0 -0.212795
2158 0.739584 0 -0.331697
2159 0.749565 0 -0.481110
2160 0.759181 0 -0.626269
2161 0.768451 0 -0.832041
2162 0.777896 0 -0.968501
2163 0.819772 0 -1.118615
2164 0.851930 0 -1.204119
2165 0.870156 0 -1.241329
2166 0.857259 0 -1.240271
2167 0.849195 0 -1.225652
2168 0.882790 0 -1.173958
2169 0.925122 0 -1.160785
2170 0.989133 0 -1.145275
2171 1.021516 0 -1.121974
2172 1.025953 0 -1.049815
2173 1.035630 0 -0.989926
2174 1.076259 0 -0.820749
2175 1.180238 0 -0.631123
2176 1.294358 0 -0.418664
2177 1.505767 0 -0.233582
2178 1.754349 0 -0.106533
2179 1.975936 0 -0.076078
2180 2.125355 0 -0.085495
2181 2.178840 0 -0.106318
2182 2.158601 0 -0.057021
2183 2.142895 0 0.045112
2184 2.116503 0 0.177174
2185 2.125149 0 0.302410
2186 2.141251 0 0.415725
2187 2.163426 0 0.453434
2188 2.255399 0 0.497943
2189 2.366038 0 0.614206
2190 2.503433 0 0.801431
2191 2.550177 0 0.943948
2192 2.606556 0 0.995464
2193 2.703165 0 0.983145
2194 2.896651 0 0.898621
2195 3.052178 0 0.850726
2196 3.133307 0 0.805006
2197 3.169729 0 0.771133
2198 3.136365 0 0.811368
2199 3.122066 0 0.831883
2200 3.113321 0 0.827151
2201 3.099682 0 0.824231
2202 3.071295 0 0.845195
2203 3.044744 0 0.863399
2204 3.011724 0 0.878038
2205 3.003224 0 0.870502
2206 2.989032 0 0.874361
2207 2.971458 0 0.857259
2208 2.954377 0 0.840464
2209 2.960847 0 0.835678
2210 2.960367 0 0.855239
2211 2.940136 0 0.857487
2212 2.946802 0 0.850713
2213 2.946852 0 0.838854
2214 2.952300 0 0.824319
2215 2.957765 0 0.810019
2216 2.966031 0 0.797428
2217 2.972980 0 0.787030
2218 2.979889 0 0.776800
2219 2.990126 0 0.763854
2220 3.002407 0 0.757281
2221 3.015105 0 0.751298
2222 3.007658 0 0.756052
2223 3.029709 0 0.768526
2224 3.033059 0 0.768885
2225 3.018842 0 0.770497
2226 3.031401 0 0.775203
2227 3.044359 0 0.780798
2228 3.051257 0 0.795604
2229 3.061246 0 0.811184
2230 3.091271 0 0.838786
2231 3.123247 0 0.868590
2232 3.154805 0 0.898512
2233 3.179069 0 0.929731
2234 3.239547 0 0.956731
2235 3.312103 0 0.984075
2236 3.387203 0 1.010283
2237 3.462962 0 1.050141
2238 3.534801 0 1.102257
2239 3.602995 0 1.152185
2240 3.694792 0 1.193561
2241 3.815282 0 1.215283
2242 3.890044 0 1.256783
2243 3.989166 0 1.282989
2244 4.054375 0 1.349697
2245 4.154687 0 1.388540
2246 4.185446 0 1.465213
2247 4.239459 0 1.510464
2248 4.225785 0 1.569275
2249 4.218836 0 1.676627
2250 4.170847 0 1.750812
2251 4.096037 0 1.809688
2252 3.965017 0 1.832417
2253 3.845245 0 1.872404
2254 3.669619 0 1.927170
2255 3.374646 0 2.028896
2256 3.006192 0 2.141175
2257 2.652420 0 2.214128
2258 2.316227 0 2.211895
2259 1.944292 0 2.098204
2260 1.584259 0 1.992749
2261 1.276112 0 1.885285
2262 0.973632 0 1.803695
2263 0.732260 0 1.768264
2264 0.478584 0 1.716379
2265 0.280141 0 1.675479
2266 0.134430 0 1.649758
2267 -0.001078 0 1.620873
2268 -0.128306 0 1.620367
2269 -0.261074 0 1.619407
2270 -0.400155 0 1.617457
2271 -0.560461 0 1.603537
2272 -0.686741 0 1.575500
2273 -0.763770 0 1.576818
2274 -0.821166 0 1.567133
2275 -0.883079 0 1.549506
2276 -0.949492 0 1.560864
2277 -1.004149 0 1.573081
2278 -1.041849 0 1.600350
2279 -1.087913 0 1.641236
2280 -1.121856 0 1.714015
2281 -1.173385 0 1.763583
2282 -1.210467 0 1.890446
2283 -1.273343 0 2.026310
2284 -1.304794 0 2.281800
2285 -1.361980 0 2.555240
2286 -1.426739 0 2.856289
2287 -1.399490 0 3.141383
2288 -1.381537 0 3.413693
2289 -1.373062 0 3.665046
2290 -1.456919 0 3.829621
2291 -1.660352 0 3.866375
2292 -1.872651 0 3.854151
2293 -2.046056 0 3.891699
2294 -2.156862 0 3.895615
2295 -2.229217 0 3.819236
2296 -2.286369 0 3.766017
2297 -2.319217 0 3.660601
2298 -2.326159 0 3.506406
2299 -2.328553 0 3.381067
2300 -2.300482 0 3.273939
2301 -2.268866 0 3.151986
2302 -2.207095 0 2.992416
2303 -2.125932 0 2.821213
2304 -2.030054 0 2.669048
2305 -1.910746 0 2.577948
2306 -1.816360 0 2.511883
2307 -1.685075 0 2.487070
2308 -1.568044 0 2.449249
2309 -1.510013 0 2.338473
2310 -1.449366 0 2.250065
2311 -1.417122 0 2.168058
2312 -1.413760 0 2.130098
2313 -1.431016 0 2.169077
2314 -1.450918 0 2.195198
2315 -1.475445 0 2.199120
2316 -1.475529 0 2.204203
2317 -1.466888 0 2.229919
2318 -1.455012 0 2.255213
2319 -1.457732 0 2.300734
2320 -1.467788 0 2.395227
2321 -1.449844 0 2.487540
2322 -1.477544 0 2.599258
2323 -1.484763 0 2.721693
2324 -1.540918 0 2.832087
2325 -1.629649 0 2.924461
2326 -1.728339 0 3.025322
2327 -1.779677 0 3.076729
2328 -1.827392 0 3.107612
2329 -1.777676 0 3.076343
2330 -1.732226 0 3.063101
2331 -1.658123 0 2.986886
2332 -1.584067 0 2.951000
2333 -1.515465 0 2.889073
2334 -1.404791 0 2.820174
2335 -1.335788 0 2.780791
2336 -1.336202 0 2.773772
2337 -1.390293 0 2.801709
2338 -1.449473 0 2.854184
2339 -1.533413 0 2.887583
2340 -1.613091 0 2.940860
2341 -1.648425 0 2.965996
2342 -1.674687 0 2.995384
2343 -1.669906 0 2.958294
2344 -1.629748 0 2.953698
2345 -1.584354 0 2.917514
2346 -1.478167 0 2.918004
2347 -1.383550 0 2.848518
2348 -1.308401 0 2.757018
2349 -1.273252 0 2.705287
2350 -1.293619 0 2.714052
2351 -1.327855 0 2.770538
2352 -1.419127 0 2.838717
2353 -1.511105 0 2.912885
2354 -1.615236 0 2.994754
2355 -1.682685 0 3.120323
2356 -1.746963 0 3.164137
2357 -1.829825 0 3.229890
2358 -1.860320 0 3.284461
2359 -1.894814 0 3.346363
2360 -1.859439 0 3.322358
2361 -1.829290 0 3.276524
2362 -1.714695 0 3.225202
2363 -1.588370 0 3.157874
2364 -1.461431 0 3.076905
2365 -1.328078 0 3.013625
2366 -1.268678 0 2.901206
2367 -1.235681 0 2.832146
2368 -1.210052 0 2.777394
2369 -1.174251 0 2.767173
2370 -1.134229 0 2.728553
2371 -1.104064 0 2.703117
2372 -1.087201 0 2.687961
2373 -1.050328 0 2.683582
2374 -1.016462 0 2.669798
2375 -1.001975 0 2.656479
2376 -0.975568 0 2.648422
2377 -0.952160 0 2.636983
2378 -0.930871 0 2.633113
2379 -0.921782 0 2.641186
2380 -0.904776 0 2.648677
2381 -0.894096 0 2.661539
2382 -0.884858 0 2.673133
2383 -0.866692 0 2.675056
2384 -0.831516 0 2.679738
2385 -0.819271 0 2.682838
2386 -0.803501 0 2.685245
2387 -0.787336 0 2.687817
2388 -0.778154 0 2.698620
2389 -0.773942 0 2.718550
2390 -0.779031 0 2.736427
2391 -0.774166 0 2.754690
2392 -0.786263 0 2.777654
2393 -0.773588 0 2.801912
2394 -0.779552 0 2.816900
2395 -0.794538 0 2.822920
2396 -0.802774 0 2.817146
2397 -0.785172 0 2.832141
2398 -0.795263 0 2.827317
2399 -0.787416 0 2.777391
2400 -0.767488 0 2.745158
2401 -0.740316 0 2.672426
2402 -0.729551 0 2.598115
2403 -0.720110 0 2.525309
2404 -0.747660 0 2.427602
2405 -0.766514 0 2.290781
2406 -0.765586 0 2.172954
2407 -0.774823 0 2.069074
2408 -0.750865 0 1.931396
2409 -0.736871 0 1.727880
2410 -0.759710 0 1.493932
2411 -0.781975 0 1.227767
2412 -0.864041 0 0.953384
2413 -0.944742 0 0.689257
2414 -0.961996 0 0.480990
2415 -0.935846 0 0.307028
2416 -0.891329 0 0.112839
2417 -0.889199 0 -0.029156
2418 -0.888599 0 -0.095816
2419 -0.912865 0 -0.064117
2420 -0.970916 0 0.068268
2421 -1.015985 0 0.236972
2422 -1.051908 0 0.355746
2423 -1.119890 0 0.418052
2424 -1.213255 0 0.404633
2425 -1.374029 0 0.320365
2426 -1.499092 0 0.144497
2427 -1.551078 0 0.014305
2428 -1.554176 0 -0.063939
2429 -1.489071 0 -0.104994
2430 -1.423732 0 -0.156177
2431 -1.268563 0 -0.207415
2432 -1.081635 0 -0.308302
2433 -0.934757 0 -0.436008
2434 -0.786692 0 -0.555475
2435 -0.745503 0 -0.679788
2436 -0.702745 0 -0.811694
2437 -0.603706 0 -0.915421
2438 -0.467887 0 -1.034991
2439 -0.376998 0 -1.151741
2440 -0.401210 0 -1.295179
2441 -0.438949 0 -1.436345
2442 -0.545104 0 -1.563774
2443 -0.711994 0 -1.696188
2444 -0.852894 0 -1.747763
2445 -0.914744 0 -1.791729
2446 -0.902162 0 -1.805517
2447 -0.886365 0 -1.789194
2448 -0.821310 0 -1.744906
2449 -0.775854 0 -1.704175
2450 -0.672486 0 -1.611148
2451 -0.571605 0 -1.551800
2452 -0.461806 0 -1.465931
2453 -0.380174 0 -1.418002
2454 -0.318055 0 -1.384239
2455 -0.302734 0 -1.416021
2456 -0.313841 0 -1.449140
2457 -0.340607 0 -1.511134
2458 -0.407998 0 -1.601945
2459 -0.459081 0 -1.679053
2460 -0.531028 0 -1.762879
2461 -0.550302 0 -1.848168
2462 -0.538538 0 -1.991264
2463 -0.456379 0 -2.152149
2464 -0.371851 0 -2.300677
2465 -0.344656 0 -2.382029
2466 -0.340728 0 -2.446977
2467 -0.326833 0 -2.533528
2468 -0.343684 0 -2.649612
2469 -0.331257 0 -2.761070
2470 -0.335476 0 -2.863817
2471 -0.296578 0 -2.981578
2472 -0.294773 0 -3.116743
2473 -0.273249 0 -3.299441
2474 -0.245374 0 -3.513603
2475 -0.231886 0 -3.747430
2476 -0.242077 0 -3.974043
2477 -0.307382 0 -4.212469
2478 -0.374198 0 -4.395449
2479 -0.431870 0 -4.573334
2480 -0.480746 0 -4.725519
2481 -0.516461 0 -4.837946
2482 -0.562005 0 -4.933349
2483 -0.598953 0 -4.971187
2484 -0.625428 0 -5.020526
2485 -0.654672 0 -5.023441
2486 -0.690571 0 -4.985343
2487 -0.719925 0 -4.961114
2488 -0.742031 0 -4.880339
2489 -0.741242 0 -4.800446
2490 -0.710641 0 -4.634325
2491 -0.663978 0 -4.442996
2492 -0.644522 0 -4.216468
2493 -0.587496 0 -3.999575
2494 -0.570641 0 -3.723696
2495 -0.512353 0 -3.433496
2496 -0.487591 0 -3.087125
2497 -0.443873 0 -2.780858
2498 -0.499509 0 -2.441098
2499 -0.579877 0 -2.149962
2500 -0.688589 0 -1.879927
2501 -0.796737 0 -1.633548
2502 -0.864341 0 -1.430892
2503 -0.877647 0 -1.312815
2504 -0.893910 0 -1.223280
2505 -0.942155 0 -1.146069
2506 -0.992131 0 -1.069759
2507 -1.071573 0 -0.995814
2508 -1.146718 0 -0.968485
2509 -1.227044 0 -0.960990
2510 -1.281818 0 -1.000440
2511 -1.292225 0 -1.084207
2512 -1.268068 0 -1.188434
2513 -1.238334 0 -1.255870
2514 -1.119907 0 -1.329404
2515 -0.980169 0 -1.406580
2516 -0.835938 0 -1.471197
2517 -0.724156 0 -1.574746
2518 -0.654560 0 -1.677900
2519 -0.614858 0 -1.856092
2520 -0.602081 0 -2.012944
2521 -0.590134 0 -2.211493
2522 -0.629695 0 -2.436279
2523 -0.662538 0 -2.650081
2524 -0.793424 0 -2.856745
2525 -0.968339 0 -3.096895
2526 -1.116826 0 -3.316379
2527 -1.165692 0 -3.530943
2528 -1.231462 0 -3.623226
2529 -1.313074 0 -3.640388
2530 -1.423475 0 -3.651492
2531 -1.548299 0 -3.727842
2532 -1.571402 0 -3.742392
2533 -1.493682 0 -3.691697
2534 -1.367622 0 -3.549023
2535 -1.327583 0 -3.427052
2536 -1.367720 0 -3.336059
2537 -1.363538 0 -3.278033
2538 -1.309456 0 -3.207692
2539 -1.351416 0 -3.131939
2540 -1.472501 0 -3.050646
2541 -1.511713 0 -3.007475
2542 -1.525399 0 -2.957965
2543 -1.496941 0 -2.928604
2544 -1.419152 0 -2.893992
2545 -1.316284 0 -2.873299
2546 -1.157548 0 -2.792493
2547 -1.025420 0 -2.749736
2548 -0.904827 0 -2.669588
2549 -0.789953 0 -2.563551
2550 -0.671001 0 -2.383083
2551 -0.603416 0 -2.098063
2552 -0.569736 0 -1.697204
2553 -0.610366 0 -1.289286
2554 -0.650360 0 -0.972787
2555 -0.668904 0 -0.723912
2556 -0.711852 0 -0.499702
2557 -0.784703 0 -0.425393
2558 -0.811550 0 -0.371838
2559 -0.823833 0 -0.364372
2560 -0.801718 0 -0.296442
2561 -0.784756 0 -0.190157
2562 -0.755995 0 -0.050028
2563 -0.746054 0 0.003407
2564 -0.684942 0 0.045134
2565 -0.658931 0 0.050266
2566 -0.616223 0 -0.017284
2567 -0.561628 0 -0.056828
2568 -0.469824 0 -0.100111
2569 -0.402465 0 -0.090661
2570 -0.271981 0 -0.135356
2571 -0.153790 0 -0.172777
2572 -0.035765 0 -0.185396
2573 0.050978 0 -0.224352
2574 0.113756 0 -0.248462
2575 0.150459 0 -0.271651
2576 0.213157 0 -0.317335
2577 0.195059 0 -0.385309
2578 0.140950 0 -0.476610
2579 0.039021 0 -0.591973
2580 -0.105934 0 -0.740285
2581 -0.273954 0 -0.904425
2582 -0.367212 0 -1.068500
2583 -0.426647 0 -1.154469
2584 -0.461787 0 -1.193300
2585 -0.468817 0 -1.174542
2586 -0.441264 0 -1.186489
2587 -0.394642 0 -1.163320
2588 -0.313327 0 -1.078323
2589 -0.221123 0 -0.939006
2590 -0.198317 0 -0.790971
2591 -0.158281 0 -0.701888
2592 -0.101509 0 -0.599746
2593 -0.017581 0 -0.537223
2594 0.055629 0 -0.477748
2595 0.025099 0 -0.383250
2596 -0.001851 0 -0.345556
2597 -0.043797 0 -0.304387
2598 -0.046185 0 -0.273050
2599 -0.051655 0 -0.205776
2600 -0.005453 0 -0.145218
2601 0.052056 0 -0.047542
2602 0.182074 0 0.059804
2603 0.316793 0 0.248474
2604 0.426074 0 0.459818
2605 0.387348 0 0.703741
2606 0.285445 0 1.020542
2607 0.168098 0 1.309102
2608 0.091478 0 1.566209
2609 0.008376 0 1.719245
2610 -0.035522 0 1.787340
2611 -0.082489 0 1.816265
2612 -0.098641 0 1.851191
2613 -0.074421 0 1.890658
2614 -0.072871 0 1.899413
2615 -0.047681 0 1.874900
2616 -0.025901 0 1.861744
2617 -0.021029 0 1.782524
2618 -0.035771 0 1.665956
2619 0.015384 0 1.469518
2620 0.101691 0 1.281682
2621 0.195011 0 1.116930
2622 0.297457 0 0.924062
2623 0.354698 0 0.746625
2624 0.386704 0 0.547314
2625 0.426549 0 0.347613
2626 0.511140 0 0.158730
2627 0.606362 0 -0.068358
2628 0.688228 0 -0.294793
2629 0.776562 0 -0.568190
2630 0.780768 0 -0.889778
2631 0.692697 0 -1.164744
2632 0.478529 0 -1.372895
2633 0.257236 0 -1.559074
2634 0.098071 0 -1.704249
2635 0.056251 0 -1.748504
2636 0.099503 0 -1.776080
2637 0.137034 0 -1.836567
2638 0.246353 0 -1.937682
2639 0.411781 0 -2.008936
2640 0.563603 0 -2.040825
2641 0.659941 0 -2.013585
2642 0.730640 0 -1.965546
2643 0.781840 0 -1.915914
2644 0.883889 0 -1.922773
2645 0.896098 0 -1.861714
2646 0.860567 0 -1.809359
2647 0.763231 0 -1.696463
2648 0.690598 0 -1.579250
2649 0.686839 0 -1.535167
2650 0.698549 0 -1.478008
2651 0.755526 0 -1.470147
2652 0.799496 0 -1.451231
2653 0.902042 0 -1.447196
2654 1.017440 0 -1.414262
2655 1.145209 0 -1.398214
2656 1.258381 0 -1.303719
2657 1.337465 0 -1.070347
2658 1.341986 0 -0.749793
2659 1.298185 0 -0.408206
2660 1.290308 0 -0.069964
2661 1.250069 0 0.241639
2662 1.202229 0 0.513918
2663 1.173285 0 0.714830
2664 1.152071 0 0.772407
2665 1.184196 0 0.766118
2666 1.232835 0 0.745708
2667 1.225502 0 0.765154
2668 1.211390 0 0.727863
2669 1.196047 0 0.653408
2670 1.202930 0 0.518181
2671 1.201676 0 0.331138
2672 1.270619 0 0.178027
2673 1.268096 0 0.066336
2674 1.268225 0 0.094804
2675 1.229840 0 0.111424
2676 1.238902 0 0.013823
2677 1.192900 0 -0.081346
2678 1.156179 0 -0.236550
2679 1.077916 0 -0.365441
2680 1.000022 0 -0.565487
2681 0.968120 0 -0.772930
2682 0.975135 0 -1.062159
2683 0.977924 0 -1.345241
2684 0.915698 0 -1.634974
2685 0.800711 0 -1.896747
2686 0.587284 0 -2.095377
2687 0.322184 0 -2.215964
2688 0.113441 0 -2.252783
2689 -0.029783 0 -2.295024
2690 -0.097798 0 -2.304484
2691 -0.090945 0 -2.339691
2692 -0.011396 0 -2.363593
2693 0.105869 0 -2.393984
2694 0.150481 0 -2.394225
2695 0.170955 0 -2.347223
2696 0.172337 0 -2.273785
2697 0.124287 0 -2.185718
2698 0.174950 0 -2.082697
2699 0.230500 0 -2.005925
2700 0.282219 0 -1.960064
2701 0.333723 0 -1.910257
2702 0.335733 0 -1.893282
2703 0.391228 0 -1.888443
2704 0.441146 0 -1.857630
2705 0.492889 0 -1.813295
2706 0.565140 0 -1.813294
2707 0.661857 0 -1.776792
2708 0.781608 0 -1.759224
2709 0.937770 0 -1.674052
2710 1.078370 0 -1.498306
2711 1.201973 0 -1.167754
2712 1.234971 0 -0.794742
2713 1.233079 0 -0.497040
2714 1.249209 0 -0.242461
2715 1.269739 0 -0.047450
2716 1.310033 0 0.153241
2717 1.380819 0 0.279288
2718 1.427972 0 0.372478
2719 1.446890 0 0.433504
2720 1.454013 0 0.500651
2721 1.455519 0 0.549718
2722 1.450263 0 0.578014
2723 1.440409 0 0.557930
2724 1.385079 0 0.504897
2725 1.303304 0 0.451304
2726 1.256776 0 0.498199
2727 1.213407 0 0.723908
2728 1.101763 0 0.966935
2729 1.010696 0 1.183406
2730 0.978575 0 1.344515
2731 0.926622 0 1.488779
2732 0.812218 0 1.584101
2733 0.709852 0 1.644721
2734 0.665405 0 1.588428
2735 0.750260 0 1.457071
2736 0.848659 0 1.283708
2737 0.880141 0 1.121145
2738 0.822028 0 0.964094
2739 0.683391 0 0.903760
2740 0.461871 0 0.880944
2741 0.226644 0 0.948871
2742 -0.004866 0 1.061126
2743 -0.193973 0 1.119746
2744 -0.421395 0 1.137981
2745 -0.577669 0 1.148762
2746 -0.728505 0 1.179437
2747 -0.844591 0 1.248747
2748 -0.867864 0 1.312144
2749 -0.784391 0 1.326718
2750 -0.616816 0 1.294711
2751 -0.536833 0 1.221414
2752 -0.508468 0 1.157034
2753 -0.578561 0 1.123048
2754 -0.661688 0 1.169986
2755 -0.748499 0 1.180628
2756 -0.823606 0 1.180953
2757 -0.839183 0 1.127606
2758 -0.829008 0 1.037099
2759 -0.823257 0 0.951191
2760 -0.753331 0 0.887318
2761 -0.686198 0 0.828733
2762 -0.611029 0 0.771223
2763 -0.575750 0 0.687940
2764 -0.559782 0 0.594877
2765 -0.585607 0 0.541656
2766 -0.580276 0 0.499149
2767 -0.555867 0 0.497118
2768 -0.494340 0 0.488172
2769 -0.436456 0 0.478392
2770 -0.393263 0 0.503266
2771 -0.424314 0 0.547715
2772 -0.456745 0 0.589248
2773 -0.553684 0 0.582961
2774 -0.680335 0 0.568030
2775 -0.829590 0 0.489768
2776 -0.938527 0 0.430975
2777 -1.019398 0 0.373197
2778 -1.036389 0 0.378077
2779 -0.999329 0 0.362989
2780 -0.986164 0 0.342053
2781 -0.978158 0 0.301006
2782 -1.003710 0 0.286582
2783 -1.028053 0 0.261536
2784 -1.023784 0 0.211354
2785 -1.008488 0 0.186525
2786 -0.987594 0 0.185430
2787 -0.961724 0 0.205572
2788 -0.992334 0 0.257670
2789 -1.012943 0 0.347842
2790 -0.996791 0 0.390930
2791 -1.006802 0 0.437210
2792 -0.999128 0 0.463273
2793 -0.931265 0 0.498648
2794 -0.878793 0 0.591035
2795 -0.792272 0 0.652012
2796 -0.696517 0 0.708920
2797 -0.576532 0 0.716120
2798 -0.480781 0 0.702218
2799 -0.402453 0 0.678060
2800 -0.340018 0 0.626091
2801 -0.288177 0 0.632832
2802 -0.217138 0 0.651301
2803 -0.129352 0 0.664598
2804 -0.048231 0 0.705357
2805 -0.027882 0 0.771520
2806 -0.019033 0 0.850358
2807 0.012250 0 0.944877
2808 0.054756 0 1.090304
2809 0.109417 0 1.291676
2810 0.169240 0 1.544349
2811 0.220033 0 1.763530
2812 0.268960 0 1.912797
2813 0.335762 0 1.976559
2814 0.402360 0 2.055765
2815 0.532899 0 2.162743
2816 0.649707 0 2.341429
2817 0.755047 0 2.471446
2818 0.760701 0 2.531574
2819 0.776649 0 2.606446
2820 0.862450 0 2.662710
2821 0.957839 0 2.759401
2822 1.058957 0 2.857997
2823 1.161098 0 2.896908
2824 1.234937 0 2.919894
2825 1.350616 0 2.911936
2826 1.428185 0 2.886848
2827 1.501753 0 2.900171
2828 1.521827 0 2.886602
2829 1.546285 0 2.896849
2830 1.585142 0 2.987326
2831 1.671149 0 3.039764
2832 1.758596 0 3.090480
2833 1.795098 0 3.078102
2834 1.778814 0 3.043976
2835 1.787370 0 3.049941
2836 1.815495 0 3.029655
2837 1.829002 0 3.023764
2838 1.874172 0 3.018358
2839 1.905608 0 2.990435
2840 1.930863 0 3.038744
2841 1.937796 0 3.055654
2842 1.950679 0 3.016464
2843 1.945260 0 2.972636
2844 1.912271 0 2.951757
2845 1.876188 0 2.991638
2846 1.880310 0 3.075359
2847 1.885975 0 3.100646
2848 1.901142 0 3.043050
2849 1.899462 0 2.932210
2850 1.889848 0 2.898162
2851 1.887040 0 2.981204
2852 1.922345 0 3.036865
2853 2.042037 0 3.043492
2854 2.148990 0 2.987024
2855 2.222772 0 2.902956
2856 2.249647 0 2.845046
2857 2.232043 0 2.824788
2858 2.130804 0 2.842210
2859 1.982967 0 2.866190
2860 1.780264 0 2.874182
2861 1.598966 0 2.865117
2862 1.374350 0 2.803702
2863 1.136564 0 2.772596
2864 0.883362 0 2.737140
2865 0.628502 0 2.694088
2866 0.449722 0 2.678886
2867 0.271568 0 2.704700
2868 0.105921 0 2.668871
2869 -0.077553 0 2.668405
2870 -0.263205 0 2.702767
2871 -0.447205 0 2.806477
2872 -0.667110 0 2.956937
2873 -0.956905 0 3.144407
2874 -1.236612 0 3.261884
2875 -1.505995 0 3.362503
2876 -1.721479 0 3.476588
2877 -1.908067 0 3.600934
2878 -1.989285 0 3.686467
2879 -2.047274 0 3.711896
2880 -2.039334 0 3.688651
2881 -2.054897 0 3.700642
2882 -2.074467 0 3.770414
2883 -1.902669 0 3.703429
2884 -1.574475 0 3.463394
2885 -1.284079 0 3.193856
2886 -1.086527 0 3.058598
2887 -0.986662 0 3.032355
2888 -0.922081 0 3.124962
2889 -0.859137 0 3.227867
2890 -0.763904 0 3.257234
2891 -0.620866 0 3.287577
2892 -0.507747 0 3.299930
2893 -0.509832 0 3.381365
2894 -0.568767 0 3.413517
2895 -0.588725 0 3.385330
2896 -0.493969 0 3.283628
2897 -0.376973 0 3.095509
2898 -0.237691 0 2.862907
2899 -0.090538 0 2.626218
2900 0.000843 0 2.495472
2901 0.108401 0 2.388332
2902 0.171843 0 2.292179
2903 0.168310 0 2.218504
2904 0.156602 0 2.154890
2905 0.189376 0 2.114174
2906 0.237364 0 2.049273
2907 0.265716 0 1.993924
2908 0.278012 0 1.924218
2909 0.274293 0 1.829349
2910 0.264894 0 1.679554
2911 0.278373 0 1.544172
2912 0.314787 0 1.349967
2913 0.232475 0 1.148146
2914 0.121318 0 0.986111
2915 0.037080 0 0.812352
2916 -0.048865 0 0.666444
2917 -0.167210 0 0.544160
2918 -0.298795 0 0.548139
2919 -0.420827 0 0.580464
2920 -0.542395 0 0.595985
2921 -0.652574 0 0.541952
2922 -0.684074 0 0.513344
2923 -0.653645 0 0.424472
2924 -0.480718 0 0.228413
2925 -0.331019 0 0.017836
2926 -0.263985 0 -0.233959
2927 -0.322931 0 -0.486350
2928 -0.508511 0 -0.713818
2929 -0.725345 0 -0.822473
2930 -0.907317 0 -0.841576
2931 -1.011890 0 -0.893882
2932 -1.032207 0 -0.924657
2933 -0.984765 0 -0.991229
2934 -0.975699 0 -1.104994
2935 -1.007939 0 -1.101673
2936 -1.048076 0 -1.102444
2937 -1.051820 0 -1.072960
2938 -0.963162 0 -1.023957
2939 -0.803345 0 -1.121197
2940 -0.728565 0 -1.310702
2941 -0.839316 0 -1.537953
2942 -1.013711 0 -1.530860
2943 -1.173527 0 -1.454981
2944 -1.178629 0 -1.326488
2945 -1.135691 0 -1.230409
2946 -1.027634 0 -1.276820
2947 -0.989682 0 -1.491111
2948 -1.005971 0 -1.715777
2949 -0.961256 0 -1.899156
2950 -0.870503 0 -2.075350
1
0 0 0 0