Bones: 1
"12.joint_HipMaster"
""
8 0 0 0 0 -0 0
3770
0.000001 2.334736 0 1.023982
2 2.378552 0 1.315350
3 2.388979 0 1.593970
4 2.441212 0 1.863068
5 2.461608 0 2.113649
6 2.375991 0 2.319856
7 2.257445 0 2.516551
8 2.172386 0 2.741806
9 2.093079 0 2.962650
10 1.979519 0 3.134680
11 1.909378 0 3.391883
12 1.832197 0 3.746001
13 1.708839 0 3.988666
14 1.627075 0 4.215454
15 1.533098 0 4.423234
16 1.485147 0 4.571888
17 1.388802 0 4.672244
18 1.209349 0 4.797751
19 1.014825 0 4.924684
20 0.735363 0 5.013626
21 0.362704 0 5.100357
22 -0.184150 0 5.201632
23 -0.756760 0 5.205206
24 -1.384249 0 5.260639
25 -1.888214 0 5.418257
26 -2.350683 0 5.621413
27 -2.707257 0 5.884731
28 -3.047035 0 6.028401
29 -3.357487 0 6.152785
30 -3.631560 0 6.253318
31 -3.862893 0 6.409262
32 -4.132391 0 6.496803
33 -4.420729 0 6.612825
34 -4.671071 0 6.764083
35 -4.845989 0 6.905354
36 -4.998751 0 7.034411
37 -5.166599 0 7.140153
38 -5.310840 0 7.260542
39 -5.423853 0 7.407081
40 -5.545524 0 7.530763
41 -5.634444 0 7.623960
42 -5.756208 0 7.714488
43 -5.813559 0 7.817129
44 -5.883889 0 7.854642
45 -5.916645 0 7.867284
46 -5.907423 0 7.935291
47 -5.923064 0 7.986354
48 -5.942801 0 7.997172
49 -5.929935 0 8.077663
50 -5.919470 0 8.171655
51 -5.789465 0 8.251216
52 -5.619005 0 8.331396
53 -5.351582 0 8.392720
54 -5.088135 0 8.477164
55 -4.857293 0 8.417307
56 -4.551692 0 8.415331
57 -4.272358 0 8.432282
58 -4.137032 0 8.387482
59 -3.996110 0 8.370794
60 -3.789174 0 8.434337
61 -3.434168 0 8.502710
62 -3.174284 0 8.594543
63 -2.979458 0 8.522807
64 -2.697349 0 8.441324
65 -2.401024 0 8.480120
66 -2.144538 0 8.455729
67 -1.775812 0 8.502733
68 -1.350790 0 8.510498
69 -0.985558 0 8.419369
70 -0.771267 0 8.454941
71 -0.494175 0 8.481956
72 -0.260369 0 8.479846
73 0.014012 0 8.491315
74 0.262056 0 8.370482
75 0.469460 0 8.181870
76 0.610733 0 8.018195
77 0.792533 0 7.898323
78 0.920180 0 7.726427
79 1.041263 0 7.613586
80 1.165548 0 7.481700
81 1.349192 0 7.521742
82 1.410269 0 7.596834
83 1.431206 0 7.651011
84 1.499810 0 7.553252
85 1.607335 0 7.381864
86 1.774602 0 7.214219
87 1.857723 0 7.090853
88 1.998498 0 7.025758
89 2.155216 0 6.868922
90 2.259326 0 6.732370
91 2.416644 0 6.541248
92 2.521901 0 6.416052
93 2.631574 0 6.315619
94 2.749782 0 6.099096
95 2.762473 0 5.979206
96 2.816746 0 5.915675
97 2.859118 0 5.941050
98 2.835468 0 6.035196
99 2.874519 0 6.128354
100 2.892519 0 6.119239
101 2.843217 0 6.192438
102 2.820423 0 6.164815
103 2.810410 0 6.104550
104 2.695088 0 5.985273
105 2.592469 0 5.682922
106 2.479904 0 5.341319
107 2.478566 0 5.099239
108 2.465214 0 4.997875
109 2.363711 0 4.866241
110 2.205644 0 4.951886
111 2.086051 0 5.149616
112 2.033240 0 5.398307
113 2.008611 0 5.725436
114 1.971523 0 5.961894
115 1.897700 0 5.965781
116 1.841461 0 5.788849
117 1.779436 0 5.607460
118 1.649981 0 5.393573
119 1.447222 0 5.200235
120 1.317138 0 5.085347
121 1.124717 0 4.941761
122 0.991828 0 4.809478
123 0.874648 0 4.789258
124 0.738184 0 4.773276
125 0.583742 0 4.745469
126 0.471918 0 4.941883
127 0.429075 0 5.249311
128 0.387420 0 5.485663
129 0.336648 0 5.743874
130 0.228115 0 5.880150
131 0.168612 0 6.008384
132 0.085150 0 6.139974
133 0.033498 0 6.183583
134 0.000861 0 6.251855
135 0.004453 0 6.366212
136 0.018074 0 6.498020
137 0.123186 0 6.630557
138 0.362953 0 6.651769
139 0.626041 0 6.567414
140 0.869146 0 6.529166
141 1.009153 0 6.584283
142 1.211647 0 6.603242
143 1.449708 0 6.530563
144 1.605919 0 6.621926
145 1.649454 0 6.612254
146 1.567886 0 6.583971
147 1.471287 0 6.522532
148 1.398845 0 6.440732
149 1.317519 0 6.248862
150 1.239790 0 6.037549
151 1.200844 0 5.992045
152 1.191071 0 5.974930
153 1.177060 0 6.113518
154 1.213993 0 6.256548
155 1.272847 0 6.410500
156 1.335181 0 6.517177
157 1.442224 0 6.515296
158 1.570217 0 6.543728
159 1.593637 0 6.472708
160 1.564967 0 6.317651
161 1.581785 0 6.205216
162 1.592125 0 6.014834
163 1.557338 0 5.804306
164 1.592504 0 5.603826
165 1.539259 0 5.489294
166 1.478464 0 5.412020
167 1.453475 0 5.500505
168 1.384959 0 5.639767
169 1.281553 0 5.840030
170 1.257596 0 6.087408
171 1.149219 0 6.182328
172 0.942936 0 6.229196
173 0.806333 0 6.093369
174 0.728647 0 5.979319
175 0.590665 0 5.857223
176 0.456625 0 5.665123
177 0.310218 0 5.505833
178 0.208308 0 5.466099
179 0.128221 0 5.484706
180 0.055219 0 5.584166
181 0.019600 0 5.691863
182 0.002608 0 5.945108
183 0.008345 0 6.199384
184 -0.015648 0 6.449280
185 -0.042559 0 6.535002
186 -0.108941 0 6.598711
187 -0.241568 0 6.583731
188 -0.399098 0 6.748265
189 -0.570317 0 6.908534
190 -0.659961 0 6.929818
191 -0.830755 0 6.928753
192 -1.118583 0 6.930416
193 -1.561223 0 6.885107
194 -1.983229 0 6.910772
195 -2.361992 0 6.905391
196 -2.617994 0 6.902880
197 -2.922354 0 6.923866
198 -3.263011 0 6.974144
199 -3.619596 0 6.983847
200 -3.879805 0 7.015609
201 -4.013590 0 6.932507
202 -4.069442 0 7.036551
203 -4.049922 0 6.982415
204 -3.977160 0 6.911360
205 -3.900820 0 6.727976
206 -3.775595 0 6.499693
207 -3.744837 0 6.328107
208 -3.777025 0 6.323061
209 -3.727502 0 6.341805
210 -3.732635 0 6.331441
211 -3.732062 0 6.387619
212 -3.666456 0 6.501394
213 -3.636738 0 6.558678
214 -3.549561 0 6.540820
215 -3.414949 0 6.441971
216 -3.307681 0 6.368555
217 -3.232051 0 6.330382
218 -3.086253 0 6.307554
219 -2.908143 0 6.263003
220 -2.651709 0 6.208788
221 -2.283330 0 6.185362
222 -1.926461 0 6.257853
223 -1.577688 0 6.393797
224 -1.247676 0 6.484068
225 -0.975141 0 6.573495
226 -0.724371 0 6.762009
227 -0.548079 0 6.867350
228 -0.452391 0 6.921541
229 -0.319564 0 6.975348
230 -0.280506 0 6.999154
231 -0.255737 0 7.012207
232 -0.274108 0 6.994400
233 -0.364843 0 6.938150
234 -0.476695 0 6.888094
235 -0.569387 0 6.788791
236 -0.622484 0 6.795640
237 -0.577913 0 6.802527
238 -0.509795 0 6.856667
239 -0.459237 0 6.956577
240 -0.525326 0 7.153014
241 -0.603192 0 7.260816
242 -0.690099 0 7.229320
243 -0.809529 0 7.176854
244 -0.897543 0 7.081629
245 -0.985078 0 7.008678
246 -1.113783 0 6.937199
247 -1.252520 0 6.799208
248 -1.480700 0 6.734265
249 -1.782134 0 6.664713
250 -2.105892 0 6.687381
251 -2.428509 0 6.718637
252 -2.689341 0 6.713035
253 -2.883238 0 6.741011
254 -2.995984 0 6.756906
255 -3.063328 0 6.770666
256 -3.173446 0 6.708580
257 -3.256027 0 6.680619
258 -3.303502 0 6.677506
259 -3.277558 0 6.698223
260 -3.231517 0 6.760441
261 -3.103846 0 6.758797
262 -3.041364 0 6.745927
263 -3.011444 0 6.682161
264 -3.033911 0 6.654724
265 -2.965888 0 6.656795
266 -2.937324 0 6.681251
267 -2.912838 0 6.700223
268 -2.984612 0 6.760162
269 -3.012853 0 6.888595
270 -2.968859 0 7.024433
271 -2.790846 0 7.177046
272 -2.581998 0 7.262139
273 -2.274718 0 7.268531
274 -1.871065 0 7.240578
275 -1.324862 0 7.189969
276 -0.750702 0 7.226683
277 -0.248222 0 7.441441
278 0.185354 0 7.615950
279 0.468543 0 7.695885
280 0.768508 0 7.759742
281 1.103558 0 7.859064
282 1.388288 0 7.899533
283 1.698616 0 7.943985
284 1.969106 0 8.006696
285 2.216410 0 8.088075
286 2.452662 0 8.164588
287 2.672398 0 8.212373
288 2.844349 0 8.260855
289 2.995492 0 8.326248
290 3.092308 0 8.359919
291 3.208878 0 8.433804
292 3.305969 0 8.439508
293 3.419563 0 8.437640
294 3.476882 0 8.448100
295 3.606579 0 8.422236
296 3.761405 0 8.381183
297 3.903386 0 8.337791
298 4.016205 0 8.237162
299 4.143362 0 8.156953
300 4.256825 0 8.137531
301 4.359296 0 8.013218
302 4.492508 0 7.845244
303 4.655361 0 7.636334
304 4.821434 0 7.344053
305 4.947646 0 7.022508
306 4.990406 0 6.842798
307 4.994102 0 6.724003
308 5.107223 0 6.638570
309 5.223783 0 6.459838
310 5.414786 0 6.189482
311 5.584876 0 5.737045
312 5.718573 0 5.289533
313 5.779909 0 4.834589
314 5.823152 0 4.410178
315 5.811072 0 4.024973
316 5.704621 0 3.684563
317 5.509416 0 3.334812
318 5.470968 0 3.213037
319 5.599115 0 3.268807
320 5.816736 0 3.360422
321 6.063981 0 3.190272
322 6.253271 0 2.922114
323 6.484270 0 2.535625
324 6.576590 0 2.089941
325 6.537312 0 1.601499
326 6.281079 0 1.195522
327 5.948223 0 0.942074
328 5.558036 0 0.791799
329 5.142137 0 0.767361
330 4.798256 0 0.886837
331 4.511902 0 1.122014
332 4.313261 0 1.386538
333 4.189502 0 1.596137
334 4.099565 0 1.741787
335 4.017199 0 1.795233
336 4.035502 0 1.866780
337 4.051459 0 1.914775
338 4.034083 0 1.930873
339 3.963981 0 1.974604
340 3.974063 0 1.996936
341 3.994377 0 2.089577
342 3.999793 0 2.143753
343 3.935056 0 2.113429
344 3.841390 0 2.069659
345 3.772845 0 2.028407
346 3.586434 0 1.853369
347 3.391549 0 1.693689
348 3.283851 0 1.676863
349 3.312656 0 1.666163
350 3.261688 0 1.652675
351 3.143110 0 1.613164
352 3.095963 0 1.605220
353 3.129154 0 1.675679
354 3.132907 0 1.692949
355 3.120593 0 1.700733
356 3.102216 0 1.669483
357 3.082633 0 1.641102
358 3.065192 0 1.633529
359 3.045178 0 1.638980
360 3.044884 0 1.620622
361 3.047809 0 1.621114
362 3.063577 0 1.637087
363 3.079370 0 1.652203
364 3.094835 0 1.648717
365 3.110320 0 1.645790
366 3.133991 0 1.629351
367 3.148238 0 1.611883
368 3.206051 0 1.623242
369 3.295615 0 1.672822
370 3.409244 0 1.708485
371 3.528882 0 1.740525
372 3.624334 0 1.720383
373 3.707646 0 1.731033
374 3.794742 0 1.742310
375 3.903634 0 1.736083
376 3.986852 0 1.768382
377 4.043231 0 1.835383
378 4.012220 0 1.959072
379 3.992642 0 2.055505
380 3.957209 0 2.132304
381 3.923256 0 2.113335
382 3.875819 0 2.030855
383 3.862800 0 1.855257
384 3.862826 0 1.708424
385 3.806781 0 1.534558
386 3.746130 0 1.365113
387 3.695445 0 1.323661
388 3.563924 0 1.356667
389 3.437624 0 1.422993
390 3.435151 0 1.395709
391 3.400653 0 1.396635
392 3.446899 0 1.458098
393 3.414903 0 1.479878
394 3.435168 0 1.581046
395 3.422601 0 1.601229
396 3.315945 0 1.540650
397 3.167074 0 1.412479
398 3.056425 0 1.361689
399 2.848269 0 1.259975
400 2.615748 0 1.186895
401 2.435331 0 1.161973
402 2.279406 0 1.134945
403 2.095279 0 1.113231
404 1.973727 0 1.239249
405 1.935141 0 1.371089
406 1.894685 0 1.492201
407 1.867594 0 1.674192
408 1.857689 0 1.785224
409 1.723701 0 1.856273
410 1.661090 0 1.886328
411 1.613275 0 1.893309
412 1.435570 0 1.826019
413 1.308921 0 1.616239
414 1.238041 0 1.423917
415 1.178436 0 1.227455
416 1.193846 0 1.140221
417 1.284394 0 1.034279
418 1.284699 0 1.068170
419 1.282016 0 1.047686
420 1.234986 0 1.100102
421 1.183132 0 1.211867
422 1.173075 0 1.234662
423 1.132348 0 1.265885
424 1.241159 0 1.285943
425 1.292174 0 1.295851
426 1.408304 0 1.296312
427 1.519866 0 1.357019
428 1.641445 0 1.309291
429 1.805651 0 1.309803
430 1.946493 0 1.299924
431 2.071745 0 1.332810
432 2.180398 0 1.383532
433 2.221326 0 1.466792
434 2.232092 0 1.495436
435 2.198142 0 1.564117
436 2.119934 0 1.574784
437 1.975708 0 1.612629
438 1.854726 0 1.641657
439 1.695228 0 1.686369
440 1.525820 0 1.715005
441 1.309052 0 1.775863
442 1.196061 0 1.735014
443 1.061650 0 1.707720
444 0.949905 0 1.701742
445 0.911712 0 1.618563
446 0.805629 0 1.591376
447 0.683089 0 1.617985
448 0.685472 0 1.673489
449 0.628378 0 1.578869
450 0.718141 0 1.531427
451 0.796547 0 1.570547
452 0.773291 0 1.687298
453 0.772952 0 1.873633
454 0.671180 0 1.965176
455 0.556354 0 2.002406
456 0.520276 0 1.975540
457 0.548039 0 1.892892
458 0.620507 0 1.868831
459 0.676458 0 1.912468
460 0.823684 0 1.981013
461 0.980025 0 2.031380
462 1.124892 0 2.118292
463 1.155324 0 2.228943
464 1.295950 0 2.283026
465 1.541764 0 2.302279
466 1.870558 0 2.352138
467 2.166788 0 2.445143
468 2.429014 0 2.493859
469 2.751772 0 2.501401
470 3.139993 0 2.569244
471 3.450524 0 2.686901
472 3.778258 0 2.823143
473 4.107582 0 2.835530
474 4.375980 0 2.852036
475 4.592485 0 2.886992
476 4.793247 0 3.002220
477 4.974834 0 3.143115
478 5.121927 0 3.158033
479 5.255953 0 3.181046
480 5.311384 0 3.108938
481 5.429731 0 2.965102
482 5.464873 0 2.838387
483 5.462144 0 2.774987
484 5.433932 0 2.737978
485 5.401337 0 2.680723
486 5.274560 0 2.622025
487 5.172260 0 2.666685
488 5.072560 0 2.699745
489 5.075151 0 2.686369
490 5.137331 0 2.646193
491 5.149641 0 2.565248
492 5.089110 0 2.430150
493 4.962357 0 2.344479
494 4.814592 0 2.254306
495 4.573228 0 2.202561
496 4.336697 0 2.239331
497 4.163398 0 2.378074
498 3.983359 0 2.476647
499 3.789313 0 2.614841
500 3.587095 0 2.694874
501 3.408966 0 2.736784
502 3.187867 0 2.801955
503 2.981563 0 2.829626
504 2.744899 0 2.874504
505 2.497124 0 2.859526
506 2.238765 0 2.902222
507 2.043638 0 2.911009
508 1.852786 0 2.954839
509 1.662832 0 3.022778
510 1.475506 0 3.049649
511 1.346504 0 3.058401
512 1.212408 0 3.103238
513 1.062634 0 3.171414
514 0.837739 0 3.209821
515 0.539412 0 3.256763
516 0.193448 0 3.319982
517 -0.200964 0 3.395854
518 -0.605677 0 3.484169
519 -0.970061 0 3.562407
520 -1.362548 0 3.599895
521 -1.692147 0 3.672433
522 -2.048661 0 3.710329
523 -2.336176 0 3.768528
524 -2.650999 0 3.815932
525 -2.896566 0 3.830595
526 -3.152100 0 3.852839
527 -3.350119 0 3.907134
528 -3.524831 0 3.927408
529 -3.693575 0 3.963598
530 -3.831706 0 4.003053
531 -3.944974 0 4.025135
532 -4.057572 0 4.039015
533 -4.173628 0 4.053852
534 -4.276999 0 4.069782
535 -4.368039 0 4.056517
536 -4.442305 0 4.044028
537 -4.500846 0 4.030482
538 -4.550155 0 4.001140
539 -4.610758 0 3.961855
540 -4.628614 0 3.898640
541 -4.660628 0 3.834940
542 -4.743156 0 3.771372
543 -4.822174 0 3.676826
544 -4.907965 0 3.567201
545 -4.976089 0 3.427517
546 -5.058350 0 3.307761
547 -5.118421 0 3.212442
548 -5.104514 0 3.090198
549 -5.049454 0 3.016366
550 -5.015555 0 2.938844
551 -4.912631 0 2.785299
552 -4.794177 0 2.637903
553 -4.679575 0 2.459474
554 -4.501575 0 2.283554
555 -4.396905 0 2.032917
556 -4.341206 0 1.763185
557 -4.277098 0 1.441280
558 -4.152408 0 1.104070
559 -4.048444 0 0.902807
560 -4.080970 0 0.887167
561 -4.052331 0 0.883329
562 -4.023005 0 0.883138
563 -3.849657 0 0.941399
564 -3.676699 0 0.992629
565 -3.478168 0 1.014963
566 -3.293828 0 1.034463
567 -3.188960 0 0.990991
568 -3.085032 0 0.977828
569 -2.971706 0 1.010617
570 -2.781291 0 1.031599
571 -2.574717 0 1.052823
572 -2.430789 0 1.056459
573 -2.308084 0 1.101490
574 -2.245060 0 1.058466
575 -2.213853 0 1.142964
576 -2.251496 0 1.393335
577 -2.085953 0 1.616158
578 -1.886929 0 1.648958
579 -1.866885 0 1.697082
580 -1.866958 0 1.722134
581 -1.869931 0 1.748187
582 -1.900909 0 1.816345
583 -1.994775 0 1.877006
584 -2.119015 0 1.954906
585 -2.213197 0 2.048464
586 -2.303615 0 2.096181
587 -2.410084 0 2.103908
588 -2.451633 0 2.104322
589 -2.446122 0 2.207801
590 -2.471189 0 2.272179
591 -2.525596 0 2.322809
592 -2.528797 0 2.333312
593 -2.449096 0 2.346886
594 -2.327859 0 2.404263
595 -2.241905 0 2.378710
596 -2.195974 0 2.365704
597 -2.155580 0 2.288693
598 -2.102203 0 2.168525
599 -2.121232 0 2.161983
600 -2.036191 0 2.107637
601 -1.929552 0 2.219961
602 -1.680803 0 2.201025
603 -1.496741 0 2.100369
604 -1.323078 0 2.070353
605 -1.272197 0 2.095170
606 -1.266360 0 2.011509
607 -1.157300 0 1.846059
608 -0.920413 0 1.675452
609 -0.728506 0 1.554003
610 -0.474850 0 1.471177
611 -0.197897 0 1.409186
612 0.028482 0 1.418644
613 0.262075 0 1.348584
614 0.573468 0 1.224235
615 0.974634 0 1.079304
616 1.318648 0 0.891709
617 1.568306 0 0.696184
618 1.678436 0 0.493951
619 1.830759 0 0.288955
620 1.975795 0 0.169678
621 2.017456 0 0.095424
622 2.021575 0 0.061435
623 2.064470 0 0.070324
624 2.159686 0 0.125385
625 2.242733 0 0.200527
626 2.372386 0 0.296079
627 2.549239 0 0.391491
628 2.713588 0 0.416827
629 2.862298 0 0.454384
630 2.982751 0 0.512478
631 3.064112 0 0.587402
632 3.088726 0 0.668878
633 3.118368 0 0.760635
634 3.126916 0 0.837226
635 3.146060 0 0.917168
636 3.146058 0 0.976704
637 3.221836 0 1.002937
638 3.259179 0 1.069991
639 3.267981 0 1.093164
640 3.293211 0 1.136699
641 3.290826 0 1.215772
642 3.127681 0 1.315615
643 2.933999 0 1.394888
644 2.718689 0 1.517592
645 2.517895 0 1.656736
646 2.392939 0 1.812370
647 2.273592 0 2.000941
648 2.147386 0 2.130264
649 2.115648 0 2.283597
650 2.204914 0 2.399586
651 2.248616 0 2.472920
652 2.198439 0 2.547775
653 2.217110 0 2.647597
654 2.212593 0 2.725347
655 2.157688 0 2.765538
656 2.134219 0 2.801365
657 2.132614 0 2.809411
658 2.040252 0 2.802991
659 2.023341 0 2.934328
660 2.056113 0 3.012032
661 2.066214 0 3.146663
662 1.935493 0 3.230229
663 1.837016 0 3.336842
664 1.743955 0 3.369020
665 1.683647 0 3.428638
666 1.606999 0 3.373242
667 1.547280 0 3.359707
668 1.419077 0 3.274530
669 1.315370 0 3.184412
670 1.171655 0 3.087835
671 0.975645 0 3.065477
672 0.756162 0 3.085017
673 0.513066 0 3.255962
674 0.234129 0 3.298340
675 0.013392 0 3.391587
676 -0.223994 0 3.549118
677 -0.544786 0 3.747052
678 -0.773673 0 3.803804
679 -1.023704 0 3.847072
680 -1.268866 0 3.915923
681 -1.465051 0 3.983278
682 -1.633090 0 4.117115
683 -1.801087 0 4.240856
684 -1.978565 0 4.336552
685 -2.173030 0 4.390485
686 -2.388906 0 4.490304
687 -2.658099 0 4.627543
688 -2.818971 0 4.761980
689 -3.022012 0 4.962786
690 -3.218129 0 5.180495
691 -3.405742 0 5.407725
692 -3.570365 0 5.600850
693 -3.676698 0 5.722039
694 -3.789115 0 5.794320
695 -3.931919 0 5.882681
696 -4.099264 0 5.928068
697 -4.274106 0 5.922899
698 -4.413279 0 5.893606
699 -4.639691 0 5.906881
700 -4.951346 0 5.979450
701 -5.187193 0 6.122018
702 -5.231874 0 6.218925
703 -5.256643 0 6.419851
704 -5.453272 0 6.532275
705 -5.744217 0 6.565294
706 -6.042123 0 6.551959
707 -6.282794 0 6.381480
708 -6.508377 0 6.281703
709 -6.741413 0 6.236878
710 -6.974912 0 6.166367
711 -7.183578 0 6.045511
712 -7.443010 0 6.046793
713 -7.655439 0 5.965847
714 -7.977412 0 5.895814
715 -8.132119 0 5.985677
716 -8.282043 0 6.018266
717 -8.464447 0 6.020768
718 -8.646901 0 5.981227
719 -8.895935 0 6.001496
720 -9.160345 0 5.832698
721 -9.302667 0 5.682270
722 -9.444445 0 5.556672
723 -9.647037 0 5.509852
724 -9.820601 0 5.465025
725 -10.092018 0 5.451126
726 -10.365419 0 5.420710
727 -10.573971 0 5.422056
728 -10.847283 0 5.402226
729 -11.102784 0 5.460641
730 -11.387180 0 5.506647
731 -11.692435 0 5.593107
732 -11.833628 0 5.527115
733 -11.962242 0 5.503821
734 -12.052359 0 5.421591
735 -12.147899 0 5.432103
736 -12.250249 0 5.487927
737 -12.261922 0 5.502531
738 -12.274526 0 5.457247
739 -12.302597 0 5.417209
740 -12.332471 0 5.453904
741 -12.342474 0 5.471900
742 -12.262569 0 5.542681
743 -12.213915 0 5.690976
744 -12.242368 0 5.832213
745 -12.376536 0 5.880578
746 -12.477146 0 5.934236
747 -12.556714 0 5.903886
748 -12.642282 0 5.912307
749 -12.599864 0 5.870002
750 -12.524499 0 5.756854
751 -12.334095 0 5.762785
752 -12.077580 0 5.744397
753 -11.834259 0 5.686158
754 -11.618370 0 5.646620
755 -11.352810 0 5.649675
756 -11.150909 0 5.713209
757 -11.005009 0 5.709855
758 -10.804416 0 5.687210
759 -10.557697 0 5.702425
760 -10.424513 0 5.716060
761 -10.380323 0 5.775426
762 -10.296892 0 5.805897
763 -10.191970 0 5.812440
764 -10.065990 0 5.770491
765 -10.011539 0 5.804424
766 -9.975951 0 5.791425
767 -9.923974 0 5.796588
768 -9.905997 0 5.788335
769 -9.975229 0 5.764450
770 -10.048331 0 5.795827
771 -10.144577 0 5.863622
772 -10.234779 0 5.859612
773 -10.348611 0 5.880081
774 -10.453067 0 5.922295
775 -10.534178 0 5.988401
776 -10.569097 0 6.059278
777 -10.536957 0 6.147020
778 -10.501012 0 6.192339
779 -10.498739 0 6.192733
780 -10.452667 0 6.208342
781 -10.424188 0 6.198812
782 -10.326659 0 6.207901
783 -10.250869 0 6.148949
784 -10.253408 0 6.163542
785 -10.350141 0 6.295314
786 -10.563426 0 6.420146
787 -10.683687 0 6.553381
788 -10.644968 0 6.616186
789 -10.707579 0 6.659029
790 -10.718421 0 6.654111
791 -10.624485 0 6.748267
792 -10.546536 0 6.817788
793 -10.532252 0 6.908958
794 -10.468502 0 7.056314
795 -10.401361 0 7.078625
796 -10.407533 0 6.981942
797 -10.423285 0 6.943814
798 -10.351419 0 6.884417
799 -10.213121 0 6.906460
800 -10.068853 0 6.945662
801 -9.861289 0 7.068252
802 -9.642434 0 7.157807
803 -9.469297 0 7.263773
804 -9.334315 0 7.446305
805 -9.210009 0 7.649331
806 -9.161361 0 7.826763
807 -9.111560 0 7.900888
808 -9.085119 0 7.942743
809 -9.013857 0 7.944945
810 -8.981142 0 7.903721
811 -9.006509 0 7.803144
812 -8.905784 0 7.734880
813 -8.795529 0 7.731428
814 -8.628704 0 7.800661
815 -8.458205 0 7.822251
816 -8.367656 0 7.856410
817 -8.289574 0 7.930248
818 -8.307284 0 8.002154
819 -8.308227 0 8.033131
820 -8.270603 0 8.105077
821 -8.261497 0 8.081055
822 -8.283184 0 8.046682
823 -8.281572 0 8.080974
824 -8.346141 0 8.107361
825 -8.415206 0 8.134548
826 -8.490652 0 8.105800
827 -8.560359 0 8.095697
828 -8.670541 0 8.052247
829 -8.740344 0 7.979687
830 -8.867158 0 7.987146
831 -8.928996 0 8.007558
832 -9.004418 0 8.053473
833 -9.162206 0 8.160928
834 -9.181281 0 8.115771
835 -9.248965 0 8.055175
836 -9.331143 0 8.017097
837 -9.467079 0 7.989372
838 -9.607756 0 7.946462
839 -9.813847 0 7.883490
840 -9.957529 0 7.894369
841 -10.099070 0 7.928104
842 -10.199532 0 7.925086
843 -10.204962 0 7.879269
844 -10.154641 0 7.841852
845 -10.056475 0 7.837127
846 -9.974071 0 7.857465
847 -9.892128 0 7.870612
848 -9.688587 0 7.791979
849 -9.534871 0 7.622855
850 -9.464705 0 7.466348
851 -9.440394 0 7.295445
852 -9.394816 0 7.199880
853 -9.436115 0 7.182753
854 -9.500282 0 7.157914
855 -9.564532 0 7.073215
856 -9.533477 0 6.987660
857 -9.416593 0 6.924021
858 -9.365829 0 6.802798
859 -9.254231 0 6.665393
860 -9.095067 0 6.564667
861 -8.943959 0 6.534757
862 -8.754084 0 6.510599
863 -8.606018 0 6.441810
864 -8.498531 0 6.440189
865 -8.397734 0 6.470274
866 -8.229897 0 6.414713
867 -8.032728 0 6.320995
868 -7.912892 0 6.269084
869 -7.736936 0 6.233019
870 -7.550819 0 6.201425
871 -7.364388 0 6.173834
872 -7.179835 0 6.197446
873 -6.951869 0 6.174962
874 -6.745963 0 6.277989
875 -6.601878 0 6.578032
876 -6.574190 0 6.832811
877 -6.708539 0 7.012685
878 -6.775311 0 7.090855
879 -6.744497 0 7.214655
880 -6.761719 0 7.353548
881 -6.723302 0 7.421032
882 -6.627842 0 7.469880
883 -6.653227 0 7.433145
884 -6.652904 0 7.371449
885 -6.665289 0 7.252990
886 -6.689183 0 7.192365
887 -6.673789 0 7.101855
888 -6.693066 0 7.021005
889 -6.700978 0 6.968182
890 -6.690408 0 6.908020
891 -6.696132 0 6.871601
892 -6.716171 0 6.855777
893 -6.746328 0 6.876496
894 -6.833985 0 6.942740
895 -6.892258 0 7.021895
896 -6.992993 0 7.130954
897 -7.144210 0 7.274096
898 -7.365646 0 7.442761
899 -7.630286 0 7.593410
900 -7.845005 0 7.764950
901 -7.996356 0 7.969561
902 -8.204130 0 8.203655
903 -8.414084 0 8.378522
904 -8.756494 0 8.441317
905 -9.088137 0 8.493694
906 -9.326749 0 8.527736
907 -9.467794 0 8.550398
908 -9.561127 0 8.538594
909 -9.639044 0 8.478081
910 -9.768457 0 8.537063
911 -9.916348 0 8.609031
912 -10.007174 0 8.685850
913 -10.119939 0 8.671831
914 -10.198780 0 8.521029
915 -10.273663 0 8.375951
916 -10.299832 0 8.212961
917 -10.296052 0 8.141335
918 -10.308872 0 8.072461
919 -10.342051 0 7.956976
920 -10.336515 0 7.797409
921 -10.348385 0 7.676476
922 -10.282775 0 7.520717
923 -10.191518 0 7.367867
924 -10.117373 0 7.257003
925 -9.966415 0 7.155124
926 -9.921515 0 7.159809
927 -9.905532 0 7.183928
928 -9.855932 0 7.146072
929 -9.836344 0 7.122415
930 -9.720592 0 7.076357
931 -9.612955 0 6.981228
932 -9.514314 0 6.879067
933 -9.398350 0 6.771064
934 -9.293968 0 6.663167
935 -9.254861 0 6.522719
936 -9.195961 0 6.428376
937 -9.156754 0 6.340115
938 -9.043777 0 6.275336
939 -8.926339 0 6.158410
940 -8.875445 0 6.157797
941 -8.774330 0 6.246901
942 -8.628719 0 6.367595
943 -8.443816 0 6.584022
944 -8.341416 0 6.580079
945 -8.264071 0 6.603833
946 -8.164491 0 6.549431
947 -8.077331 0 6.479488
948 -7.964213 0 6.355591
949 -7.877563 0 6.211633
950 -7.797770 0 6.062250
951 -7.722349 0 5.967073
952 -7.561142 0 5.906198
953 -7.327122 0 5.860803
954 -7.054922 0 5.887497
955 -6.805082 0 5.895720
956 -6.578542 0 5.897502
957 -6.377225 0 5.928535
958 -6.241615 0 5.976257
959 -6.058011 0 6.061824
960 -5.877314 0 6.120625
961 -5.651329 0 6.174905
962 -5.404095 0 6.221957
963 -5.152733 0 6.301165
964 -4.917201 0 6.360658
965 -4.661949 0 6.383013
966 -4.458333 0 6.380733
967 -4.206386 0 6.412216
968 -3.997204 0 6.458532
969 -3.732839 0 6.588493
970 -3.490192 0 6.744377
971 -3.341309 0 6.871989
972 -3.220689 0 6.948604
973 -3.095668 0 7.001572
974 -2.984288 0 6.954301
975 -2.856666 0 6.933889
976 -2.714556 0 6.913559
977 -2.588487 0 6.838343
978 -2.393178 0 6.764623
979 -2.177556 0 6.674664
980 -1.977999 0 6.647217
981 -1.729241 0 6.547481
982 -1.493024 0 6.455879
983 -1.264306 0 6.404286
984 -1.093803 0 6.445059
985 -0.959825 0 6.547229
986 -0.838875 0 6.686844
987 -0.710362 0 6.768217
988 -0.648162 0 6.713667
989 -0.642651 0 6.521762
990 -0.609596 0 6.321446
991 -0.552364 0 6.170277
992 -0.498682 0 6.043287
993 -0.438835 0 5.937575
994 -0.428702 0 5.769140
995 -0.385513 0 5.691515
996 -0.271826 0 5.697999
997 -0.249138 0 5.644546
998 -0.109005 0 5.728522
999 0.073126 0 5.738332
1000 0.167825 0 5.800241
1001 0.238286 0 5.902131
1002 0.219188 0 5.819495
1003 0.144471 0 5.683714
1004 0.170397 0 5.553671
1005 0.284080 0 5.359760
1006 0.319606 0 5.170242
1007 0.452155 0 4.947947
1008 0.536542 0 4.602216
1009 0.716741 0 4.295517
1010 0.903536 0 4.091832
1011 1.050650 0 3.873139
1012 1.302265 0 3.852131
1013 1.533895 0 3.780293
1014 1.846742 0 3.628275
1015 2.151714 0 3.580859
1016 2.337872 0 3.602903
1017 2.495603 0 3.530118
1018 2.605127 0 3.427867
1019 2.692847 0 3.398574
1020 2.620264 0 3.323726
1021 2.608686 0 3.258213
1022 2.655472 0 3.182253
1023 2.763316 0 3.070258
1024 2.895432 0 3.038405
1025 3.010982 0 3.075989
1026 3.044301 0 3.067190
1027 3.092700 0 3.072384
1028 3.110587 0 3.085302
1029 3.020194 0 3.038528
1030 2.985021 0 3.043018
1031 2.966882 0 3.049148
1032 2.921000 0 3.052414
1033 2.979300 0 3.048062
1034 3.032685 0 3.047226
1035 3.130726 0 3.081199
1036 3.119611 0 2.999660
1037 2.969150 0 3.087616
1038 2.741182 0 3.224170
1039 2.498573 0 3.346746
1040 2.189635 0 3.447225
1041 1.856084 0 3.570714
1042 1.506983 0 3.726886
1043 1.160879 0 3.896653
1044 0.870260 0 4.110338
1045 0.673181 0 4.350355
1046 0.459654 0 4.490643
1047 0.333436 0 4.547805
1048 0.316602 0 4.541347
1049 0.303229 0 4.471218
1050 0.273457 0 4.347426
1051 0.239603 0 4.253736
1052 0.256041 0 4.256539
1053 0.171195 0 4.251462
1054 0.038709 0 4.246864
1055 -0.110272 0 4.260600
1056 -0.306004 0 4.191445
1057 -0.463717 0 4.130147
1058 -0.694579 0 4.008700
1059 -1.009913 0 3.885577
1060 -1.346795 0 3.713245
1061 -1.656688 0 3.561510
1062 -1.982210 0 3.431433
1063 -2.272844 0 3.297383
1064 -2.590756 0 3.099742
1065 -2.840976 0 2.910076
1066 -2.999250 0 2.699446
1067 -3.156589 0 2.535832
1068 -3.257812 0 2.398798
1069 -3.457048 0 2.122110
1070 -3.570204 0 1.896896
1071 -3.665902 0 1.760740
1072 -3.825159 0 1.631029
1073 -3.982170 0 1.519617
1074 -4.077840 0 1.459122
1075 -4.169880 0 1.433674
1076 -4.351194 0 1.407315
1077 -4.504435 0 1.433513
1078 -4.635076 0 1.434231
1079 -4.724696 0 1.399468
1080 -4.740233 0 1.388435
1081 -4.704668 0 1.369143
1082 -4.702409 0 1.384894
1083 -4.705147 0 1.448817
1084 -4.642690 0 1.516187
1085 -4.573356 0 1.583492
1086 -4.567361 0 1.628523
1087 -4.461741 0 1.716006
1088 -4.336322 0 1.720798
1089 -4.276840 0 1.728193
1090 -4.271891 0 1.722327
1091 -4.312067 0 1.751223
1092 -4.302653 0 1.795241
1093 -4.131299 0 1.957441
1094 -3.912070 0 2.250931
1095 -3.792161 0 2.530677
1096 -3.624881 0 2.888777
1097 -3.464337 0 3.223323
1098 -3.275613 0 3.496650
1099 -3.077554 0 3.668325
1100 -2.870835 0 3.819857
1101 -2.649339 0 3.958990
1102 -2.380922 0 4.142204
1103 -2.144707 0 4.222388
1104 -1.920341 0 4.303843
1105 -1.699573 0 4.300069
1106 -1.414277 0 4.332604
1107 -1.121678 0 4.411316
1108 -0.912500 0 4.466837
1109 -0.760806 0 4.501685
1110 -0.589437 0 4.614295
1111 -0.433700 0 4.714952
1112 -0.281672 0 4.831398
1113 -0.174745 0 4.889435
1114 -0.058611 0 4.876823
1115 0.072635 0 4.837426
1116 0.194151 0 4.792697
1117 0.358367 0 4.771841
1118 0.608540 0 4.785285
1119 0.688912 0 4.799034
1120 0.654748 0 4.867263
1121 0.620830 0 4.850236
1122 0.665701 0 4.830796
1123 0.737141 0 4.767230
1124 0.812198 0 4.744011
1125 0.836717 0 4.804822
1126 0.799326 0 4.806189
1127 0.766079 0 4.816956
1128 0.684699 0 4.828772
1129 0.581706 0 4.822928
1130 0.445844 0 4.830281
1131 0.284675 0 4.857276
1132 0.139154 0 4.883898
1133 0.112600 0 4.901931
1134 0.137793 0 4.968304
1135 0.200067 0 5.005901
1136 0.260922 0 5.008531
1137 0.323133 0 5.009872
1138 0.339602 0 5.009538
1139 0.337125 0 5.029642
1140 0.356837 0 5.026560
1141 0.351766 0 5.043079
1142 0.350925 0 5.034160
1143 0.403001 0 5.064594
1144 0.529661 0 5.137794
1145 0.687090 0 5.156959
1146 0.960568 0 5.193639
1147 1.266577 0 5.287103
1148 1.609177 0 5.243683
1149 1.991906 0 5.247500
1150 2.352766 0 5.160200
1151 2.698674 0 5.065458
1152 2.984439 0 5.114666
1153 3.197254 0 5.224796
1154 3.431816 0 5.339429
1155 3.720167 0 5.493400
1156 4.048635 0 5.632576
1157 4.345566 0 5.774792
1158 4.592702 0 5.851083
1159 4.887557 0 5.946042
1160 5.220782 0 5.925877
1161 5.603743 0 5.926278
1162 5.919665 0 5.877070
1163 6.245161 0 5.858183
1164 6.524257 0 5.815710
1165 6.706543 0 5.798096
1166 6.852032 0 5.822787
1167 6.995761 0 5.849377
1168 7.132110 0 5.896416
1169 7.214996 0 5.946023
1170 7.289880 0 6.012401
1171 7.314918 0 6.027717
1172 7.342950 0 6.003067
1173 7.330873 0 5.990340
1174 7.337284 0 5.950900
1175 7.267227 0 5.943889
1176 7.209866 0 5.880345
1177 7.088486 0 5.823081
1178 6.977082 0 5.864713
1179 6.955621 0 5.929124
1180 7.003382 0 5.954530
1181 7.009971 0 5.857826
1182 7.034648 0 5.844289
1183 7.057559 0 5.883427
1184 7.046231 0 5.952964
1185 7.087500 0 5.972951
1186 7.110325 0 5.959941
1187 7.172364 0 6.022647
1188 7.244925 0 6.053477
1189 7.306832 0 5.999331
1190 7.358811 0 5.954460
1191 7.387383 0 5.944143
1192 7.325319 0 5.942669
1193 7.241395 0 5.935380
1194 7.161849 0 5.884878
1195 7.106398 0 5.837330
1196 7.069591 0 5.803913
1197 7.064067 0 5.810369
1198 7.037225 0 5.868765
1199 6.991121 0 5.933960
1200 6.988995 0 6.047082
1201 6.886980 0 6.136422
1202 6.675997 0 6.230106
1203 6.394326 0 6.306101
1204 6.123915 0 6.399274
1205 5.786938 0 6.399977
1206 5.482369 0 6.399153
1207 5.164678 0 6.393473
1208 4.923662 0 6.410789
1209 4.725137 0 6.554433
1210 4.639829 0 6.638674
1211 4.436085 0 6.742845
1212 4.168434 0 6.723786
1213 3.947814 0 6.705363
1214 3.745254 0 6.703772
1215 3.448201 0 6.657660
1216 3.029815 0 6.685746
1217 2.657567 0 6.734696
1218 2.299417 0 6.676732
1219 1.955599 0 6.545097
1220 1.652828 0 6.382057
1221 1.355922 0 6.171962
1222 1.062437 0 5.980334
1223 0.890672 0 5.804162
1224 0.781424 0 5.777625
1225 0.660085 0 5.831267
1226 0.537582 0 5.842789
1227 0.360047 0 5.827165
1228 0.202405 0 5.809192
1229 0.125376 0 5.715961
1230 0.064951 0 5.491749
1231 -0.041835 0 5.224278
1232 -0.091797 0 4.939302
1233 -0.100536 0 4.632749
1234 -0.129830 0 4.363222
1235 -0.141005 0 4.128796
1236 -0.121391 0 3.887113
1237 -0.041942 0 3.747441
1238 0.062883 0 3.680024
1239 0.085262 0 3.652590
1240 0.095903 0 3.601921
1241 0.000878 0 3.616374
1242 -0.087434 0 3.598918
1243 -0.128173 0 3.588956
1244 -0.166228 0 3.571410
1245 -0.190699 0 3.418658
1246 -0.198343 0 3.311829
1247 -0.328464 0 3.186207
1248 -0.480833 0 3.059447
1249 -0.634427 0 2.980684
1250 -0.813720 0 2.946777
1251 -1.010065 0 2.927153
1252 -1.232739 0 2.978681
1253 -1.380143 0 3.034238
1254 -1.490815 0 3.107773
1255 -1.605490 0 3.225760
1256 -1.605459 0 3.323026
1257 -1.624007 0 3.296863
1258 -1.639322 0 3.220655
1259 -1.707276 0 3.146910
1260 -1.750997 0 3.037029
1261 -1.779929 0 2.928077
1262 -1.802236 0 2.830137
1263 -1.706425 0 2.781574
1264 -1.759288 0 2.869470
1265 -1.753342 0 2.830246
1266 -1.780940 0 2.803535
1267 -1.766781 0 2.716063
1268 -1.753815 0 2.756451
1269 -1.715207 0 2.842599
1270 -1.646751 0 2.990093
1271 -1.469675 0 3.022250
1272 -1.296849 0 3.027456
1273 -1.176328 0 2.989816
1274 -1.041379 0 2.940286
1275 -0.792406 0 2.926834
1276 -0.520443 0 2.925573
1277 -0.335703 0 2.947873
1278 -0.188035 0 2.990515
1279 -0.072831 0 3.025172
1280 0.005546 0 3.066271
1281 -0.041836 0 3.173052
1282 -0.106223 0 3.297743
1283 -0.085622 0 3.337941
1284 -0.100823 0 3.344321
1285 -0.094550 0 3.205757
1286 -0.044087 0 2.980570
1287 -0.023955 0 2.806405
1288 0.036795 0 2.572307
1289 0.003727 0 2.316426
1290 -0.055076 0 2.090136
1291 -0.170323 0 1.918595
1292 -0.327506 0 1.824985
1293 -0.456561 0 1.847114
1294 -0.531163 0 1.883707
1295 -0.578290 0 2.012224
1296 -0.660559 0 2.149328
1297 -0.694394 0 2.217507
1298 -0.672886 0 2.277034
1299 -0.629864 0 2.321820
1300 -0.559707 0 2.339054
1301 -0.462466 0 2.246950
1302 -0.334241 0 2.216672
1303 -0.141600 0 2.083628
1304 0.006690 0 2.009952
1305 0.188997 0 2.022013
1306 0.274511 0 2.109543
1307 0.359847 0 2.185546
1308 0.476572 0 2.221083
1309 0.629825 0 2.350804
1310 0.739435 0 2.504092
1311 0.775030 0 2.596168
1312 0.754679 0 2.696468
1313 0.753294 0 2.765480
1314 0.796571 0 2.786161
1315 0.871199 0 2.802328
1316 0.934819 0 2.785128
1317 0.990361 0 2.804452
1318 1.057637 0 2.852047
1319 1.073028 0 2.900550
1320 1.117505 0 2.941655
1321 1.157021 0 2.861112
1322 1.139911 0 2.872611
1323 1.156559 0 2.853922
1324 1.154273 0 2.877646
1325 1.141280 0 2.958055
1326 1.061188 0 3.034302
1327 0.950963 0 3.079369
1328 0.801949 0 3.110112
1329 0.694885 0 3.050980
1330 0.547297 0 3.002215
1331 0.457502 0 2.916262
1332 0.367299 0 2.852840
1333 0.376744 0 2.777817
1334 0.451110 0 2.724096
1335 0.596369 0 2.678689
1336 0.722656 0 2.685512
1337 0.786593 0 2.668409
1338 0.772429 0 2.618340
1339 0.755773 0 2.533912
1340 0.754017 0 2.413780
1341 0.724063 0 2.301593
1342 0.635739 0 2.161035
1343 0.547935 0 2.006244
1344 0.461022 0 1.768861
1345 0.378244 0 1.556490
1346 0.370764 0 1.230760
1347 0.339148 0 0.917851
1348 0.321569 0 0.733373
1349 0.331033 0 0.643536
1350 0.276449 0 0.572021
1351 0.198501 0 0.470950
1352 0.176800 0 0.459110
1353 0.175947 0 0.443205
1354 0.189658 0 0.454249
1355 0.167000 0 0.439897
1356 0.140730 0 0.508176
1357 0.093942 0 0.562039
1358 0.071546 0 0.677781
1359 0.043138 0 0.819512
1360 0.050443 0 0.979708
1361 0.039087 0 1.132143
1362 0.118273 0 1.214378
1363 0.233787 0 1.297971
1364 0.268776 0 1.320866
1365 0.279022 0 1.290988
1366 0.206618 0 1.164672
1367 0.170672 0 1.033935
1368 0.124919 0 0.937852
1369 -0.023789 0 0.772666
1370 -0.162434 0 0.670903
1371 -0.299044 0 0.551274
1372 -0.479437 0 0.369805
1373 -0.528587 0 0.140919
1374 -0.485515 0 -0.111180
1375 -0.415024 0 -0.380648
1376 -0.305920 0 -0.636050
1377 -0.216808 0 -0.886649
1378 -0.211825 0 -1.070923
1379 -0.133496 0 -1.232760
1380 -0.143392 0 -1.360402
1381 -0.113700 0 -1.439882
1382 -0.044011 0 -1.457451
1383 0.004277 0 -1.507516
1384 0.074764 0 -1.520876
1385 0.106922 0 -1.511977
1386 0.109700 0 -1.481492
1387 0.160457 0 -1.470080
1388 0.203462 0 -1.455613
1389 0.235877 0 -1.474875
1390 0.280496 0 -1.446829
1391 0.236074 0 -1.400457
1392 0.273894 0 -1.299821
1393 0.299839 0 -1.188120
1394 0.280672 0 -1.000885
1395 0.237103 0 -0.821428
1396 0.221375 0 -0.551370
1397 0.129874 0 -0.258245
1398 -0.078897 0 0.204631
1399 -0.351063 0 0.714804
1400 -0.601945 0 1.211534
1401 -0.738476 0 1.690750
1402 -0.822132 0 2.107083
1403 -0.823248 0 2.521415
1404 -0.868494 0 2.948191
1405 -0.906139 0 3.324121
1406 -0.948187 0 3.714983
1407 -0.974489 0 4.050549
1408 -0.995858 0 4.346490
1409 -0.988946 0 4.623164
1410 -0.970237 0 4.918394
1411 -0.955557 0 5.164191
1412 -0.954404 0 5.370152
1413 -0.949461 0 5.579221
1414 -0.936760 0 5.766655
1415 -0.876287 0 5.986600
1416 -0.821317 0 6.161851
1417 -0.774845 0 6.340208
1418 -0.745655 0 6.515258
1419 -0.697804 0 6.687479
1420 -0.673661 0 6.884307
1421 -0.636530 0 7.040088
1422 -0.601647 0 7.093650
1423 -0.632974 0 7.131310
1424 -0.614032 0 7.195792
1425 -0.581980 0 7.233633
1426 -0.555771 0 7.282534
1427 -0.487202 0 7.331550
1428 -0.480142 0 7.292685
1429 -0.433230 0 7.253710
1430 -0.339077 0 7.180956
1431 -0.280555 0 7.169284
1432 -0.305220 0 7.208301
1433 -0.322256 0 7.191660
1434 -0.306191 0 7.236311
1435 -0.317004 0 7.245713
1436 -0.397783 0 7.174755
1437 -0.495574 0 7.026648
1438 -0.576832 0 6.836886
1439 -0.582640 0 6.737682
1440 -0.579287 0 6.646322
1441 -0.528920 0 6.482173
1442 -0.425404 0 6.265234
1443 -0.431361 0 6.099800
1444 -0.429090 0 6.027148
1445 -0.346480 0 5.958982
1446 -0.302404 0 5.868495
1447 -0.278025 0 5.742171
1448 -0.342453 0 5.691288
1449 -0.474312 0 5.716036
1450 -0.580384 0 5.717974
1451 -0.705823 0 5.721287
1452 -0.802242 0 5.684341
1453 -0.864812 0 5.662679
1454 -0.888677 0 5.645594
1455 -0.837178 0 5.670796
1456 -0.686256 0 5.785671
1457 -0.491438 0 6.022933
1458 -0.417611 0 6.346676
1459 -0.388587 0 6.665551
1460 -0.402757 0 6.932176
1461 -0.535374 0 7.135189
1462 -0.697395 0 7.250499
1463 -0.748250 0 7.275939
1464 -0.609936 0 7.325845
1465 -0.433365 0 7.477809
1466 -0.309027 0 7.697811
1467 -0.215227 0 7.934522
1468 -0.199788 0 8.173133
1469 -0.205184 0 8.503007
1470 -0.291791 0 8.880926
1471 -0.349489 0 9.230973
1472 -0.423369 0 9.590669
1473 -0.429241 0 9.924152
1474 -0.363035 0 10.283214
1475 -0.392887 0 10.691126
1476 -0.489907 0 10.934917
1477 -0.581863 0 11.144239
1478 -0.708397 0 11.307215
1479 -0.765201 0 11.426133
1480 -0.776271 0 11.521077
1481 -0.753751 0 11.501419
1482 -0.779801 0 11.503716
1483 -0.786857 0 11.498294
1484 -0.778881 0 11.375615
1485 -0.775793 0 11.246471
1486 -0.783469 0 11.127214
1487 -0.733637 0 10.960523
1488 -0.782466 0 10.750365
1489 -0.782794 0 10.624699
1490 -0.712433 0 10.431194
1491 -0.637822 0 10.265890
1492 -0.643014 0 10.139956
1493 -0.636865 0 10.088067
1494 -0.585939 0 9.959970
1495 -0.493845 0 9.807692
1496 -0.428841 0 9.648924
1497 -0.383532 0 9.495059
1498 -0.392481 0 9.300145
1499 -0.451565 0 9.125839
1500 -0.471554 0 8.970618
1501 -0.433154 0 8.882799
1502 -0.372854 0 8.859589
1503 -0.352684 0 8.836209
1504 -0.293526 0 8.864107
1505 -0.268050 0 8.786790
1506 -0.292652 0 8.746061
1507 -0.391175 0 8.666306
1508 -0.365414 0 8.603223
1509 -0.420544 0 8.453668
1510 -0.514322 0 8.274773
1511 -0.541844 0 8.106456
1512 -0.518768 0 7.899021
1513 -0.531481 0 7.744105
1514 -0.499120 0 7.600935
1515 -0.459497 0 7.536672
1516 -0.479465 0 7.477681
1517 -0.512589 0 7.407413
1518 -0.515042 0 7.366798
1519 -0.490800 0 7.308440
1520 -0.488825 0 7.352438
1521 -0.498244 0 7.293851
1522 -0.488252 0 7.276248
1523 -0.448938 0 7.161816
1524 -0.467478 0 7.001529
1525 -0.492936 0 6.853678
1526 -0.567958 0 6.678879
1527 -0.662901 0 6.476679
1528 -0.679744 0 6.310032
1529 -0.775719 0 6.166631
1530 -0.807214 0 6.145084
1531 -0.872248 0 6.074926
1532 -0.990349 0 6.048917
1533 -1.038844 0 5.986176
1534 -1.130441 0 5.911740
1535 -1.281578 0 5.945823
1536 -1.400415 0 5.882035
1537 -1.440207 0 5.716554
1538 -1.406381 0 5.586679
1539 -1.371492 0 5.394328
1540 -1.328966 0 5.238378
1541 -1.300265 0 5.103489
1542 -1.347868 0 4.953284
1543 -1.475843 0 4.919223
1544 -1.613345 0 4.835219
1545 -1.642497 0 4.750319
1546 -1.540191 0 4.699244
1547 -1.472391 0 4.607805
1548 -1.355036 0 4.587502
1549 -1.310925 0 4.508609
1550 -1.351375 0 4.468760
1551 -1.408522 0 4.497308
1552 -1.425470 0 4.495552
1553 -1.392701 0 4.320966
1554 -1.276444 0 4.145198
1555 -1.222343 0 3.973132
1556 -1.118983 0 3.827682
1557 -1.101156 0 3.580393
1558 -1.089621 0 3.330742
1559 -1.057410 0 3.152360
1560 -1.094677 0 3.100762
1561 -1.068819 0 3.069733
1562 -1.054486 0 3.103194
1563 -1.105323 0 3.215536
1564 -1.153787 0 3.286148
1565 -1.174976 0 3.383614
1566 -1.233649 0 3.446481
1567 -1.261234 0 3.474755
1568 -1.283034 0 3.506596
1569 -1.296331 0 3.499052
1570 -1.287850 0 3.478326
1571 -1.366317 0 3.457340
1572 -1.404572 0 3.390913
1573 -1.602001 0 3.351121
1574 -1.609771 0 3.267652
1575 -1.597617 0 3.425327
1576 -1.522404 0 3.451999
1577 -1.378169 0 3.468482
1578 -1.263760 0 3.562275
1579 -1.190244 0 3.666895
1580 -1.088720 0 3.700538
1581 -1.116852 0 3.689164
1582 -1.107557 0 3.639068
1583 -1.162634 0 3.578213
1584 -1.330260 0 3.493003
1585 -1.554557 0 3.476826
1586 -1.730698 0 3.410785
1587 -1.820961 0 3.455037
1588 -1.704764 0 3.547579
1589 -1.642249 0 3.648086
1590 -1.514402 0 3.758318
1591 -1.310448 0 3.795312
1592 -1.097700 0 3.689407
1593 -0.882484 0 3.603623
1594 -0.824237 0 3.614120
1595 -0.816532 0 3.642869
1596 -0.791826 0 3.654295
1597 -0.716896 0 3.706633
1598 -0.642106 0 3.784190
1599 -0.551673 0 3.923596
1600 -0.424571 0 4.101785
1601 -0.352048 0 4.124644
1602 -0.312826 0 4.101080
1603 -0.369426 0 4.040590
1604 -0.381906 0 4.017725
1605 -0.406190 0 3.921530
1606 -0.578457 0 3.783776
1607 -0.708509 0 3.648601
1608 -0.729646 0 3.503704
1609 -0.718513 0 3.384893
1610 -0.621399 0 3.349580
1611 -0.484687 0 3.329183
1612 -0.419500 0 3.253420
1613 -0.266782 0 3.214140
1614 -0.120451 0 3.189506
1615 0.002895 0 3.150515
1616 0.092069 0 3.103550
1617 0.164951 0 3.069592
1618 0.275416 0 3.114835
1619 0.370587 0 3.135094
1620 0.431901 0 3.197712
1621 0.522999 0 3.327296
1622 0.687943 0 3.501470
1623 0.722579 0 3.771176
1624 0.698350 0 4.000981
1625 0.654644 0 4.277817
1626 0.531706 0 4.336966
1627 0.455628 0 4.423061
1628 0.549382 0 4.569714
1629 0.592758 0 4.658175
1630 0.673998 0 4.679652
1631 0.700356 0 4.690436
1632 0.801681 0 4.754918
1633 0.878785 0 4.784942
1634 0.885166 0 4.887059
1635 0.889494 0 4.973046
1636 0.933822 0 5.058971
1637 0.977592 0 5.140605
1638 0.981364 0 5.208771
1639 1.015030 0 5.294544
1640 1.053982 0 5.431696
1641 1.090577 0 5.565016
1642 1.114433 0 5.702442
1643 1.120721 0 5.882892
1644 1.140020 0 6.087840
1645 1.160250 0 6.337103
1646 1.190662 0 6.612986
1647 1.228791 0 6.892592
1648 1.253281 0 7.200591
1649 1.283755 0 7.584727
1650 1.354618 0 7.986435
1651 1.405178 0 8.416877
1652 1.474147 0 8.883318
1653 1.507696 0 9.353987
1654 1.511256 0 9.796109
1655 1.474473 0 10.248477
1656 1.412569 0 10.604599
1657 1.332382 0 10.939806
1658 1.204446 0 11.164645
1659 1.089501 0 11.360242
1660 0.984324 0 11.490028
1661 0.860493 0 11.568700
1662 0.726418 0 11.637060
1663 0.568742 0 11.635003
1664 0.423639 0 11.719548
1665 0.299860 0 11.897840
1666 0.135151 0 12.008682
1667 -0.161318 0 12.152951
1668 -0.485189 0 12.436386
1669 -0.846757 0 12.556551
1670 -1.226356 0 12.618152
1671 -1.540969 0 12.646546
1672 -1.775226 0 12.768878
1673 -1.723989 0 12.924330
1674 -1.862128 0 12.996165
1675 -2.143553 0 12.927795
1676 -2.506363 0 12.825878
1677 -2.871846 0 12.753673
1678 -3.214195 0 12.572526
1679 -3.601588 0 12.415715
1680 -4.023095 0 12.207468
1681 -4.460414 0 12.022571
1682 -4.849624 0 11.807913
1683 -5.224985 0 11.632254
1684 -5.491583 0 11.497840
1685 -5.976659 0 11.254775
1686 -6.356658 0 11.055161
1687 -6.625205 0 10.857167
1688 -6.877712 0 10.655260
1689 -6.925213 0 10.502584
1690 -6.881808 0 10.363968
1691 -6.897300 0 10.299426
1692 -6.987416 0 10.265713
1693 -7.104496 0 10.205474
1694 -7.199231 0 10.145636
1695 -7.201027 0 10.052393
1696 -7.225969 0 9.929825
1697 -7.247735 0 9.824574
1698 -7.355146 0 9.697475
1699 -7.449124 0 9.641328
1700 -7.613503 0 9.426391
1701 -7.713758 0 9.217025
1702 -7.926845 0 8.976634
1703 -8.088422 0 8.691161
1704 -8.236465 0 8.354746
1705 -8.342707 0 8.038239
1706 -8.515466 0 7.679058
1707 -8.643649 0 7.284519
1708 -8.632768 0 6.924539
1709 -8.658142 0 6.568967
1710 -8.743666 0 6.194637
1711 -8.662095 0 5.780130
1712 -8.499923 0 5.488167
1713 -8.377979 0 5.227753
1714 -8.311015 0 4.957006
1715 -8.244732 0 4.706865
1716 -8.129712 0 4.451934
1717 -8.044081 0 4.195492
1718 -7.889011 0 3.894189
1719 -7.655269 0 3.527875
1720 -7.456581 0 3.186089
1721 -7.211201 0 2.792988
1722 -6.970269 0 2.337258
1723 -6.635181 0 1.855091
1724 -6.233371 0 1.269159
1725 -5.876076 0 0.750139
1726 -5.534514 0 0.225616
1727 -5.250135 0 -0.189958
1728 -5.032583 0 -0.458508
1729 -4.797894 0 -0.640046
1730 -4.571966 0 -0.895267
1731 -4.356577 0 -1.209420
1732 -4.215584 0 -1.500421
1733 -4.036437 0 -1.722338
1734 -3.819811 0 -1.943553
1735 -3.589216 0 -2.179648
1736 -3.286326 0 -2.402745
1737 -2.951431 0 -2.758644
1738 -2.756809 0 -3.155532
1739 -2.720515 0 -3.454335
1740 -2.781634 0 -3.592003
1741 -2.805874 0 -3.483680
1742 -2.704057 0 -3.258412
1743 -2.332819 0 -3.027225
1744 -1.867157 0 -2.843190
1745 -1.354912 0 -2.795111
1746 -0.844063 0 -2.839577
1747 -0.384494 0 -2.996793
1748 -0.019161 0 -3.223700
1749 0.323283 0 -3.571286
1750 0.539907 0 -3.958480
1751 0.684550 0 -4.358179
1752 0.834720 0 -4.681779
1753 1.130422 0 -4.933979
1754 1.499116 0 -5.141977
1755 1.784735 0 -5.175158
1756 1.843504 0 -5.184597
1757 1.886761 0 -5.259564
1758 1.914601 0 -5.316632
1759 1.975973 0 -5.350230
1760 2.041280 0 -5.418380
1761 2.164805 0 -5.478246
1762 2.270750 0 -5.554736
1763 2.349672 0 -5.586167
1764 2.421640 0 -5.593215
1765 2.488170 0 -5.611680
1766 2.554261 0 -5.616484
1767 2.613876 0 -5.614542
1768 2.673274 0 -5.612610
1769 2.721683 0 -5.613023
1770 2.782311 0 -5.616755
1771 2.827266 0 -5.627026
1772 2.837451 0 -5.633789
1773 2.862833 0 -5.633448
1774 2.897336 0 -5.637024
1775 2.909379 0 -5.632010
1776 2.910066 0 -5.608331
1777 2.929103 0 -5.563601
1778 2.958050 0 -5.484222
1779 2.976158 0 -5.361464
1780 3.032013 0 -5.195333
1781 3.026993 0 -4.969342
1782 3.022219 0 -4.762752
1783 3.070271 0 -4.512300
1784 3.135616 0 -4.221912
1785 3.198969 0 -3.937018
1786 3.219841 0 -3.679069
1787 3.170604 0 -3.403934
1788 3.086679 0 -3.210262
1789 2.935989 0 -3.028889
1790 2.868817 0 -2.908149
1791 2.776282 0 -2.800050
1792 2.674115 0 -2.715148
1793 2.663763 0 -2.682702
1794 2.703516 0 -2.609464
1795 2.795255 0 -2.570029
1796 2.890163 0 -2.451756
1797 3.010217 0 -2.367991
1798 3.167205 0 -2.273328
1799 3.315368 0 -2.147891
1800 3.405669 0 -1.952850
1801 3.464550 0 -1.706308
1802 3.558351 0 -1.529329
1803 3.592821 0 -1.459906
1804 3.562074 0 -1.408923
1805 3.605239 0 -1.357697
1806 3.710928 0 -1.417553
1807 3.829280 0 -1.500114
1808 3.982967 0 -1.602408
1809 4.093221 0 -1.735794
1810 4.223749 0 -1.813492
1811 4.345247 0 -1.976495
1812 4.475610 0 -2.106690
1813 4.669087 0 -2.164171
1814 4.926809 0 -2.102019
1815 5.166956 0 -1.990091
1816 5.430393 0 -1.888176
1817 5.668769 0 -1.763026
1818 5.855835 0 -1.684695
1819 5.892138 0 -1.595405
1820 5.930147 0 -1.583563
1821 5.942213 0 -1.593148
1822 5.866570 0 -1.666397
1823 5.815202 0 -1.727318
1824 5.722113 0 -1.758867
1825 5.702899 0 -1.766421
1826 5.642043 0 -1.744341
1827 5.547511 0 -1.722430
1828 5.435441 0 -1.579900
1829 5.336310 0 -1.464689
1830 5.326648 0 -1.351944
1831 5.234294 0 -1.242316
1832 5.144350 0 -1.147065
1833 5.106481 0 -1.076610
1834 5.020397 0 -1.102539
1835 4.949431 0 -1.088068
1836 4.810955 0 -1.096198
1837 4.708840 0 -1.132937
1838 4.576865 0 -1.196580
1839 4.432298 0 -1.267512
1840 4.260838 0 -1.232841
1841 4.045482 0 -1.197107
1842 3.831137 0 -1.131637
1843 3.597426 0 -1.028505
1844 3.393074 0 -0.884919
1845 3.214771 0 -0.717697
1846 3.101742 0 -0.505596
1847 2.995407 0 -0.308137
1848 2.979747 0 -0.183176
1849 3.102357 0 -0.106761
1850 3.282293 0 -0.117936
1851 3.433814 0 -0.101169
1852 3.542217 0 -0.086542
1853 3.644919 0 -0.039432
1854 3.794804 0 0.048289
1855 3.876229 0 0.142929
1856 4.030135 0 0.231013
1857 4.238977 0 0.354395
1858 4.449180 0 0.498585
1859 4.597336 0 0.720038
1860 4.725421 0 0.967010
1861 4.813172 0 1.126542
1862 4.860982 0 1.192590
1863 4.859060 0 1.180847
1864 4.869683 0 1.234395
1865 4.832652 0 1.277866
1866 4.745968 0 1.280548
1867 4.633946 0 1.266399
1868 4.539394 0 1.183607
1869 4.401763 0 1.148801
1870 4.241118 0 1.105788
1871 4.203163 0 1.117058
1872 4.207238 0 1.224091
1873 4.183176 0 1.310432
1874 4.131566 0 1.421087
1875 4.066209 0 1.500098
1876 3.968261 0 1.535841
1877 3.909953 0 1.500235
1878 3.817073 0 1.488272
1879 3.728092 0 1.457491
1880 3.598553 0 1.365820
1881 3.452378 0 1.326473
1882 3.275769 0 1.367443
1883 2.970247 0 1.388457
1884 2.670980 0 1.400927
1885 2.367158 0 1.415516
1886 2.065128 0 1.461926
1887 1.819488 0 1.464298
1888 1.605858 0 1.501221
1889 1.464578 0 1.598946
1890 1.414723 0 1.642507
1891 1.419824 0 1.613999
1892 1.396461 0 1.617831
1893 1.421780 0 1.587080
1894 1.483452 0 1.553550
1895 1.472305 0 1.562871
1896 1.456141 0 1.488816
1897 1.422620 0 1.460446
1898 1.445197 0 1.528023
1899 1.405352 0 1.584777
1900 1.385953 0 1.662060
1901 1.411983 0 1.820178
1902 1.440100 0 1.944689
1903 1.458557 0 2.018917
1904 1.488149 0 2.047328
1905 1.449303 0 2.066350
1906 1.388311 0 2.086347
1907 1.326502 0 2.100442
1908 1.304916 0 2.028610
1909 1.263691 0 1.856613
1910 1.235130 0 1.569621
1911 1.241425 0 1.353550
1912 1.239283 0 1.286278
1913 1.221665 0 1.263117
1914 1.147512 0 1.280456
1915 1.157665 0 1.376605
1916 1.186979 0 1.620488
1917 1.185500 0 1.871614
1918 1.216628 0 2.096893
1919 1.246718 0 2.254323
1920 1.337714 0 2.231810
1921 1.353642 0 2.049063
1922 1.308434 0 1.834977
1923 1.259883 0 1.646526
1924 1.249202 0 1.551481
1925 1.188536 0 1.429011
1926 1.178775 0 1.307997
1927 1.172522 0 1.195706
1928 1.123136 0 1.136752
1929 1.030787 0 1.116060
1930 1.015626 0 1.256541
1931 1.013019 0 1.588901
1932 0.962641 0 1.909066
1933 0.873164 0 2.105785
1934 0.830741 0 2.254873
1935 0.761409 0 2.368822
1936 0.734743 0 2.369479
1937 0.713787 0 2.369005
1938 0.698501 0 2.425570
1939 0.736045 0 2.483683
1940 0.831443 0 2.618638
1941 1.086218 0 2.785029
1942 1.400313 0 2.920527
1943 1.839188 0 2.979460
1944 2.261687 0 2.988068
1945 2.635702 0 3.052494
1946 2.913676 0 3.118875
1947 3.206955 0 3.152759
1948 3.357980 0 3.247686
1949 3.464130 0 3.247008
1950 3.502846 0 3.205474
1951 3.476887 0 3.071623
1952 3.456601 0 2.907237
1953 3.436573 0 2.793028
1954 3.495051 0 2.697666
1955 3.554936 0 2.662567
1956 3.598863 0 2.781566
1957 3.598444 0 2.930094
1958 3.691880 0 3.026650
1959 3.696731 0 3.051554
1960 3.716993 0 2.922556
1961 3.616400 0 2.803783
1962 3.488752 0 2.741093
1963 3.444258 0 2.684134
1964 3.464738 0 2.501564
1965 3.384223 0 2.280447
1966 3.310941 0 2.120254
1967 3.213515 0 2.013517
1968 3.186408 0 1.987385
1969 3.121258 0 2.065657
1970 3.077418 0 2.195563
1971 3.050174 0 2.308171
1972 3.062846 0 2.515913
1973 3.057208 0 2.689142
1974 2.952365 0 2.679939
1975 2.868750 0 2.552923
1976 2.852646 0 2.470823
1977 2.848319 0 2.337550
1978 2.694946 0 2.172044
1979 2.575271 0 1.852651
1980 2.559815 0 1.588164
1981 2.536789 0 1.503237
1982 2.492452 0 1.459756
1983 2.534428 0 1.503965
1984 2.566181 0 1.639192
1985 2.612328 0 1.900132
1986 2.648046 0 2.118995
1987 2.650450 0 2.308334
1988 2.644880 0 2.479058
1989 2.621453 0 2.581691
1990 2.569150 0 2.558245
1991 2.502959 0 2.582529
1992 2.454862 0 2.728570
1993 2.390729 0 2.810544
1994 2.287171 0 2.768989
1995 2.022352 0 2.802822
1996 1.584183 0 2.836906
1997 1.159074 0 2.817280
1998 0.915584 0 2.822747
1999 0.655914 0 2.863405
2000 0.410926 0 2.849983
2001 0.143824 0 2.857170
2002 -0.100901 0 2.840927
2003 -0.335708 0 2.898872
2004 -0.401061 0 2.879176
2005 -0.392080 0 2.869117
2006 -0.357926 0 2.857631
2007 -0.293298 0 2.693809
2008 -0.158335 0 2.457754
2009 -0.041093 0 2.331105
2010 -0.054277 0 2.327493
2011 -0.115085 0 2.401859
2012 -0.132290 0 2.453905
2013 -0.115496 0 2.544716
2014 -0.126079 0 2.715541
2015 -0.151580 0 2.713158
2016 -0.119984 0 2.658839
2017 -0.009099 0 2.648342
2018 0.119451 0 2.645159
2019 0.264448 0 2.599951
2020 0.351010 0 2.524748
2021 0.504906 0 2.431949
2022 0.650621 0 2.388465
2023 0.953392 0 2.411016
2024 1.380546 0 2.488434
2025 1.731986 0 2.640678
2026 2.035675 0 2.772739
2027 2.316148 0 2.869968
2028 2.546931 0 3.011668
2029 2.700174 0 3.140876
2030 2.829660 0 3.212406
2031 2.960931 0 3.332067
2032 3.066077 0 3.381284
2033 3.136453 0 3.376653
2034 3.142124 0 3.372964
2035 3.062129 0 3.325547
2036 2.894448 0 3.231370
2037 2.818249 0 3.104907
2038 2.700598 0 3.093888
2039 2.702972 0 3.110431
2040 2.775465 0 3.145828
2041 2.808946 0 3.303625
2042 2.860529 0 3.476173
2043 2.757132 0 3.655910
2044 2.661030 0 3.621843
2045 2.582150 0 3.560180
2046 2.513123 0 3.527716
2047 2.515592 0 3.479806
2048 2.479721 0 3.448465
2049 2.423531 0 3.427386
2050 2.319054 0 3.444618
2051 2.123245 0 3.413169
2052 1.765972 0 3.353490
2053 1.327463 0 3.315113
2054 0.927271 0 3.205567
2055 0.570154 0 3.184337
2056 0.228205 0 3.213458
2057 -0.055433 0 3.236682
2058 -0.258389 0 3.278422
2059 -0.434060 0 3.268084
2060 -0.584515 0 3.278972
2061 -0.677678 0 3.316028
2062 -0.745849 0 3.404519
2063 -0.771617 0 3.546145
2064 -0.720396 0 3.625068
2065 -0.678218 0 3.624360
2066 -0.672968 0 3.577982
2067 -0.661067 0 3.543036
2068 -0.680635 0 3.464906
2069 -0.646838 0 3.475061
2070 -0.626499 0 3.459470
2071 -0.622932 0 3.512373
2072 -0.685621 0 3.547065
2073 -0.719554 0 3.685994
2074 -0.728186 0 3.829987
2075 -0.700152 0 3.994903
2076 -0.601796 0 4.103738
2077 -0.458211 0 4.106532
2078 -0.213628 0 4.150332
2079 0.146395 0 4.186736
2080 0.712398 0 4.143065
2081 1.289323 0 4.181557
2082 1.766251 0 4.347143
2083 2.203747 0 4.470025
2084 2.575574 0 4.477874
2085 2.935869 0 4.525753
2086 3.269948 0 4.616241
2087 3.623188 0 4.653420
2088 3.933976 0 4.686977
2089 4.277403 0 4.798901
2090 4.563625 0 4.862560
2091 4.829009 0 4.899537
2092 5.087515 0 4.968569
2093 5.307755 0 5.060360
2094 5.518933 0 5.137994
2095 5.702967 0 5.256954
2096 5.877256 0 5.340396
2097 6.021480 0 5.437585
2098 6.180582 0 5.518309
2099 6.253351 0 5.579475
2100 6.254225 0 5.623322
2101 6.303450 0 5.622313
2102 6.334070 0 5.600454
2103 6.459375 0 5.481200
2104 6.570374 0 5.424801
2105 6.716359 0 5.366973
2106 6.956357 0 5.217769
2107 7.112861 0 5.141492
2108 7.298872 0 4.972638
2109 7.536750 0 4.707931
2110 7.625214 0 4.455646
2111 7.720579 0 4.259388
2112 7.831514 0 4.148216
2113 7.973656 0 3.986343
2114 8.112730 0 3.768450
2115 8.262296 0 3.497243
2116 8.407167 0 3.136722
2117 8.484206 0 2.724465
2118 8.540895 0 2.268573
2119 8.586386 0 1.823741
2120 8.613771 0 1.385483
2121 8.512334 0 1.047867
2122 8.364611 0 0.812945
2123 8.347769 0 0.625943
2124 8.499278 0 0.617253
2125 8.718102 0 0.557810
2126 8.948631 0 0.336351
2127 9.139057 0 -0.011043
2128 9.295659 0 -0.370428
2129 9.357809 0 -0.865748
2130 9.268514 0 -1.244895
2131 9.098848 0 -1.657552
2132 8.740705 0 -1.929533
2133 8.353125 0 -2.014190
2134 8.050198 0 -2.009146
2135 7.792609 0 -1.967193
2136 7.559042 0 -1.834969
2137 7.420506 0 -1.798374
2138 7.243054 0 -1.776342
2139 7.106956 0 -1.748229
2140 7.093202 0 -1.745872
2141 7.072413 0 -1.708022
2142 7.039170 0 -1.773145
2143 6.917708 0 -1.759228
2144 6.827294 0 -1.758258
2145 6.783268 0 -1.826644
2146 6.758323 0 -1.831263
2147 6.687609 0 -1.892310
2148 6.607546 0 -2.020536
2149 6.562271 0 -2.199169
2150 6.493730 0 -2.380353
2151 6.441372 0 -2.538531
2152 6.392200 0 -2.684239
2153 6.357189 0 -2.907160
2154 6.355327 0 -3.025486
2155 6.298666 0 -3.127620
2156 6.224329 0 -3.203521
2157 6.162515 0 -3.239306
2158 6.145580 0 -3.277589
2159 6.117249 0 -3.292363
2160 6.116230 0 -3.335059
2161 6.127314 0 -3.359472
2162 6.142302 0 -3.355200
2163 6.150667 0 -3.340505
2164 6.158205 0 -3.324899
2165 6.169737 0 -3.317060
2166 6.181884 0 -3.310644
2167 6.195381 0 -3.279391
2168 6.257969 0 -3.246655
2169 6.302868 0 -3.236454
2170 6.402554 0 -3.175009
2171 6.512619 0 -3.120815
2172 6.606018 0 -3.081249
2173 6.662169 0 -3.048911
2174 6.718397 0 -3.015855
2175 6.816061 0 -3.002927
2176 6.931648 0 -2.985339
2177 7.021660 0 -2.869810
2178 7.108627 0 -2.745440
2179 7.204413 0 -2.620806
2180 7.207329 0 -2.506673
2181 7.161861 0 -2.482838
2182 7.105223 0 -2.451411
2183 7.094637 0 -2.500232
2184 7.115984 0 -2.598381
2185 7.054825 0 -2.776767
2186 6.902703 0 -2.891128
2187 6.809262 0 -3.010917
2188 6.690810 0 -3.038085
2189 6.616930 0 -2.969172
2190 6.629545 0 -2.902244
2191 6.643425 0 -2.920744
2192 6.685520 0 -2.927181
2193 6.748914 0 -2.919071
2194 6.860281 0 -2.914864
2195 6.930501 0 -2.844956
2196 6.994608 0 -2.730126
2197 6.971454 0 -2.713736
2198 6.954755 0 -2.759515
2199 6.930185 0 -2.797447
2200 6.748401 0 -2.829013
2201 6.563887 0 -2.814427
2202 6.420294 0 -2.807766
2203 6.273494 0 -2.823558
2204 6.168455 0 -2.737518
2205 6.165150 0 -2.629056
2206 6.205797 0 -2.526656
2207 6.214629 0 -2.292189
2208 6.231923 0 -2.131700
2209 6.230780 0 -1.965125
2210 6.108095 0 -1.798833
2211 5.979312 0 -1.719505
2212 5.950499 0 -1.683141
2213 5.837317 0 -1.676308
2214 5.740037 0 -1.695489
2215 5.713894 0 -1.821195
2216 5.734325 0 -1.939128
2217 5.707639 0 -2.105347
2218 5.824559 0 -2.229334
2219 5.927551 0 -2.357620
2220 5.905561 0 -2.314165
2221 5.917240 0 -2.330680
2222 5.922487 0 -2.356401
2223 5.928067 0 -2.304776
2224 5.959411 0 -2.197441
2225 5.979041 0 -2.102877
2226 5.940979 0 -2.037565
2227 6.025855 0 -1.984235
2228 6.153826 0 -1.859059
2229 6.299730 0 -1.799423
2230 6.454406 0 -1.717825
2231 6.636720 0 -1.701717
2232 6.823482 0 -1.640663
2233 7.027345 0 -1.638390
2234 7.226606 0 -1.634413
2235 7.400682 0 -1.455879
2236 7.531026 0 -1.185273
2237 7.766092 0 -1.043642
2238 7.780775 0 -0.937677
2239 7.686940 0 -0.837552
2240 7.490590 0 -0.742769
2241 7.351754 0 -0.713451
2242 7.195040 0 -0.633339
2243 6.984458 0 -0.462872
2244 6.807662 0 -0.354502
2245 6.722642 0 -0.368771
2246 6.679797 0 -0.358827
2247 6.574157 0 -0.319115
2248 6.521310 0 -0.355757
2249 6.541015 0 -0.233685
2250 6.423276 0 -0.145513
2251 6.361219 0 -0.109748
2252 6.266101 0 -0.120282
2253 6.229362 0 -0.189391
2254 6.308907 0 -0.258502
2255 6.378511 0 -0.188752
2256 6.426125 0 -0.057874
2257 6.426968 0 0.079210
2258 6.366512 0 0.181528
2259 6.225103 0 0.191115
2260 6.228333 0 0.221563
2261 6.173901 0 0.158117
2262 6.186563 0 0.112234
2263 6.336782 0 0.138587
2264 6.460523 0 0.205324
2265 6.466925 0 0.296039
2266 6.506161 0 0.360998
2267 6.555655 0 0.401156
2268 6.769468 0 0.382951
2269 7.063712 0 0.326047
2270 7.365814 0 0.303393
2271 7.630010 0 0.277073
2272 7.910543 0 0.195089
2273 8.163012 0 0.181710
2274 8.490093 0 0.151044
2275 8.787760 0 0.135278
2276 9.003142 0 0.114141
2277 9.150474 0 0.141809
2278 9.355330 0 0.238261
2279 9.577868 0 0.293126
2280 9.745003 0 0.346605
2281 9.869259 0 0.291976
2282 9.920806 0 0.191616
2283 9.988648 0 0.041377
2284 9.968752 0 -0.042669
2285 9.941182 0 -0.047141
2286 9.927227 0 -0.092839
2287 9.851520 0 -0.143272
2288 9.756069 0 -0.152953
2289 9.646770 0 -0.154834
2290 9.481685 0 -0.107454
2291 9.441732 0 -0.035691
2292 9.431167 0 -0.038523
2293 9.381904 0 -0.096909
2294 9.328763 0 -0.177062
2295 9.162680 0 -0.180880
2296 8.967484 0 -0.214646
2297 8.813006 0 -0.219459
2298 8.578900 0 -0.260312
2299 8.261753 0 -0.228925
2300 8.066989 0 -0.155375
2301 7.826299 0 -0.036380
2302 7.571262 0 0.125674
2303 7.230551 0 0.209575
2304 6.915768 0 0.266373
2305 6.553915 0 0.420685
2306 6.295928 0 0.574409
2307 6.112121 0 0.743924
2308 5.925130 0 0.850425
2309 5.749149 0 1.031612
2310 5.561349 0 1.178624
2311 5.407597 0 1.290395
2312 5.304363 0 1.362093
2313 5.162650 0 1.441935
2314 4.970783 0 1.531267
2315 4.706910 0 1.707011
2316 4.398097 0 1.874168
2317 4.104647 0 1.981406
2318 3.709130 0 2.125704
2319 3.296239 0 2.272346
2320 2.976112 0 2.397096
2321 2.691897 0 2.520473
2322 2.397140 0 2.582764
2323 2.150613 0 2.664121
2324 1.875876 0 2.727943
2325 1.649012 0 2.826529
2326 1.390226 0 2.895524
2327 1.185367 0 2.932400
2328 0.997052 0 2.956293
2329 0.789162 0 2.992483
2330 0.631420 0 3.037639
2331 0.449759 0 3.063438
2332 0.317899 0 3.095745
2333 0.179458 0 3.124842
2334 0.038685 0 3.148861
2335 -0.056984 0 3.186528
2336 -0.164328 0 3.186186
2337 -0.254652 0 3.206000
2338 -0.296626 0 3.207763
2339 -0.434655 0 3.158527
2340 -0.622188 0 3.124167
2341 -0.774549 0 3.084413
2342 -0.950018 0 3.087568
2343 -1.114580 0 3.168493
2344 -1.224690 0 3.181636
2345 -1.310835 0 3.273855
2346 -1.426245 0 3.309069
2347 -1.427682 0 3.253036
2348 -1.430158 0 3.195070
2349 -1.482882 0 3.244597
2350 -1.548928 0 3.245931
2351 -1.670706 0 3.254717
2352 -1.712548 0 3.232274
2353 -1.729801 0 3.095080
2354 -1.780109 0 2.870523
2355 -1.779479 0 2.711677
2356 -1.777928 0 2.582178
2357 -1.803393 0 2.323215
2358 -1.767072 0 2.044244
2359 -1.755599 0 1.626979
2360 -1.740960 0 1.088104
2361 -1.719048 0 0.650918
2362 -1.620124 0 0.407103
2363 -1.566214 0 0.243292
2364 -1.560135 0 0.138166
2365 -1.641287 0 -0.014710
2366 -1.707782 0 -0.155933
2367 -1.721445 0 -0.336472
2368 -1.644584 0 -0.480212
2369 -1.550679 0 -0.614580
2370 -1.452030 0 -0.756958
2371 -1.322188 0 -0.905131
2372 -1.119116 0 -1.097425
2373 -0.904487 0 -1.239772
2374 -0.725086 0 -1.330588
2375 -0.569084 0 -1.415867
2376 -0.417344 0 -1.486832
2377 -0.123974 0 -1.528396
2378 0.152696 0 -1.541924
2379 0.341737 0 -1.525605
2380 0.543126 0 -1.549055
2381 0.742817 0 -1.515119
2382 0.910918 0 -1.451747
2383 1.146697 0 -1.439317
2384 1.376713 0 -1.405329
2385 1.567552 0 -1.332381
2386 1.821042 0 -1.261184
2387 2.099661 0 -1.111289
2388 2.376766 0 -0.917545
2389 2.503910 0 -0.750430
2390 2.557244 0 -0.559301
2391 2.694131 0 -0.301268
2392 2.758500 0 -0.021908
2393 2.872001 0 0.144634
2394 2.899426 0 0.287864
2395 2.935562 0 0.373564
2396 3.052111 0 0.320418
2397 3.226348 0 0.239325
2398 3.432721 0 0.200107
2399 3.603601 0 0.237972
2400 3.756802 0 0.164007
2401 3.935292 0 -0.042126
2402 4.192286 0 -0.487782
2403 4.389595 0 -0.918712
2404 4.513467 0 -1.262537
2405 4.652900 0 -1.609103
2406 4.698412 0 -1.808608
2407 4.730357 0 -1.948579
2408 4.798779 0 -2.070741
2409 4.864773 0 -2.248032
2410 4.942812 0 -2.493704
2411 5.042132 0 -2.825591
2412 5.171276 0 -3.173133
2413 5.246521 0 -3.554472
2414 5.273828 0 -3.824410
2415 5.227883 0 -4.047085
2416 5.164368 0 -4.226483
2417 5.156034 0 -4.423896
2418 5.187744 0 -4.585341
2419 5.289621 0 -4.751605
2420 5.394940 0 -4.819523
2421 5.463632 0 -4.973394
2422 5.429101 0 -5.195921
2423 5.238010 0 -5.383105
2424 5.057947 0 -5.605027
2425 4.809649 0 -5.727596
2426 4.540612 0 -5.855224
2427 4.259078 0 -5.915907
2428 4.026797 0 -5.977215
2429 3.845183 0 -6.069017
2430 3.657447 0 -6.049193
2431 3.470878 0 -5.978811
2432 3.213994 0 -5.902163
2433 3.071387 0 -5.865338
2434 2.936175 0 -5.835107
2435 2.809788 0 -5.695616
2436 2.731952 0 -5.516353
2437 2.582327 0 -5.399720
2438 2.447928 0 -5.268538
2439 2.408919 0 -5.093753
2440 2.281001 0 -4.894780
2441 2.145473 0 -4.700711
2442 1.999176 0 -4.467397
2443 1.933901 0 -4.279213
2444 1.829634 0 -3.937590
2445 1.715824 0 -3.621039
2446 1.723734 0 -3.231046
2447 1.739593 0 -2.801633
2448 1.752155 0 -2.362705
2449 1.720936 0 -1.919344
2450 1.678259 0 -1.510492
2451 1.658141 0 -1.169978
2452 1.618501 0 -0.910687
2453 1.570867 0 -0.730647
2454 1.577452 0 -0.548673
2455 1.645478 0 -0.457362
2456 1.707626 0 -0.313147
2457 1.726843 0 -0.152915
2458 1.805916 0 -0.019267
2459 1.901379 0 0.102157
2460 1.938740 0 0.197557
2461 1.907755 0 0.477713
2462 1.853816 0 0.803881
2463 1.799537 0 1.091701
2464 1.752317 0 1.359568
2465 1.626513 0 1.565076
2466 1.506861 0 1.688781
2467 1.451492 0 1.765333
2468 1.375628 0 1.890190
2469 1.254068 0 1.968670
2470 1.130005 0 2.045919
2471 0.930035 0 2.148443
2472 0.705445 0 2.217961
2473 0.365452 0 2.232359
2474 -0.050313 0 2.247272
2475 -0.507556 0 2.200821
2476 -1.016962 0 2.189998
2477 -1.529465 0 2.158167
2478 -1.973920 0 2.190936
2479 -2.386383 0 2.313313
2480 -2.737067 0 2.428051
2481 -3.071119 0 2.487665
2482 -3.445865 0 2.563212
2483 -3.754700 0 2.661577
2484 -3.990769 0 2.788556
2485 -4.255530 0 2.914582
2486 -4.473543 0 2.996337
2487 -4.687503 0 3.059479
2488 -4.877442 0 3.122081
2489 -5.086995 0 3.185387
2490 -5.261391 0 3.244743
2491 -5.445585 0 3.317585
2492 -5.615414 0 3.370970
2493 -5.758387 0 3.421561
2494 -5.855185 0 3.498957
2495 -5.945208 0 3.521674
2496 -5.930977 0 3.526740
2497 -5.891804 0 3.649447
2498 -5.872162 0 3.754146
2499 -5.873341 0 3.832064
2500 -5.941256 0 3.880388
2501 -6.061754 0 3.992520
2502 -6.164807 0 4.126625
2503 -6.377861 0 4.142647
2504 -6.599741 0 4.182605
2505 -6.854484 0 4.193771
2506 -7.070159 0 4.162863
2507 -7.354926 0 4.092774
2508 -7.657918 0 3.999621
2509 -7.881652 0 3.935692
2510 -7.982749 0 3.900859
2511 -8.008061 0 4.010979
2512 -7.943601 0 4.206503
2513 -7.895484 0 4.361252
2514 -7.894783 0 4.539282
2515 -7.957179 0 4.640934
2516 -8.048723 0 4.787170
2517 -8.036759 0 4.870356
2518 -8.080342 0 4.850051
2519 -8.178045 0 4.876733
2520 -8.209581 0 4.943806
2521 -8.199090 0 5.001970
2522 -8.157475 0 5.082223
2523 -8.080059 0 5.082739
2524 -8.016524 0 5.024276
2525 -7.920874 0 5.023945
2526 -7.792030 0 5.005486
2527 -7.791850 0 4.954718
2528 -7.724884 0 4.994123
2529 -7.557414 0 5.033098
2530 -7.398762 0 5.101341
2531 -7.153959 0 5.180834
2532 -6.883533 0 5.320281
2533 -6.655208 0 5.424560
2534 -6.398783 0 5.514759
2535 -6.124733 0 5.589333
2536 -5.888624 0 5.618620
2537 -5.635752 0 5.618320
2538 -5.487663 0 5.625584
2539 -5.366940 0 5.712295
2540 -5.132786 0 5.883182
2541 -4.808134 0 5.973284
2542 -4.463006 0 6.016614
2543 -4.131738 0 5.975594
2544 -3.737860 0 5.927874
2545 -3.421872 0 5.927004
2546 -3.121527 0 5.893433
2547 -2.799788 0 5.941870
2548 -2.491632 0 6.108468
2549 -2.211345 0 6.258019
2550 -1.955386 0 6.335562
2551 -1.711547 0 6.431674
2552 -1.455133 0 6.510042
2553 -1.219331 0 6.460533
2554 -0.966804 0 6.423304
2555 -0.760572 0 6.417818
2556 -0.505118 0 6.330300
2557 -0.131675 0 6.320327
2558 0.169861 0 6.269965
2559 0.417410 0 6.146443
2560 0.603388 0 6.093882
2561 0.822639 0 6.059679
2562 1.012807 0 6.057327
2563 1.181162 0 5.973358
2564 1.335899 0 5.832410
2565 1.449892 0 5.668512
2566 1.538799 0 5.503257
2567 1.680065 0 5.388160
2568 1.827091 0 5.253430
2569 1.988950 0 5.217144
2570 2.110489 0 5.229799
2571 2.176186 0 5.130411
2572 2.243228 0 4.970125
2573 2.178171 0 4.864933
2574 2.098649 0 4.775492
2575 2.083304 0 4.728225
2576 2.169388 0 4.694924
2577 2.222870 0 4.727369
2578 2.197000 0 4.635154
2579 2.155530 0 4.462031
2580 2.040599 0 4.361122
2581 1.959299 0 4.138898
2582 1.857305 0 3.916987
2583 1.709152 0 3.692540
2584 1.585127 0 3.509552
2585 1.521879 0 3.293845
2586 1.355231 0 3.106975
2587 1.162946 0 3.013100
2588 0.921506 0 2.959054
2589 0.741896 0 2.868758
2590 0.560104 0 2.755059
2591 0.482321 0 2.654538
2592 0.361699 0 2.494734
2593 0.339041 0 2.394354
2594 0.402458 0 2.284110
2595 0.448772 0 2.208855
2596 0.466761 0 2.059304
2597 0.481279 0 1.971458
2598 0.452398 0 1.821769
2599 0.371178 0 1.661314
2600 0.344874 0 1.524776
2601 0.315604 0 1.452700
2602 0.359245 0 1.421189
2603 0.401188 0 1.344898
2604 0.421697 0 1.339803
2605 0.447114 0 1.311466
2606 0.499677 0 1.276404
2607 0.495578 0 1.162268
2608 0.492099 0 1.062928
2609 0.544197 0 0.952263
2610 0.649767 0 0.867062
2611 0.822983 0 0.768636
2612 1.027028 0 0.666480
2613 1.263710 0 0.551980
2614 1.506675 0 0.441900
2615 1.719661 0 0.304971
2616 1.934512 0 0.221647
2617 2.184018 0 0.158196
2618 2.311059 0 0.129548
2619 2.474246 0 0.157166
2620 2.650454 0 0.093388
2621 2.809878 0 0.007193
2622 2.939174 0 -0.040971
2623 3.050504 0 -0.097823
2624 3.185908 0 -0.264786
2625 3.282911 0 -0.374826
2626 3.445678 0 -0.565527
2627 3.613788 0 -0.801282
2628 3.843141 0 -0.881761
2629 4.071611 0 -0.914944
2630 4.207315 0 -0.988505
2631 4.246269 0 -1.016461
2632 4.288657 0 -1.010544
2633 4.341981 0 -0.966598
2634 4.363749 0 -0.939912
2635 4.381523 0 -0.939646
2636 4.418052 0 -0.936495
2637 4.468770 0 -0.955000
2638 4.534494 0 -0.962060
2639 4.540373 0 -0.887007
2640 4.442975 0 -0.858022
2641 4.350643 0 -0.809378
2642 4.228205 0 -0.778837
2643 4.196309 0 -0.755547
2644 4.229828 0 -0.742298
2645 4.322335 0 -0.774570
2646 4.509615 0 -0.875717
2647 4.744726 0 -1.027832
2648 5.022810 0 -1.209946
2649 5.326983 0 -1.329546
2650 5.608254 0 -1.446387
2651 5.865650 0 -1.564148
2652 6.091939 0 -1.621445
2653 6.239677 0 -1.578235
2654 6.265821 0 -1.517594
2655 6.212524 0 -1.423128
2656 6.216005 0 -1.382628
2657 6.270794 0 -1.368225
2658 6.315801 0 -1.411213
2659 6.323754 0 -1.406768
2660 6.303941 0 -1.366454
2661 6.212480 0 -1.399725
2662 6.128646 0 -1.401294
2663 6.035198 0 -1.437468
2664 5.915962 0 -1.438777
2665 5.743844 0 -1.495282
2666 5.615077 0 -1.596960
2667 5.497617 0 -1.671142
2668 5.385998 0 -1.633670
2669 5.291704 0 -1.523126
2670 5.248384 0 -1.512880
2671 5.149603 0 -1.489010
2672 5.149031 0 -1.424050
2673 5.087371 0 -1.302871
2674 5.037471 0 -1.146629
2675 5.002180 0 -1.061405
2676 4.957369 0 -1.007663
2677 4.821929 0 -1.015519
2678 4.490222 0 -1.099912
2679 4.131861 0 -1.111881
2680 3.835685 0 -1.093194
2681 3.585220 0 -1.045711
2682 3.394819 0 -1.001709
2683 3.283464 0 -0.853914
2684 3.131719 0 -0.678102
2685 2.970211 0 -0.508054
2686 2.835638 0 -0.411260
2687 2.705024 0 -0.352874
2688 2.625185 0 -0.289338
2689 2.587712 0 -0.225158
2690 2.552664 0 -0.123089
2691 2.545372 0 -0.044512
2692 2.473710 0 0.014723
2693 2.439069 0 0.013096
2694 2.377098 0 -0.016780
2695 2.370825 0 -0.140104
2696 2.419634 0 -0.235482
2697 2.498241 0 -0.360828
2698 2.656073 0 -0.444167
2699 2.813590 0 -0.487347
2700 2.961999 0 -0.491527
2701 3.097733 0 -0.429094
2702 3.216838 0 -0.376551
2703 3.316285 0 -0.348138
2704 3.391167 0 -0.318882
2705 3.492144 0 -0.258585
2706 3.548779 0 -0.210781
2707 3.612316 0 -0.137897
2708 3.664523 0 -0.131981
2709 3.687625 0 -0.125876
2710 3.657695 0 -0.150495
2711 3.636405 0 -0.168891
2712 3.577946 0 -0.230865
2713 3.519550 0 -0.287575
2714 3.417738 0 -0.329911
2715 3.379070 0 -0.308380
2716 3.332463 0 -0.224516
2717 3.338994 0 -0.176588
2718 3.352321 0 -0.108318
2719 3.440627 0 -0.043151
2720 3.525579 0 -0.031188
2721 3.574865 0 -0.099596
2722 3.586222 0 -0.237701
2723 3.628689 0 -0.412248
2724 3.599854 0 -0.565594
2725 3.568522 0 -0.720426
2726 3.483621 0 -0.817132
2727 3.405204 0 -0.820695
2728 3.305074 0 -0.800227
2729 3.269299 0 -0.748953
2730 3.242539 0 -0.690063
2731 3.183160 0 -0.634727
2732 3.179877 0 -0.539822
2733 3.108313 0 -0.507326
2734 3.086382 0 -0.412968
2735 3.127888 0 -0.328946
2736 3.147993 0 -0.243375
2737 3.121783 0 -0.236514
2738 3.102072 0 -0.258500
2739 3.140129 0 -0.243793
2740 3.096641 0 -0.217203
2741 2.942813 0 -0.325070
2742 2.902306 0 -0.374889
2743 2.880552 0 -0.507265
2744 2.845973 0 -0.620648
2745 2.811813 0 -0.648516
2746 2.855092 0 -0.601972
2747 2.920105 0 -0.503634
2748 2.953298 0 -0.406923
2749 2.940481 0 -0.406329
2750 2.981506 0 -0.332074
2751 2.922754 0 -0.305389
2752 2.880224 0 -0.214776
2753 2.842558 0 -0.176895
2754 2.876784 0 -0.156677
2755 2.966878 0 -0.175855
2756 2.927092 0 -0.208400
2757 2.948765 0 -0.264044
2758 3.030372 0 -0.299169
2759 3.049475 0 -0.320838
2760 3.076883 0 -0.346619
2761 3.096699 0 -0.402438
2762 3.127899 0 -0.337281
2763 3.109437 0 -0.199718
2764 3.055442 0 -0.093913
2765 3.023869 0 -0.027835
2766 2.948168 0 0.043520
2767 2.852725 0 0.151000
2768 2.791752 0 0.245615
2769 2.673152 0 0.308624
2770 2.534312 0 0.262783
2771 2.373006 0 0.173943
2772 2.223055 0 0.108670
2773 2.170101 0 0.010257
2774 2.122660 0 -0.143884
2775 2.124833 0 -0.277532
2776 2.176864 0 -0.420292
2777 2.296883 0 -0.544672
2778 2.377814 0 -0.564239
2779 2.474794 0 -0.588989
2780 2.611277 0 -0.543414
2781 2.722256 0 -0.446147
2782 2.771423 0 -0.312551
2783 2.754970 0 -0.156564
2784 2.696594 0 -0.066498
2785 2.633069 0 -0.028204
2786 2.579051 0 0.009528
2787 2.480394 0 0.015035
2788 2.374139 0 -0.000919
2789 2.262993 0 -0.017519
2790 2.175824 0 -0.017183
2791 2.135469 0 0.026798
2792 2.107206 0 0.099814
2793 2.050903 0 0.187337
2794 2.036470 0 0.305332
2795 1.999802 0 0.386799
2796 1.968433 0 0.454458
2797 1.926851 0 0.450368
2798 1.787965 0 0.495484
2799 1.688439 0 0.496436
2800 1.577211 0 0.545439
2801 1.452899 0 0.558438
2802 1.332109 0 0.541053
2803 1.270428 0 0.561522
2804 1.174900 0 0.578300
2805 1.126918 0 0.545360
2806 1.079445 0 0.557855
2807 0.972670 0 0.531869
2808 0.965463 0 0.550306
2809 0.983509 0 0.660491
2810 0.996114 0 0.829585
2811 0.902336 0 0.947303
2812 0.831481 0 0.986219
2813 0.813089 0 1.105689
2814 0.874553 0 1.124395
2815 0.978902 0 1.127725
2816 1.000319 0 1.195829
2817 0.981962 0 1.303744
2818 1.023793 0 1.474745
2819 1.085108 0 1.683995
2820 1.130781 0 1.849037
2821 1.207050 0 2.012714
2822 1.330535 0 2.179634
2823 1.481891 0 2.294020
2824 1.556103 0 2.320298
2825 1.696845 0 2.431630
2826 1.825991 0 2.567591
2827 1.847434 0 2.753510
2828 1.976818 0 2.900832
2829 2.199439 0 2.958020
2830 2.392469 0 2.997809
2831 2.627905 0 3.038807
2832 2.794073 0 3.078368
2833 2.959681 0 3.102643
2834 3.132383 0 3.095262
2835 3.255316 0 3.114394
2836 3.279366 0 3.194653
2837 3.357938 0 3.216257
2838 3.476994 0 3.305873
2839 3.641558 0 3.411427
2840 3.674629 0 3.516350
2841 3.735840 0 3.555256
2842 3.690379 0 3.610343
2843 3.668262 0 3.815607
2844 3.674339 0 3.962502
2845 3.744738 0 4.061275
2846 3.848855 0 4.235529
2847 3.810603 0 4.446851
2848 3.752233 0 4.662675
2849 3.662939 0 4.902783
2850 3.541301 0 5.131717
2851 3.384374 0 5.287021
2852 3.158225 0 5.280783
2853 3.002408 0 5.246111
2854 2.880782 0 5.199375
2855 2.746489 0 5.172115
2856 2.715859 0 5.217986
2857 2.683322 0 5.313870
2858 2.609243 0 5.411628
2859 2.451826 0 5.438115
2860 2.210074 0 5.401160
2861 1.946632 0 5.369820
2862 1.767749 0 5.315060
2863 1.551672 0 5.189111
2864 1.368595 0 5.045120
2865 1.172574 0 4.837987
2866 0.843420 0 4.543992
2867 0.495653 0 4.153726
2868 0.137433 0 3.801946
2869 -0.181958 0 3.492221
2870 -0.445203 0 3.162328
2871 -0.509203 0 2.861359
2872 -0.513173 0 2.562786
2873 -0.606287 0 2.290636
2874 -0.672320 0 2.012859
2875 -0.635969 0 1.763950
2876 -0.662198 0 1.536231
2877 -0.655482 0 1.337197
2878 -0.671397 0 1.160399
2879 -0.673632 0 0.992718
2880 -0.650460 0 0.871630
2881 -0.626523 0 0.769484
2882 -0.638753 0 0.756008
2883 -0.634751 0 0.710612
2884 -0.589031 0 0.722354
2885 -0.539129 0 0.709502
2886 -0.501862 0 0.760793
2887 -0.445262 0 0.762878
2888 -0.343496 0 0.787077
2889 -0.204917 0 0.814427
2890 -0.021015 0 0.758543
2891 0.251041 0 0.710621
2892 0.490870 0 0.628228
2893 0.751033 0 0.552358
2894 0.930406 0 0.514337
2895 1.052591 0 0.471120
2896 1.145792 0 0.492721
2897 1.277900 0 0.599289
2898 1.370566 0 0.717994
2899 1.435321 0 0.830777
2900 1.558946 0 0.949131
2901 1.605342 0 1.134795
2902 1.654390 0 1.354298
2903 1.791621 0 1.525915
2904 1.946418 0 1.784260
2905 2.133876 0 2.092262
2906 2.217844 0 2.373977
2907 2.166968 0 2.614988
2908 2.164521 0 2.849244
2909 2.175969 0 3.064041
2910 2.140061 0 3.207410
2911 2.042008 0 3.264494
2912 2.015152 0 3.243011
2913 1.996967 0 3.216022
2914 2.042902 0 3.266675
2915 2.139804 0 3.436602
2916 2.115524 0 3.573326
2917 2.079060 0 3.629065
2918 1.986627 0 3.557112
2919 1.798177 0 3.520577
2920 1.671315 0 3.470326
2921 1.584757 0 3.397197
2922 1.440082 0 3.276600
2923 1.294874 0 3.107669
2924 1.109830 0 2.839219
2925 0.918135 0 2.614034
2926 0.589256 0 2.348674
2927 0.180749 0 2.119152
2928 -0.244915 0 1.801484
2929 -0.435145 0 1.515244
2930 -0.485066 0 1.197999
2931 -0.456890 0 0.930180
2932 -0.419443 0 0.754504
2933 -0.339692 0 0.651215
2934 -0.273277 0 0.621990
2935 -0.255934 0 0.594597
2936 -0.290114 0 0.554997
2937 -0.372590 0 0.571526
2938 -0.545328 0 0.568190
2939 -0.690395 0 0.520804
2940 -0.782300 0 0.454369
2941 -0.859203 0 0.371107
2942 -0.833692 0 0.259807
2943 -0.783190 0 0.191026
2944 -0.721025 0 0.100916
2945 -0.642367 0 -0.019109
2946 -0.523560 0 -0.180151
2947 -0.360639 0 -0.331242
2948 -0.234746 0 -0.471349
2949 -0.124714 0 -0.610385
2950 -0.047697 0 -0.635639
2951 0.165586 0 -0.637100
2952 0.439452 0 -0.646683
2953 0.709596 0 -0.535511
2954 0.911831 0 -0.431213
2955 1.073562 0 -0.400528
2956 1.258447 0 -0.417388
2957 1.404092 0 -0.347790
2958 1.577401 0 -0.249003
2959 1.748127 0 -0.186723
2960 1.883155 0 -0.119377
2961 2.095051 0 -0.017079
2962 2.275417 0 0.122159
2963 2.477310 0 0.279907
2964 2.718974 0 0.468553
2965 2.878648 0 0.713600
2966 2.985907 0 0.910825
2967 3.092255 0 1.094402
2968 3.169846 0 1.323084
2969 3.186310 0 1.573467
2970 3.130809 0 1.778106
2971 3.064669 0 1.942830
2972 3.020450 0 2.067578
2973 2.993194 0 2.156857
2974 3.047616 0 2.261027
2975 3.074566 0 2.326243
2976 3.078193 0 2.317106
2977 3.066256 0 2.261962
2978 2.910607 0 2.208344
2979 2.880579 0 2.264721
2980 2.940530 0 2.377118
2981 3.036465 0 2.449946
2982 3.103971 0 2.430298
2983 3.178980 0 2.465422
2984 3.221638 0 2.553134
2985 3.253981 0 2.620569
2986 3.294955 0 2.719179
2987 3.271659 0 2.775049
2988 3.145762 0 2.840220
2989 3.057996 0 2.848519
2990 3.010481 0 2.851604
2991 3.050480 0 2.871781
2992 3.096505 0 2.850783
2993 3.080468 0 2.825387
2994 3.081048 0 2.865789
2995 3.067127 0 2.950536
2996 3.063285 0 3.048309
2997 3.034114 0 3.112150
2998 2.992273 0 3.121393
2999 2.964733 0 3.168562
3000 2.920146 0 3.186480
3001 2.898799 0 3.213558
3002 2.893199 0 3.254311
3003 2.860011 0 3.273805
3004 2.833280 0 3.288447
3005 2.807453 0 3.265694
3006 2.828328 0 3.244337
3007 2.937943 0 3.269194
3008 3.028260 0 3.269201
3009 3.063798 0 3.234086
3010 3.055556 0 3.217216
3011 3.006038 0 3.176260
3012 2.962541 0 3.136327
3013 2.893512 0 3.131674
3014 2.822451 0 3.085800
3015 2.739852 0 3.062353
3016 2.705611 0 3.056767
3017 2.768411 0 3.035694
3018 2.923724 0 3.007219
3019 3.100418 0 3.008731
3020 3.364318 0 2.977677
3021 3.694563 0 2.899620
3022 4.021201 0 2.873307
3023 4.393779 0 2.805174
3024 4.676503 0 2.732587
3025 4.922785 0 2.663454
3026 5.095520 0 2.531188
3027 5.203372 0 2.443552
3028 5.145191 0 2.322208
3029 5.041458 0 2.153728
3030 4.868956 0 1.985320
3031 4.684886 0 1.877266
3032 4.549812 0 1.796702
3033 4.432227 0 1.826036
3034 4.302378 0 1.769494
3035 4.092943 0 1.715056
3036 3.975749 0 1.686481
3037 4.030872 0 1.589052
3038 4.243237 0 1.499175
3039 4.443460 0 1.512579
3040 4.623094 0 1.513868
3041 4.704582 0 1.429789
3042 4.659783 0 1.295172
3043 4.518002 0 1.286736
3044 4.308474 0 1.256822
3045 4.097411 0 1.232325
3046 3.951723 0 1.224683
3047 3.840384 0 1.237993
3048 3.702806 0 1.201153
3049 3.446128 0 1.184738
3050 3.141888 0 1.194147
3051 2.972076 0 1.250232
3052 2.837085 0 1.382228
3053 2.706179 0 1.420194
3054 2.606458 0 1.356279
3055 2.506989 0 1.220472
3056 2.412894 0 1.063069
3057 2.308589 0 0.861045
3058 2.169062 0 0.719801
3059 2.033595 0 0.597499
3060 1.879518 0 0.587200
3061 1.727318 0 0.622454
3062 1.586903 0 0.742437
3063 1.511951 0 0.899085
3064 1.505460 0 1.033581
3065 1.511694 0 1.173750
3066 1.487999 0 1.254645
3067 1.501353 0 1.308728
3068 1.590943 0 1.359330
3069 1.613885 0 1.363161
3070 1.599417 0 1.321729
3071 1.617075 0 1.318004
3072 1.630103 0 1.296890
3073 1.621534 0 1.309728
3074 1.559214 0 1.281491
3075 1.523323 0 1.242993
3076 1.501567 0 1.206200
3077 1.454957 0 1.146300
3078 1.299498 0 1.111176
3079 1.109938 0 1.110588
3080 0.952773 0 1.112090
3081 0.802369 0 1.219769
3082 0.615950 0 1.346230
3083 0.480072 0 1.420160
3084 0.472064 0 1.512271
3085 0.519860 0 1.612913
3086 0.696955 0 1.679750
3087 0.845190 0 1.723180
3088 0.998769 0 1.784502
3089 1.142394 0 1.825823
3090 1.224339 0 1.811457
3091 1.339947 0 1.829829
3092 1.429535 0 1.821439
3093 1.505020 0 1.855579
3094 1.496175 0 1.925610
3095 1.392776 0 1.953947
3096 1.229808 0 2.040308
3097 1.043927 0 2.077466
3098 0.919282 0 2.149222
3099 0.917283 0 2.257227
3100 1.003288 0 2.301072
3101 1.200566 0 2.280064
3102 1.406401 0 2.310618
3103 1.621726 0 2.328396
3104 1.790974 0 2.351015
3105 1.998712 0 2.310585
3106 2.188540 0 2.379304
3107 2.343525 0 2.392345
3108 2.428362 0 2.312507
3109 2.515834 0 2.318728
3110 2.586002 0 2.382093
3111 2.657682 0 2.473112
3112 2.701004 0 2.615306
3113 2.780706 0 2.742406
3114 2.931605 0 2.880283
3115 3.059141 0 2.977741
3116 3.275681 0 2.924217
3117 3.420982 0 2.794027
3118 3.414573 0 2.649130
3119 3.343213 0 2.516285
3120 3.276396 0 2.358913
3121 3.211316 0 2.299120
3122 3.225178 0 2.277387
3123 3.218436 0 2.196133
3124 3.224305 0 2.123495
3125 3.174435 0 2.085143
3126 3.165709 0 2.066021
3127 3.138512 0 2.047987
3128 3.130821 0 2.081396
3129 3.148487 0 2.110310
3130 3.133553 0 2.137815
3131 3.147788 0 2.159565
3132 3.159989 0 2.215485
3133 3.201841 0 2.239797
3134 3.227789 0 2.287714
3135 3.223077 0 2.245900
3136 3.188617 0 2.206877
3137 3.126275 0 2.172146
3138 3.030141 0 2.121812
3139 2.879114 0 2.026441
3140 2.712195 0 1.971441
3141 2.522442 0 1.991160
3142 2.263703 0 1.997129
3143 1.939507 0 1.954381
3144 1.613256 0 1.992951
3145 1.323529 0 2.043557
3146 1.099796 0 2.136351
3147 1.018422 0 2.307521
3148 1.063044 0 2.519172
3149 1.035632 0 2.689831
3150 0.969189 0 2.858459
3151 0.828535 0 2.934323
3152 0.635055 0 2.910212
3153 0.475039 0 2.805626
3154 0.455627 0 2.730322
3155 0.409210 0 2.698067
3156 0.400586 0 2.694129
3157 0.466110 0 2.654407
3158 0.545227 0 2.596745
3159 0.614284 0 2.663928
3160 0.713528 0 2.803944
3161 0.845515 0 2.924499
3162 0.818763 0 3.108417
3163 0.768712 0 3.257234
3164 0.750877 0 3.336967
3165 0.684973 0 3.460283
3166 0.684952 0 3.549804
3167 0.660968 0 3.649390
3168 0.665718 0 3.800615
3169 0.671839 0 3.905367
3170 0.612692 0 4.098990
3171 0.544685 0 4.350621
3172 0.529328 0 4.563142
3173 0.531533 0 4.868594
3174 0.533198 0 5.211972
3175 0.594052 0 5.525999
3176 0.622358 0 5.762910
3177 0.598828 0 6.012484
3178 0.507989 0 6.223631
3179 0.317988 0 6.470183
3180 0.138157 0 6.738601
3181 -0.016649 0 6.985819
3182 -0.087939 0 7.265103
3183 -0.166025 0 7.447673
3184 -0.070122 0 7.538017
3185 -0.124227 0 7.778261
3186 -0.168699 0 8.106911
3187 -0.121509 0 8.349947
3188 -0.056718 0 8.502175
3189 0.036484 0 8.647804
3190 0.177041 0 8.785607
3191 0.212101 0 8.945460
3192 0.089428 0 9.145316
3193 -0.041751 0 9.326569
3194 -0.151898 0 9.471687
3195 -0.212138 0 9.515789
3196 -0.236139 0 9.588392
3197 -0.227787 0 9.598577
3198 -0.202283 0 9.598627
3199 -0.175184 0 9.566411
3200 -0.223136 0 9.531496
3201 -0.265818 0 9.446984
3202 -0.262510 0 9.295611
3203 -0.301857 0 9.056990
3204 -0.336072 0 8.738165
3205 -0.381608 0 8.272097
3206 -0.402524 0 7.666800
3207 -0.455347 0 7.090544
3208 -0.562648 0 6.625900
3209 -0.703461 0 6.253895
3210 -0.856493 0 5.926099
3211 -1.017466 0 5.588189
3212 -1.128842 0 5.283338
3213 -1.224399 0 5.041781
3214 -1.371283 0 4.735842
3215 -1.520047 0 4.450234
3216 -1.654864 0 4.197169
3217 -1.755397 0 3.939186
3218 -1.863046 0 3.706194
3219 -1.971453 0 3.474108
3220 -2.088978 0 3.246768
3221 -2.192535 0 3.048685
3222 -2.303078 0 2.819489
3223 -2.411121 0 2.588365
3224 -2.521869 0 2.391423
3225 -2.577758 0 2.180328
3226 -2.642310 0 1.991104
3227 -2.708269 0 1.805143
3228 -2.727428 0 1.650302
3229 -2.723411 0 1.516562
3230 -2.732444 0 1.349913
3231 -2.720063 0 1.165427
3232 -2.736292 0 0.919783
3233 -2.688025 0 0.719934
3234 -2.582215 0 0.505337
3235 -2.393805 0 0.306978
3236 -2.212780 0 0.146803
3237 -2.037083 0 0.023614
3238 -1.924646 0 -0.111121
3239 -1.865055 0 -0.148095
3240 -1.836106 0 -0.140380
3241 -1.734233 0 -0.151771
3242 -1.545590 0 -0.191094
3243 -1.334821 0 -0.259525
3244 -1.071982 0 -0.329851
3245 -0.781499 0 -0.372627
3246 -0.503082 0 -0.435734
3247 -0.232609 0 -0.514779
3248 0.062612 0 -0.540658
3249 0.301371 0 -0.612125
3250 0.461087 0 -0.682906
3251 0.608487 0 -0.771147
3252 0.786577 0 -0.879965
3253 0.967578 0 -0.851887
3254 1.240602 0 -0.901688
3255 1.456524 0 -0.956519
3256 1.709277 0 -0.987395
3257 1.994427 0 -1.079116
3258 2.215614 0 -1.232823
3259 2.390233 0 -1.399797
3260 2.527023 0 -1.501500
3261 2.581849 0 -1.556481
3262 2.625856 0 -1.652315
3263 2.658031 0 -1.722185
3264 2.738021 0 -1.784716
3265 2.785431 0 -1.835283
3266 2.898481 0 -1.889483
3267 2.965175 0 -1.943599
3268 3.052101 0 -1.952159
3269 3.140773 0 -1.968031
3270 3.162510 0 -2.006943
3271 3.207354 0 -2.027839
3272 3.221916 0 -2.041741
3273 3.244393 0 -2.056720
3274 3.284210 0 -2.066455
3275 3.293525 0 -2.081284
3276 3.305094 0 -2.098005
3277 3.314721 0 -2.117097
3278 3.328636 0 -2.128869
3279 3.342183 0 -2.140179
3280 3.355679 0 -2.151466
3281 3.367051 0 -2.155821
3282 3.374084 0 -2.145438
3283 3.363921 0 -2.134413
3284 3.376765 0 -2.123059
3285 3.381422 0 -2.112047
3286 3.387987 0 -2.099737
3287 3.394730 0 -2.087061
3288 3.401296 0 -2.074753
3289 3.401236 0 -2.062446
3290 3.400789 0 -2.049467
3291 3.400313 0 -2.036859
3292 3.399839 0 -2.024246
3293 3.399455 0 -2.011228
3294 3.409004 0 -1.995964
3295 3.420004 0 -1.981893
3296 3.431340 0 -1.967390
3297 3.442369 0 -1.953346
3298 3.454801 0 -1.935016
3299 3.445111 0 -1.916208
3300 3.439583 0 -1.904968
3301 3.434502 0 -1.907994
3302 3.434403 0 -1.920359
3303 3.401036 0 -1.910237
3304 3.382502 0 -1.886950
3305 3.372727 0 -1.874211
3306 3.336999 0 -1.853399
3307 3.316622 0 -1.832953
3308 3.329039 0 -1.818883
3309 3.339893 0 -1.779990
3310 3.327675 0 -1.758931
3311 3.357238 0 -1.752484
3312 3.367799 0 -1.746995
3313 3.343122 0 -1.773232
3314 3.290780 0 -1.869909
3315 3.274587 0 -1.924143
3316 3.303682 0 -1.993933
3317 3.362591 0 -2.104436
3318 3.387653 0 -2.163563
3319 3.445479 0 -2.180295
3320 3.472452 0 -2.135690
3321 3.514686 0 -2.095785
3322 3.571522 0 -2.057824
3323 3.645728 0 -2.016101
3324 3.682657 0 -2.010850
3325 3.676343 0 -2.036928
3326 3.640494 0 -2.043473
3327 3.609430 0 -2.095871
3328 3.558627 0 -2.150459
3329 3.482549 0 -2.207386
3330 3.470712 0 -2.236567
3331 3.448307 0 -2.242841
3332 3.476982 0 -2.248105
3333 3.506644 0 -2.251583
3334 3.537252 0 -2.229830
3335 3.558325 0 -2.214926
3336 3.616765 0 -2.199357
3337 3.619920 0 -2.165701
3338 3.637265 0 -2.099521
3339 3.576315 0 -2.097754
3340 3.496611 0 -2.092772
3341 3.430719 0 -2.142847
3342 3.380636 0 -2.217025
3343 3.361994 0 -2.290733
3344 3.378078 0 -2.329105
3345 3.376142 0 -2.307651
3346 3.352960 0 -2.314281
3347 3.366539 0 -2.282406
3348 3.388823 0 -2.254219
3349 3.387492 0 -2.223152
3350 3.404585 0 -2.196782
3351 3.392159 0 -2.144107
3352 3.407687 0 -2.120617
3353 3.361284 0 -2.107691
3354 3.308368 0 -2.118251
3355 3.269144 0 -2.135570
3356 3.226876 0 -2.135832
3357 3.200558 0 -2.154492
3358 3.173651 0 -2.150896
3359 3.141523 0 -2.113283
3360 3.088855 0 -2.087842
3361 2.998066 0 -2.070586
3362 2.919119 0 -2.026640
3363 2.779782 0 -1.989580
3364 2.617343 0 -1.903919
3365 2.409696 0 -1.834276
3366 2.219753 0 -1.832502
3367 1.980792 0 -1.853181
3368 1.819796 0 -1.896970
3369 1.721102 0 -2.004570
3370 1.605982 0 -2.122661
3371 1.476176 0 -2.273458
3372 1.417944 0 -2.342606
3373 1.381089 0 -2.353699
3374 1.375349 0 -2.373633
3375 1.286879 0 -2.417164
3376 1.213356 0 -2.390459
3377 1.076944 0 -2.318406
3378 0.982092 0 -2.215811
3379 0.931044 0 -2.141224
3380 0.888469 0 -2.048162
3381 0.845280 0 -1.981565
3382 0.805965 0 -1.929418
3383 0.789196 0 -1.879131
3384 0.776704 0 -1.841580
3385 0.757939 0 -1.802843
3386 0.746338 0 -1.773255
3387 0.724671 0 -1.744638
3388 0.710566 0 -1.715824
3389 0.696183 0 -1.686105
3390 0.692722 0 -1.657285
3391 0.683887 0 -1.622973
3392 0.679678 0 -1.587768
3393 0.675754 0 -1.570819
3394 0.670798 0 -1.552196
3395 0.665812 0 -1.532950
3396 0.661710 0 -1.513801
3397 0.659173 0 -1.493424
3398 0.660335 0 -1.477797
3399 0.661615 0 -1.462660
3400 0.651519 0 -1.447492
3401 0.636382 0 -1.440350
3402 0.627208 0 -1.442396
3403 0.618590 0 -1.453337
3404 0.617855 0 -1.453504
3405 0.628763 0 -1.462019
3406 0.617042 0 -1.454540
3407 0.675489 0 -1.453298
3408 0.746897 0 -1.438047
3409 0.790958 0 -1.409675
3410 0.838675 0 -1.303849
3411 0.966812 0 -1.197640
3412 1.036347 0 -1.115082
3413 1.056414 0 -1.110190
3414 1.040028 0 -1.193499
3415 0.972517 0 -1.327367
3416 0.841546 0 -1.408837
3417 0.724768 0 -1.494480
3418 0.692976 0 -1.570334
3419 0.707130 0 -1.625427
3420 0.771401 0 -1.705995
3421 0.765881 0 -1.696406
3422 0.731211 0 -1.688516
3423 0.710387 0 -1.605953
3424 0.717142 0 -1.543345
3425 0.757596 0 -1.467015
3426 0.842488 0 -1.351525
3427 0.978671 0 -1.263619
3428 1.046859 0 -1.115947
3429 1.099415 0 -1.125117
3430 1.103662 0 -1.220783
3431 0.996453 0 -1.259288
3432 0.848270 0 -1.324983
3433 0.630414 0 -1.372323
3434 0.535390 0 -1.432788
3435 0.529752 0 -1.458198
3436 0.558840 0 -1.505395
3437 0.574398 0 -1.532450
3438 0.644766 0 -1.525725
3439 0.663788 0 -1.514020
3440 0.749940 0 -1.420932
3441 0.858788 0 -1.341897
3442 0.929776 0 -1.198067
3443 0.965254 0 -1.156554
3444 0.988442 0 -1.212590
3445 0.962974 0 -1.320791
3446 0.854147 0 -1.380711
3447 0.712421 0 -1.449428
3448 0.645284 0 -1.475193
3449 0.667555 0 -1.519742
3450 0.741818 0 -1.579872
3451 0.769826 0 -1.605073
3452 0.801420 0 -1.570939
3453 0.838277 0 -1.538967
3454 0.889962 0 -1.493472
3455 1.033920 0 -1.407468
3456 1.102127 0 -1.254538
3457 1.116426 0 -1.176889
3458 1.115346 0 -1.225428
3459 1.135045 0 -1.340099
3460 1.053188 0 -1.361729
3461 0.920934 0 -1.365577
3462 0.848153 0 -1.405093
3463 0.835154 0 -1.444843
3464 0.844522 0 -1.497596
3465 0.846970 0 -1.550873
3466 0.860370 0 -1.548150
3467 0.849420 0 -1.499577
3468 0.851244 0 -1.463237
3469 0.763982 0 -1.350045
3470 0.711262 0 -1.271752
3471 0.688006 0 -1.263137
3472 0.558088 0 -1.222231
3473 0.330715 0 -1.114563
3474 0.006881 0 -1.033981
3475 -0.337249 0 -0.990441
3476 -0.683987 0 -0.883778
3477 -0.925129 0 -0.787759
3478 -1.042878 0 -0.737716
3479 -1.176931 0 -0.714754
3480 -1.328680 0 -0.679807
3481 -1.372240 0 -0.691966
3482 -1.363405 0 -0.702110
3483 -1.338511 0 -0.673807
3484 -1.323860 0 -0.660793
3485 -1.335865 0 -0.618373
3486 -1.453412 0 -0.537285
3487 -1.631018 0 -0.491004
3488 -1.863854 0 -0.461802
3489 -2.028523 0 -0.453138
3490 -2.116843 0 -0.452496
3491 -2.166600 0 -0.385249
3492 -2.239354 0 -0.336569
3493 -2.324749 0 -0.323747
3494 -2.404030 0 -0.321769
3495 -2.471150 0 -0.327002
3496 -2.538391 0 -0.333058
3497 -2.602943 0 -0.337170
3498 -2.653226 0 -0.341261
3499 -2.691858 0 -0.347569
3500 -2.731644 0 -0.354212
3501 -2.767322 0 -0.360269
3502 -2.798804 0 -0.366355
3503 -2.830940 0 -0.370696
3504 -2.863106 0 -0.371550
3505 -2.875711 0 -0.372453
3506 -2.891629 0 -0.367679
3507 -2.908481 0 -0.358404
3508 -2.925301 0 -0.358716
3509 -2.942629 0 -0.358992
3510 -2.959685 0 -0.357995
3511 -2.977046 0 -0.354902
3512 -2.994378 0 -0.348958
3513 -3.009405 0 -0.342966
3514 -3.024385 0 -0.336784
3515 -3.031563 0 -0.329380
3516 -3.038414 0 -0.322069
3517 -3.044400 0 -0.321448
3518 -3.053315 0 -0.326488
3519 -3.058308 0 -0.340039
3520 -3.058463 0 -0.351263
3521 -3.051366 0 -0.358379
3522 -3.045904 0 -0.356548
3523 -3.039463 0 -0.347100
3524 -3.035647 0 -0.324072
3525 -3.040407 0 -0.322486
3526 -3.053948 0 -0.301182
3527 -3.076915 0 -0.245899
3528 -3.134073 0 -0.183753
3529 -3.205434 0 -0.140761
3530 -3.272329 0 -0.069453
3531 -3.318156 0 -0.054915
3532 -3.401705 0 -0.018507
3533 -3.450356 0 -0.002678
3534 -3.495992 0 0.028399
3535 -3.489768 0 -0.014716
3536 -3.479898 0 -0.043161
3537 -3.526067 0 -0.083619
3538 -3.602298 0 -0.194633
3539 -3.642807 0 -0.244579
3540 -3.697259 0 -0.307724
3541 -3.803077 0 -0.322909
3542 -3.851424 0 -0.300020
3543 -3.842989 0 -0.241327
3544 -3.793518 0 -0.176599
3545 -3.779570 0 -0.125580
3546 -3.835035 0 -0.011945
3547 -3.808590 0 0.064881
3548 -3.755643 0 0.140253
3549 -3.628457 0 0.214225
3550 -3.505265 0 0.232430
3551 -3.429265 0 0.266326
3552 -3.387874 0 0.252988
3553 -3.306154 0 0.249996
3554 -3.321133 0 0.213761
3555 -3.402461 0 0.207315
3556 -3.524920 0 0.204886
3557 -3.595555 0 0.196135
3558 -3.683076 0 0.219592
3559 -3.726231 0 0.204920
3560 -3.752295 0 0.203040
3561 -3.791657 0 0.163719
3562 -3.798409 0 0.124926
3563 -3.793693 0 0.021075
3564 -3.749436 0 -0.060027
3565 -3.738296 0 -0.141511
3566 -3.728070 0 -0.214828
3567 -3.741335 0 -0.252858
3568 -3.771294 0 -0.212328
3569 -3.864921 0 -0.190861
3570 -3.930678 0 -0.123463
3571 -3.907592 0 -0.067646
3572 -3.851845 0 -0.006639
3573 -3.755684 0 0.020746
3574 -3.587082 0 0.075151
3575 -3.502677 0 0.065013
3576 -3.440787 0 0.087305
3577 -3.391556 0 0.079153
3578 -3.368068 0 0.066494
3579 -3.401192 0 0.117647
3580 -3.465205 0 0.126142
3581 -3.529972 0 0.138430
3582 -3.631835 0 0.160769
3583 -3.692168 0 0.153765
3584 -3.768813 0 0.156205
3585 -3.805255 0 0.122876
3586 -3.816675 0 0.072118
3587 -3.782258 0 -0.002599
3588 -3.700370 0 -0.081107
3589 -3.601886 0 -0.149276
3590 -3.454326 0 -0.182344
3591 -3.295144 0 -0.160576
3592 -3.143510 0 -0.184985
3593 -2.990638 0 -0.195564
3594 -2.796833 0 -0.197218
3595 -2.594748 0 -0.204738
3596 -2.328967 0 -0.190665
3597 -2.025289 0 -0.189923
3598 -1.700530 0 -0.216228
3599 -1.370983 0 -0.248534
3600 -1.078993 0 -0.361649
3601 -0.821141 0 -0.509048
3602 -0.603598 0 -0.683428
3603 -0.409681 0 -0.841411
3604 -0.297877 0 -0.960338
3605 -0.211541 0 -1.035356
3606 -0.130199 0 -1.061564
3607 -0.069751 0 -1.025433
3608 -0.026331 0 -0.987605
3609 0.063149 0 -0.903672
3610 0.182677 0 -0.802388
3611 0.316857 0 -0.682785
3612 0.518843 0 -0.617409
3613 0.705359 0 -0.623864
3614 0.902731 0 -0.673854
3615 1.063726 0 -0.764118
3616 1.200294 0 -0.849379
3617 1.338152 0 -0.928614
3618 1.453249 0 -1.035568
3619 1.604656 0 -1.100846
3620 1.784492 0 -1.200311
3621 1.982291 0 -1.330146
3622 2.165118 0 -1.403307
3623 2.367328 0 -1.471522
3624 2.567079 0 -1.504938
3625 2.777965 0 -1.489078
3626 2.950094 0 -1.376859
3627 3.071996 0 -1.239979
3628 3.196870 0 -1.090450
3629 3.248954 0 -1.030355
3630 3.290557 0 -1.000205
3631 3.316586 0 -0.974844
3632 3.287134 0 -0.944770
3633 3.282307 0 -0.961833
3634 3.242692 0 -0.963147
3635 3.262760 0 -0.944051
3636 3.251109 0 -0.936026
3637 3.267483 0 -0.964503
3638 3.238815 0 -1.006208
3639 3.235731 0 -1.059777
3640 3.222734 0 -1.126239
3641 3.122288 0 -1.196792
3642 3.005012 0 -1.262747
3643 2.867798 0 -1.324335
3644 2.732217 0 -1.370516
3645 2.563840 0 -1.405486
3646 2.422304 0 -1.423598
3647 2.325016 0 -1.477704
3648 2.207525 0 -1.530060
3649 2.115482 0 -1.565104
3650 2.053340 0 -1.600465
3651 2.006001 0 -1.635140
3652 1.956220 0 -1.675017
3653 1.935494 0 -1.702432
3654 1.930319 0 -1.719836
3655 1.924103 0 -1.737266
3656 1.950307 0 -1.735185
3657 1.973799 0 -1.756447
3658 1.999941 0 -1.782514
3659 2.038779 0 -1.790058
3660 2.079035 0 -1.785654
3661 2.116396 0 -1.778668
3662 2.152791 0 -1.769361
3663 2.194212 0 -1.750043
3664 2.227082 0 -1.743172
3665 2.269622 0 -1.723468
3666 2.310676 0 -1.703985
3667 2.349650 0 -1.676625
3668 2.388569 0 -1.647320
3669 2.447691 0 -1.618468
3670 2.503711 0 -1.590928
3671 2.557183 0 -1.570229
3672 2.611053 0 -1.551900
3673 2.660153 0 -1.543343
3674 2.713018 0 -1.519568
3675 2.761142 0 -1.502881
3676 2.820783 0 -1.487604
3677 2.882265 0 -1.471968
3678 2.938322 0 -1.457730
3679 2.994457 0 -1.443618
3680 3.052694 0 -1.429471
3681 3.109337 0 -1.415864
3682 3.160026 0 -1.404667
3683 3.216159 0 -1.393200
3684 3.270721 0 -1.382107
3685 3.303074 0 -1.371001
3686 3.336340 0 -1.359633
3687 3.359606 0 -1.349983
3688 3.377184 0 -1.355964
3689 3.391430 0 -1.396884
3690 3.392304 0 -1.429558
3691 3.386171 0 -1.474895
3692 3.407989 0 -1.522371
3693 3.424774 0 -1.569145
3694 3.442303 0 -1.633017
3695 3.462270 0 -1.700236
3696 3.461235 0 -1.714785
3697 3.432857 0 -1.707662
3698 3.399273 0 -1.716972
3699 3.359953 0 -1.730378
3700 3.325217 0 -1.728235
3701 3.301531 0 -1.702027
3702 3.286595 0 -1.688042
3703 3.290743 0 -1.649754
3704 3.295633 0 -1.610971
3705 3.303787 0 -1.589468
3706 3.298225 0 -1.586850
3707 3.284748 0 -1.565044
3708 3.283374 0 -1.544485
3709 3.276736 0 -1.530524
3710 3.278875 0 -1.516990
3711 3.274446 0 -1.512019
3712 3.270926 0 -1.507797
3713 3.267142 0 -1.510327
3714 3.263902 0 -1.513263
3715 3.254060 0 -1.517853
3716 3.248911 0 -1.522444
3717 3.242714 0 -1.527976
3718 3.229751 0 -1.533363
3719 3.223444 0 -1.530507
3720 3.217245 0 -1.527581
3721 3.217540 0 -1.524234
3722 3.221839 0 -1.516332
3723 3.225979 0 -1.525833
3724 3.229720 0 -1.534958
3725 3.224642 0 -1.544296
3726 3.222060 0 -1.549821
3727 3.220214 0 -1.555334
3728 3.218292 0 -1.561004
3729 3.215978 0 -1.566085
3730 3.216131 0 -1.568538
3731 3.216299 0 -1.571064
3732 3.216458 0 -1.573499
3733 3.216601 0 -1.575949
3734 3.216758 0 -1.578470
3735 3.216896 0 -1.580917
3736 3.217041 0 -1.583349
3737 3.220518 0 -1.582420
3738 3.223930 0 -1.581501
3739 3.227517 0 -1.580769
3740 3.231242 0 -1.580013
3741 3.234846 0 -1.579305
3742 3.238457 0 -1.578603
3743 3.240787 0 -1.577879
3744 3.243873 0 -1.576198
3745 3.246989 0 -1.574533
3746 3.250218 0 -1.572836
3747 3.253362 0 -1.571209
3748 3.255996 0 -1.569071
3749 3.258710 0 -1.566889
3750 3.261357 0 -1.564767
3751 3.263394 0 -1.562069
3752 3.264263 0 -1.558297
3753 3.265102 0 -1.554614
3754 3.265838 0 -1.550832
3755 3.266521 0 -1.546980
3756 3.262902 0 -1.547506
3757 3.266542 0 -1.548032
3758 3.264903 0 -1.554482
3759 3.263247 0 -1.560807
3760 3.267101 0 -1.567132
3761 3.267851 0 -1.576868
3762 3.268532 0 -1.586358
3763 3.269214 0 -1.595847
3764 3.269912 0 -1.605591
3765 3.270595 0 -1.611786
3766 3.271279 0 -1.617983
3767 3.272734 0 -1.624368
3768 3.274170 0 -1.630556
3769 3.274170 0 -1.630556
3770 3.274170 0 -1.630556
1
0 0 0 0