Bones: 1
"12.joint_HipMaster"
""
8 0 0 0 0 -0 0
2950
0 -1.757081 0 2.240497
2 -1.616425 0 1.983517
3 -1.529296 0 1.740118
4 -1.485697 0 1.544481
5 -1.510406 0 1.422075
6 -1.515452 0 1.398040
7 -1.507789 0 1.460300
8 -1.527655 0 1.629888
9 -1.546976 0 1.858464
10 -1.548306 0 2.074541
11 -1.575961 0 2.204557
12 -1.635396 0 2.196632
13 -1.709679 0 2.078458
14 -1.693540 0 1.955328
15 -1.650668 0 1.755108
16 -1.531436 0 1.649435
17 -1.467600 0 1.626404
18 -1.411544 0 1.683680
19 -1.389061 0 1.670491
20 -1.380381 0 1.619163
21 -1.307326 0 1.493426
22 -1.231860 0 1.373227
23 -1.164787 0 1.370500
24 -1.140713 0 1.500631
25 -1.110888 0 1.611337
26 -1.051015 0 1.675042
27 -1.012457 0 1.628909
28 -0.997255 0 1.563077
29 -0.988337 0 1.467108
30 -0.950275 0 1.350622
31 -0.948934 0 1.367230
32 -0.877590 0 1.518586
33 -0.832933 0 1.617279
34 -0.753901 0 1.707981
35 -0.690151 0 1.772124
36 -0.694809 0 1.936627
37 -0.776459 0 2.121934
38 -0.887937 0 2.257683
39 -0.942114 0 2.300673
40 -0.986832 0 2.213225
41 -0.975091 0 2.108371
42 -0.918020 0 2.090346
43 -0.876552 0 2.184274
44 -0.846981 0 2.334861
45 -0.878726 0 2.379924
46 -0.889922 0 2.322174
47 -0.904310 0 2.198534
48 -0.894600 0 2.024369
49 -0.890063 0 1.897456
50 -0.926247 0 1.879959
51 -0.970316 0 1.949321
52 -0.979530 0 2.036337
53 -0.964293 0 2.163476
54 -0.954711 0 2.203330
55 -0.930380 0 2.185475
56 -0.872714 0 2.107715
57 -0.817431 0 1.984898
58 -0.746671 0 1.823738
59 -0.631187 0 1.659226
60 -0.463154 0 1.524279
61 -0.287329 0 1.402792
62 -0.140132 0 1.392372
62.999996 -0.001329 0 1.412123
64 0.140453 0 1.521734
65 0.305670 0 1.629315
66 0.434317 0 1.680368
67 0.626189 0 1.636702
68 0.890526 0 1.509466
69 1.119875 0 1.337215
70 1.348233 0 1.133757
71 1.570220 0 0.999497
72 1.853585 0 0.927393
73 2.181992 0 0.900127
74 2.515710 0 0.907197
75 2.844239 0 0.945989
76 3.117301 0 1.013074
77 3.395875 0 1.111232
78 3.626318 0 1.222343
79 3.832972 0 1.351938
80 3.961063 0 1.464697
81 4.063062 0 1.617997
82 4.152682 0 1.732906
83 4.190114 0 1.831132
84 4.154170 0 1.902099
85 4.072444 0 1.959573
86 4.003991 0 2.011064
87 3.894133 0 2.059077
88 3.737826 0 2.094520
89 3.558193 0 2.108036
90 3.344512 0 2.105160
91 3.170339 0 2.047117
92 3.044066 0 1.949567
93 2.988848 0 1.824412
94 2.890666 0 1.719171
95 2.752854 0 1.622092
96 2.615242 0 1.585889
97 2.494288 0 1.651918
98 2.394137 0 1.664665
99 2.270943 0 1.655543
100 2.162309 0 1.629209
101 2.014945 0 1.640678
102 1.866099 0 1.701321
103 1.775487 0 1.797655
104 1.683810 0 1.898163
105 1.604576 0 1.962970
106 1.546686 0 2.000459
107 1.555260 0 1.998753
108 1.501256 0 1.979609
109 1.417809 0 1.924639
110 1.293467 0 1.906807
111 1.165082 0 1.883330
112 1.037178 0 1.824175
113 0.875023 0 1.854899
114 0.824867 0 1.919090
115 0.762616 0 1.980448
116 0.754333 0 2.078285
117 0.771913 0 2.130479
118 0.766270 0 2.134465
119 0.788664 0 2.119610
120 0.769456 0 2.054508
121.000008 0.695833 0 2.025106
122 0.648408 0 2.042094
122.999992 0.585706 0 2.155821
124 0.568811 0 2.254765
125 0.574890 0 2.359870
125.999992 0.609118 0 2.456551
127 0.629130 0 2.504140
128 0.644973 0 2.567913
129 0.666846 0 2.587430
130 0.662471 0 2.600513
131 0.675233 0 2.597782
132 0.650271 0 2.571029
133 0.601589 0 2.565960
134 0.538878 0 2.493532
135 0.462004 0 2.444978
136 0.376959 0 2.409662
137 0.298591 0 2.379799
138 0.197051 0 2.378074
139 0.117421 0 2.373629
140 0.011121 0 2.357770
141 -0.082214 0 2.365331
142 -0.136567 0 2.413805
143 -0.132222 0 2.511730
144 -0.053813 0 2.643200
145 0.079946 0 2.787367
146 0.230496 0 2.844965
147 0.350025 0 2.892894
148 0.403491 0 2.919079
149 0.425125 0 2.960512
150 0.494080 0 2.997401
151 0.549465 0 3.073130
152 0.605345 0 3.155515
153 0.623770 0 3.181477
154 0.580495 0 3.156365
155 0.463929 0 3.076348
156 0.301522 0 2.957976
157 0.074978 0 2.848756
158 -0.074885 0 2.654911
159 -0.141653 0 2.461658
160 -0.109992 0 2.359583
161 -0.035446 0 2.424269
162 -0.053496 0 2.552758
163 -0.098033 0 2.618417
164 -0.141037 0 2.654448
165 -0.102857 0 2.739693
166 0.020353 0 2.926281
167 0.266489 0 3.112555
168 0.489127 0 3.342814
169 0.761637 0 3.561340
170 1.093726 0 3.758094
171 1.421612 0 3.952696
172 1.813391 0 4.138974
173 2.212809 0 4.334181
174 2.572001 0 4.511140
175 2.928143 0 4.670319
176 3.279295 0 4.862045
177 3.538721 0 5.014064
178 3.728503 0 5.071074
179 3.746269 0 5.020467
180 3.510151 0 4.912570
181 3.143641 0 4.702535
182 2.811190 0 4.556301
183 2.571867 0 4.473815
184 2.323475 0 4.466082
185 2.106482 0 4.426050
186 1.867013 0 4.356347
187 1.651736 0 4.288152
188 1.412341 0 4.217399
189 1.109813 0 4.178626
190 0.767046 0 4.091628
191 0.414517 0 3.938594
192 0.173071 0 3.796215
193 -0.015988 0 3.689574
194 -0.127997 0 3.631231
195 -0.115470 0 3.638792
196 -0.024317 0 3.705056
197 0.159053 0 3.858880
198 0.363307 0 3.980923
199 0.473265 0 4.045559
200 0.566395 0 4.142711
201 0.640543 0 4.193249
202 0.672582 0 4.178728
203 0.616185 0 4.192096
204 0.665207 0 4.212368
205 0.796165 0 4.242566
206 0.866537 0 4.283851
207 0.812622 0 4.262231
208 0.715766 0 4.280807
209 0.587066 0 4.233526
210 0.446563 0 4.181303
211 0.307658 0 4.134494
212 0.229795 0 4.155505
213 0.167897 0 4.155080
214 0.078857 0 4.071765
215 -0.045380 0 3.932034
216 -0.153265 0 3.844725
217 -0.400926 0 3.712563
218 -0.707143 0 3.594862
219 -0.852170 0 3.465958
220 -0.912534 0 3.345584
221 -0.958434 0 3.287043
222 -0.941031 0 3.265089
223 -0.849619 0 3.296899
224 -0.666153 0 3.313866
225 -0.460313 0 3.357385
226 -0.315599 0 3.398227
227 -0.161084 0 3.488977
228 0.080281 0 3.541418
229 0.292916 0 3.580765
230 0.400595 0 3.583874
231 0.375622 0 3.542227
232 0.432629 0 3.474246
233 0.619131 0 3.483844
234 0.703864 0 3.432711
235 0.657834 0 3.406252
236 0.461654 0 3.347813
237 0.227609 0 3.284869
238 0.038687 0 3.169589
239 -0.084842 0 3.099816
240 -0.144045 0 3.135811
240.999985 -0.123500 0 3.117144
242.000015 -0.160555 0 3.042854
243 -0.209066 0 2.914688
244 -0.277822 0 2.871336
245 -0.370457 0 2.870645
245.999985 -0.485508 0 2.863015
247.000015 -0.562195 0 2.810980
248 -0.585071 0 2.710823
249 -0.609856 0 2.627453
250 -0.704079 0 2.530723
250.999985 -0.735937 0 2.463840
251.999985 -0.709530 0 2.409948
253.000015 -0.670518 0 2.359675
254 -0.607240 0 2.311476
255 -0.557669 0 2.361243
256 -0.557253 0 2.396378
257 -0.532227 0 2.446996
258 -0.556355 0 2.461912
259 -0.539818 0 2.509428
260 -0.579536 0 2.525998
261 -0.618050 0 2.494592
262 -0.651620 0 2.483226
263 -0.695761 0 2.409441
264 -0.716769 0 2.361233
265 -0.687752 0 2.294971
266 -0.648215 0 2.209349
267 -0.595890 0 2.095040
268 -0.593774 0 2.032890
269 -0.635132 0 1.949698
270 -0.690685 0 1.914789
271 -0.764267 0 1.848646
272 -0.869874 0 1.771297
273 -0.952977 0 1.734014
274 -1.091503 0 1.707137
275 -1.279486 0 1.740147
276 -1.443245 0 1.795154
277 -1.616916 0 1.850324
278 -1.846116 0 1.924562
279 -2.030379 0 2.055790
280 -2.234200 0 2.148221
281 -2.410528 0 2.239788
282 -2.519027 0 2.305458
283 -2.540428 0 2.312683
284 -2.481108 0 2.243841
285 -2.416680 0 2.120274
286 -2.378122 0 2.003137
287 -2.383277 0 1.881194
288 -2.430964 0 1.750680
289 -2.497402 0 1.642659
290 -2.527555 0 1.538854
291 -2.568128 0 1.454139
292 -2.567169 0 1.406510
293 -2.572313 0 1.365351
294 -2.539989 0 1.325732
295 -2.545103 0 1.242310
296 -2.535087 0 1.064841
297 -2.519727 0 0.903750
298 -2.498946 0 0.723902
299 -2.471255 0 0.527136
300 -2.462765 0 0.369773
301 -2.475486 0 0.260044
302 -2.466555 0 0.205798
303 -2.398779 0 0.081941
304 -2.315789 0 -0.078508
305 -2.202629 0 -0.310622
306 -2.166922 0 -0.576119
307 -2.160798 0 -0.773506
308 -2.133996 0 -0.980079
309 -2.066608 0 -1.166861
310 -2.013842 0 -1.323552
311 -1.962965 0 -1.488801
312 -1.931145 0 -1.641106
313 -1.895079 0 -1.745972
314 -1.814134 0 -1.892378
315 -1.760370 0 -1.972738
316 -1.648733 0 -2.034194
317 -1.523102 0 -2.166369
318 -1.441716 0 -2.323452
319 -1.348266 0 -2.480923
320 -1.292619 0 -2.678508
321 -1.255236 0 -2.826457
322 -1.227034 0 -2.952215
323 -1.249946 0 -3.083752
324 -1.286621 0 -3.157449
325 -1.332825 0 -3.174851
326 -1.395412 0 -3.125706
327 -1.417735 0 -3.055050
328 -1.432604 0 -2.993952
329 -1.406789 0 -2.935741
330 -1.371284 0 -2.866297
331 -1.313586 0 -2.819644
332 -1.213364 0 -2.719550
333 -1.164128 0 -2.637692
334 -1.091357 0 -2.554817
335 -1.025581 0 -2.387428
336 -0.912316 0 -2.177002
337 -0.851030 0 -1.914145
338 -0.796358 0 -1.602485
339 -0.751727 0 -1.203296
340 -0.685943 0 -0.841036
341 -0.618556 0 -0.487445
342 -0.527881 0 -0.212155
343 -0.444833 0 0.043745
344 -0.413117 0 0.309148
345 -0.344129 0 0.551296
346 -0.294876 0 0.833296
347 -0.203139 0 1.070237
348 -0.171703 0 1.242351
349 -0.141528 0 1.370145
350 -0.131788 0 1.509552
351 -0.107989 0 1.593260
352 -0.119058 0 1.696256
353 -0.123849 0 1.752965
354 -0.137106 0 1.815987
355 -0.154032 0 1.827064
356 -0.173848 0 1.841033
357 -0.185933 0 1.826917
358 -0.197675 0 1.798236
359 -0.230679 0 1.771561
360 -0.243627 0 1.744432
361 -0.229484 0 1.698850
362 -0.224645 0 1.683751
363 -0.215984 0 1.663993
364 -0.256129 0 1.654997
365 -0.323846 0 1.650840
366 -0.368053 0 1.607771
367 -0.433063 0 1.611291
368 -0.504810 0 1.600514
369 -0.570626 0 1.591561
370 -0.638262 0 1.569606
371 -0.716786 0 1.521168
372 -0.787014 0 1.459791
373 -0.858397 0 1.390781
374 -0.946398 0 1.298766
375 -1.038822 0 1.192820
376 -1.128922 0 1.073919
377 -1.228968 0 0.867598
378 -1.350640 0 0.665024
379 -1.528814 0 0.457564
380 -1.713721 0 0.304613
381 -1.834610 0 0.148538
382 -1.974258 0 0.044675
383 -2.135249 0 -0.018317
384 -2.236578 0 -0.104089
385 -2.371537 0 -0.161522
386 -2.520358 0 -0.198147
387 -2.684819 0 -0.250419
388 -2.835669 0 -0.270533
389 -3.014403 0 -0.289221
390 -3.131245 0 -0.306200
391 -3.293590 0 -0.322066
392 -3.429696 0 -0.301270
393 -3.593261 0 -0.308557
394 -3.730111 0 -0.282476
395 -3.890393 0 -0.273883
396 -4.027642 0 -0.234654
397 -4.167744 0 -0.220205
398 -4.325817 0 -0.184532
399 -4.487935 0 -0.196465
400 -4.663659 0 -0.202408
401 -4.891521 0 -0.240307
402 -5.127245 0 -0.219169
403 -5.317647 0 -0.254848
404 -5.437521 0 -0.220673
405 -5.558246 0 -0.165740
406 -5.762171 0 -0.027052
407 -6.035162 0 0.076435
408 -6.271340 0 0.153032
409 -6.457573 0 0.185167
410 -6.651780 0 0.214198
411 -6.838336 0 0.239753
412 -7.112466 0 0.250088
413 -7.354191 0 0.251656
414 -7.624278 0 0.227764
415 -7.906645 0 0.200574
416 -8.241653 0 0.206037
417 -8.616718 0 0.254827
418 -8.931096 0 0.347502
419 -9.209735 0 0.409682
420 -9.355607 0 0.490740
421 -9.487130 0 0.604881
422 -9.583711 0 0.742603
423 -9.659168 0 0.830565
424 -9.713766 0 0.952685
425 -9.803297 0 1.030985
426 -9.850544 0 1.104568
427 -9.846704 0 1.158771
428 -9.863352 0 1.213855
429 -9.838346 0 1.237844
430 -9.801003 0 1.289015
431 -9.783573 0 1.320097
432 -9.733253 0 1.356651
433 -9.683754 0 1.371701
434 -9.622113 0 1.372940
435 -9.533307 0 1.360769
436 -9.400997 0 1.345383
437 -9.265127 0 1.349595
438 -9.088593 0 1.322830
439 -8.873461 0 1.307695
440 -8.634720 0 1.285811
441 -8.390080 0 1.229368
442 -8.117405 0 1.175489
443 -7.799287 0 1.134502
444 -7.401205 0 1.097302
445 -7.013426 0 1.097308
446 -6.583476 0 1.095401
447 -6.214776 0 1.081087
448 -5.820794 0 1.034015
449 -5.439098 0 1.004488
450 -5.040219 0 0.961288
451 -4.673970 0 0.982590
452 -4.346836 0 0.956314
453 -4.086584 0 0.928690
454 -3.874166 0 0.907838
455 -3.683428 0 0.888463
456 -3.485350 0 0.868582
457 -3.322396 0 0.835442
458 -3.174885 0 0.787089
459 -3.064249 0 0.786874
460 -2.953057 0 0.775619
461 -2.903731 0 0.743689
462 -2.803776 0 0.723869
463 -2.738654 0 0.731514
464 -2.638121 0 0.687298
465 -2.537720 0 0.657982
466 -2.447587 0 0.598134
467 -2.332449 0 0.499378
468 -2.182273 0 0.409140
469 -1.999329 0 0.375717
470 -1.780351 0 0.411026
471 -1.664312 0 0.477389
472 -1.557057 0 0.539782
473 -1.465742 0 0.608276
474 -1.401327 0 0.705383
475 -1.396770 0 0.786025
476 -1.412352 0 0.854331
477 -1.411795 0 0.911223
478 -1.400682 0 0.934971
479 -1.406951 0 0.959389
480 -1.404317 0 0.950300
480.999969 -1.368357 0 0.956677
481.999969 -1.318067 0 0.950864
483.000031 -1.240535 0 0.941900
484.000031 -1.198259 0 0.906589
485.000031 -1.152677 0 0.870945
486 -1.148475 0 0.779408
487 -1.196962 0 0.727555
488 -1.232463 0 0.729503
489 -1.226032 0 0.699082
490 -1.199319 0 0.673722
490.999969 -1.111597 0 0.603019
491.999969 -1.086321 0 0.605990
492.999969 -1.009993 0 0.605557
494.000031 -0.904767 0 0.592741
495.000031 -0.739201 0 0.562824
496 -0.618174 0 0.527979
497 -0.518783 0 0.496782
498 -0.406168 0 0.440869
499 -0.266254 0 0.418055
500 -0.150550 0 0.405952
501 -0.015873 0 0.419083
501.999969 0.147723 0 0.471040
502.999969 0.337139 0 0.480868
503.999969 0.527934 0 0.503977
505.000031 0.688019 0 0.547500
506.000031 0.837144 0 0.614808
507 0.939408 0 0.744749
508 1.021593 0 0.847128
509 1.157135 0 0.791566
510 1.252035 0 0.727663
511 1.387972 0 0.675928
512 1.440119 0 0.628834
513 1.434277 0 0.571252
514 1.463083 0 0.539238
515 1.450120 0 0.543795
516 1.344169 0 0.538626
517 1.225734 0 0.509834
518 1.053557 0 0.497917
519 0.892506 0 0.473879
520 0.733709 0 0.450469
521 0.585709 0 0.446733
522 0.456436 0 0.434423
523 0.271248 0 0.429539
524 0.073732 0 0.416771
525 -0.211560 0 0.414305
526 -0.491179 0 0.430110
527 -0.830471 0 0.476638
528 -1.109902 0 0.552140
529 -1.374632 0 0.638081
530 -1.610582 0 0.665701
531 -1.819134 0 0.699133
532 -2.003033 0 0.725056
533 -2.182742 0 0.772112
534 -2.403906 0 0.837650
535 -2.656520 0 0.913568
536 -2.936736 0 0.945327
537 -3.136914 0 1.002512
538 -3.323022 0 1.051093
539 -3.501481 0 1.122842
540 -3.674339 0 1.217255
541 -3.840830 0 1.321276
542 -3.999560 0 1.433999
543 -4.131790 0 1.522061
544 -4.264121 0 1.643762
545 -4.399079 0 1.749854
546 -4.526253 0 1.817166
547 -4.621883 0 1.895990
548 -4.770586 0 2.012524
549 -4.941873 0 2.132396
550 -5.061254 0 2.227802
551 -5.117423 0 2.299681
552 -5.105937 0 2.302020
553 -4.957166 0 2.284856
554 -4.707101 0 2.253557
555 -4.420951 0 2.223197
556 -4.114638 0 2.158732
557 -3.819517 0 2.124527
558 -3.563901 0 2.094262
559 -3.373759 0 2.073385
560 -3.148733 0 2.020578
561 -2.913249 0 1.988485
562 -2.649584 0 1.901570
563 -2.368253 0 1.880045
564 -2.079489 0 1.875272
565 -1.798652 0 1.950332
566 -1.560399 0 1.994646
567 -1.374701 0 2.016810
568 -1.227174 0 2.010565
569 -1.149730 0 2.018241
570 -1.063977 0 1.998040
571 -0.979811 0 1.954827
572 -0.897949 0 1.926669
573 -0.803496 0 1.923004
574 -0.720282 0 1.911853
575 -0.615440 0 1.918506
576 -0.580277 0 1.924056
577 -0.542864 0 1.911612
578 -0.516201 0 1.896920
579 -0.475076 0 1.887209
580 -0.410743 0 1.864777
581 -0.363214 0 1.864640
582 -0.335492 0 1.858356
583 -0.299114 0 1.865099
584 -0.294395 0 1.857343
585 -0.273558 0 1.847645
586 -0.237159 0 1.836562
587 -0.179862 0 1.818568
588 -0.113920 0 1.824811
589 -0.030773 0 1.843971
590 0.083205 0 1.853105
591 0.215207 0 1.884477
592 0.339735 0 1.882324
593 0.347874 0 1.878233
594 0.301837 0 1.903430
595 0.239630 0 1.933119
596 0.265159 0 1.959059
597 0.314420 0 1.957930
598 0.360974 0 1.948711
599 0.348923 0 1.953201
600 0.355593 0 1.970089
601 0.371941 0 1.998051
602 0.405108 0 2.011192
603 0.438218 0 2.015558
604 0.447308 0 2.015874
605 0.465616 0 2.024336
606 0.482539 0 2.074741
607 0.483598 0 2.122000
608 0.416874 0 2.160796
609 0.385934 0 2.206264
610 0.387444 0 2.252914
611 0.488741 0 2.287455
612 0.565152 0 2.310525
613 0.728977 0 2.259705
614 0.998940 0 2.169595
615 1.376726 0 1.972351
616 1.803713 0 1.788268
617 2.183085 0 1.608562
618 2.295418 0 1.598024
619 2.230784 0 1.633813
620 2.121933 0 1.627732
621 2.053530 0 1.560505
622 2.019896 0 1.459530
623 2.007580 0 1.388761
624 2.059381 0 1.354392
625 2.186340 0 1.357312
626 2.350214 0 1.398847
627 2.492078 0 1.392258
628 2.661655 0 1.388090
629 2.736320 0 1.367365
630 2.648334 0 1.402894
631 2.397909 0 1.472562
632 2.152007 0 1.640545
633 1.988507 0 1.748801
634 1.846045 0 1.839151
635 1.676952 0 1.862283
636 1.513040 0 1.856580
637 1.408889 0 1.828692
638 1.370091 0 1.818856
639 1.325340 0 1.758997
640 1.253771 0 1.742686
641 1.207978 0 1.715133
642 1.036036 0 1.736129
643 0.788910 0 1.757190
644 0.602747 0 1.725275
645 0.427958 0 1.724519
646 0.225957 0 1.708241
647 0.018966 0 1.635331
648 -0.207661 0 1.545143
649 -0.403594 0 1.443096
650 -0.670587 0 1.428023
651 -0.937093 0 1.503108
652 -1.185603 0 1.650160
653 -1.374719 0 1.840513
654 -1.597195 0 2.017260
655 -1.834418 0 2.203301
656 -2.127029 0 2.376770
657 -2.404630 0 2.505969
658 -2.623448 0 2.584556
659 -2.729102 0 2.647247
660 -2.792413 0 2.724617
661 -2.806869 0 2.777455
662 -2.848941 0 2.743172
663 -2.937653 0 2.644359
664 -3.037235 0 2.523352
665 -3.150652 0 2.436643
666 -3.245271 0 2.411021
667 -3.322086 0 2.410063
668 -3.361230 0 2.426867
669 -3.406910 0 2.408969
670 -3.438316 0 2.430608
671 -3.515225 0 2.440949
672 -3.662846 0 2.494144
673 -3.749872 0 2.524134
674 -3.797013 0 2.592177
675 -3.778077 0 2.618496
676 -3.749680 0 2.607784
677 -3.728857 0 2.572623
678 -3.709066 0 2.506337
679 -3.701539 0 2.457584
680 -3.717799 0 2.438338
681 -3.758449 0 2.448979
682 -3.777063 0 2.457441
683 -3.739597 0 2.496872
684 -3.676035 0 2.515909
685 -3.602324 0 2.510818
686 -3.533984 0 2.487945
687 -3.428127 0 2.474572
688 -3.315840 0 2.486465
689 -3.183866 0 2.549556
690 -3.067400 0 2.633594
691 -2.907688 0 2.749079
692 -2.757067 0 2.805991
693 -2.674592 0 2.886766
694 -2.599088 0 2.946324
695 -2.510245 0 3.034832
696 -2.423667 0 3.080488
697 -2.410163 0 3.103652
698 -2.421506 0 3.149163
699 -2.465303 0 3.174975
700 -2.491144 0 3.220301
701 -2.502737 0 3.235206
702 -2.540888 0 3.199625
703 -2.593207 0 3.211207
704 -2.679546 0 3.221548
705 -2.783525 0 3.265205
706 -2.939325 0 3.271834
707 -3.129892 0 3.281526
708 -3.321049 0 3.306713
709 -3.520220 0 3.260193
710 -3.742827 0 3.211879
711 -3.946841 0 3.206693
712 -4.166646 0 3.185338
713 -4.390719 0 3.193099
714 -4.577634 0 3.173719
715 -4.780551 0 3.164571
716 -4.989748 0 3.181290
717 -5.162375 0 3.210296
718 -5.354326 0 3.246700
719 -5.552885 0 3.311581
720 -5.752926 0 3.380478
721 -5.970528 0 3.451386
722 -6.129385 0 3.521027
723 -6.261070 0 3.605943
724 -6.355471 0 3.614182
725 -6.453500 0 3.681015
726 -6.563490 0 3.717058
727 -6.642727 0 3.732417
728 -6.669485 0 3.722354
729 -6.703752 0 3.731333
730 -6.697991 0 3.789825
731 -6.650342 0 3.881355
732 -6.575289 0 3.944354
733 -6.427800 0 3.930867
734 -6.280895 0 3.924037
735 -6.095958 0 3.917198
736 -5.868020 0 3.936985
737 -5.653442 0 4.003560
738 -5.402367 0 4.051344
739 -5.201605 0 4.151419
740 -4.996989 0 4.272932
741 -4.842883 0 4.371745
742 -4.736113 0 4.507665
743 -4.634544 0 4.640790
744 -4.525184 0 4.749084
745 -4.373093 0 4.797220
746 -4.218221 0 4.890920
747 -4.063142 0 5.010195
748 -3.936572 0 5.104202
749 -3.765651 0 5.127113
750 -3.591281 0 5.165424
751 -3.348987 0 5.154995
752 -3.145430 0 5.189968
753 -3.022833 0 5.286774
754 -2.968643 0 5.398229
755 -2.937882 0 5.397260
756 -2.887218 0 5.335889
757 -2.739294 0 5.253449
758 -2.553168 0 5.095672
759 -2.387896 0 4.922540
760 -2.232168 0 4.757698
761 -2.118520 0 4.601254
762 -2.056672 0 4.442890
763 -2.022063 0 4.280753
764 -2.067760 0 4.158087
765 -2.108551 0 4.104047
766 -2.163854 0 4.054500
767 -2.182431 0 4.026436
768 -2.180872 0 3.982061
769 -2.126142 0 3.939407
770 -2.099055 0 3.879128
771 -2.083001 0 3.811588
772 -2.102418 0 3.735124
773 -2.107914 0 3.619583
774 -2.128193 0 3.479379
775 -2.132038 0 3.306870
776 -2.182324 0 3.143618
777 -2.224409 0 3.012485
778 -2.233725 0 2.864676
779 -2.259266 0 2.744343
780 -2.272632 0 2.659415
781 -2.278733 0 2.548147
782 -2.273788 0 2.428517
783 -2.260372 0 2.312306
784 -2.220840 0 2.227921
785 -2.222868 0 2.147733
786 -2.237014 0 2.082113
787 -2.255615 0 2.034390
788 -2.268902 0 1.965070
789 -2.260673 0 1.932610
790 -2.228001 0 1.932550
791 -2.256047 0 1.954352
792 -2.282086 0 1.963399
793 -2.330481 0 1.966837
794 -2.373833 0 1.996951
795 -2.376562 0 2.014155
796 -2.322175 0 1.998999
797 -2.229297 0 1.974760
798 -2.092758 0 1.938944
799 -1.923346 0 1.902157
800 -1.740509 0 1.849085
801 -1.575561 0 1.775595
802 -1.424695 0 1.686288
803 -1.279411 0 1.603670
804 -1.176127 0 1.556039
805 -1.092074 0 1.465918
806 -1.077403 0 1.432809
807 -1.109144 0 1.461169
808 -1.177027 0 1.501853
809 -1.265961 0 1.562503
810 -1.365326 0 1.629277
811 -1.473564 0 1.691558
812 -1.594540 0 1.797284
813 -1.728419 0 1.879402
814 -1.826580 0 1.982902
815 -1.996219 0 2.105942
816 -2.152628 0 2.210714
817 -2.322055 0 2.334253
818 -2.418799 0 2.403579
819 -2.493014 0 2.441930
820 -2.558671 0 2.497866
821 -2.610492 0 2.514276
822 -2.678324 0 2.577746
823 -2.744172 0 2.656131
824 -2.778502 0 2.758820
825 -2.733828 0 2.847065
826 -2.728799 0 2.991772
827 -2.753728 0 3.150660
828 -2.834383 0 3.354934
829 -2.827005 0 3.556943
830 -2.734722 0 3.764643
831 -2.573830 0 3.894994
832 -2.461904 0 3.970282
833 -2.356386 0 3.955081
834 -2.258656 0 3.891617
835 -2.162116 0 3.763693
836 -2.059289 0 3.595998
837 -1.879399 0 3.423873
838 -1.666103 0 3.229695
839 -1.457044 0 3.077959
840 -1.253894 0 2.975584
841 -1.082221 0 2.926475
842 -0.939508 0 2.893481
843 -0.839008 0 2.866332
844 -0.706766 0 2.812490
845 -0.575683 0 2.775872
846 -0.424373 0 2.744494
847 -0.305257 0 2.765013
848 -0.193393 0 2.714287
849 -0.024198 0 2.602802
850 0.062191 0 2.452934
851 0.112506 0 2.268366
852 0.115983 0 2.076850
853 0.134919 0 1.931964
854 0.069731 0 1.881999
855 -0.056491 0 1.830781
856 -0.251885 0 1.808855
857 -0.428980 0 1.790132
858 -0.618031 0 1.822592
859 -0.827587 0 1.836611
860 -1.131308 0 1.814329
861 -1.449204 0 1.817460
862 -1.701839 0 1.854259
863 -1.832231 0 1.873211
864 -1.969826 0 1.877840
865 -2.095471 0 1.853401
866 -2.247689 0 1.878409
867 -2.369862 0 1.882346
868 -2.548348 0 1.951218
869 -2.657057 0 2.006745
870 -2.704216 0 2.025816
871 -2.616837 0 1.980078
872 -2.371236 0 1.823603
873 -2.052011 0 1.677222
874 -1.777409 0 1.568783
875 -1.581354 0 1.557078
876 -1.535107 0 1.585335
877 -1.488892 0 1.670682
878 -1.478344 0 1.743921
879 -1.427440 0 1.821761
880 -1.385657 0 1.884725
881 -1.279423 0 1.906903
882 -1.189142 0 1.900577
883 -1.093344 0 1.899647
884 -0.962189 0 1.927164
885 -0.768594 0 1.985532
886 -0.530369 0 2.038557
887 -0.315854 0 2.094767
888 -0.079494 0 2.150557
889 0.131899 0 2.192397
890 0.256605 0 2.227629
891 0.253422 0 2.212628
892 0.173874 0 2.243474
893 0.015146 0 2.308450
894 -0.083685 0 2.455737
895 -0.085614 0 2.620581
896 0.016136 0 2.737978
897 0.068086 0 2.779313
898 0.081298 0 2.765867
899 0.067015 0 2.780728
900 0.003624 0 2.818004
901 0.019582 0 2.922270
902 0.025054 0 3.010064
903 0.066030 0 3.148611
904 0.155464 0 3.239367
905 0.252283 0 3.247780
906 0.396326 0 3.160576
907 0.506658 0 3.009018
908 0.509290 0 2.844320
909 0.510441 0 2.631021
910 0.448681 0 2.410581
911 0.392446 0 2.217521
912 0.320244 0 2.238996
913 0.302145 0 2.429415
914 0.346625 0 2.706294
915 0.416961 0 2.927572
916 0.479227 0 3.055163
917 0.547598 0 3.115337
918 0.649901 0 3.131676
919 0.785149 0 3.133591
920 0.920818 0 3.034486
921 1.117746 0 2.887603
922 1.262084 0 2.723025
923 1.435419 0 2.543257
924 1.526893 0 2.365891
925 1.532456 0 2.181782
926 1.573103 0 2.050416
927 1.624951 0 2.022083
928 1.671170 0 2.098350
929 1.723701 0 2.140650
930 1.683815 0 2.153899
931 1.543869 0 2.149129
932 1.390004 0 2.174522
933 1.343594 0 2.208778
934 1.281083 0 2.235874
935 1.144351 0 2.244678
936 0.927123 0 2.249376
937 0.721008 0 2.203560
938 0.501472 0 2.145593
939 0.256317 0 2.047645
940 -0.103625 0 1.872628
941 -0.486855 0 1.750561
942 -0.856071 0 1.642989
943 -1.150948 0 1.626208
944 -1.336031 0 1.684052
945 -1.418621 0 1.770845
946 -1.503833 0 1.834508
947 -1.506239 0 1.923779
948 -1.593634 0 2.027314
949 -1.744532 0 2.160036
950 -1.933287 0 2.235229
951 -2.177846 0 2.258453
952 -2.368373 0 2.233612
953 -2.489861 0 2.300666
954 -2.615560 0 2.388880
955 -2.739136 0 2.500329
956 -2.907333 0 2.574509
957 -3.058105 0 2.603161
958 -3.154350 0 2.630314
959 -3.210752 0 2.721348
960 -3.272196 0 2.810951
960.999939 -3.362974 0 2.850071
961.999939 -3.390037 0 2.934492
962.999939 -3.394575 0 3.049162
963.999939 -3.306980 0 3.233283
964.999939 -3.184868 0 3.464259
966.000061 -3.101648 0 3.672266
967.000061 -3.081320 0 3.853230
968.000061 -3.036652 0 4.066821
969.000061 -2.939133 0 4.294634
970.000061 -2.838078 0 4.509784
971 -2.764721 0 4.671176
972 -2.688501 0 4.794590
973 -2.638083 0 4.873722
974 -2.590315 0 4.994822
975 -2.523583 0 5.097661
976 -2.488138 0 5.156312
977 -2.433005 0 5.207035
978 -2.336451 0 5.234716
979 -2.315663 0 5.294183
980 -2.345458 0 5.331622
981 -2.427131 0 5.357775
981.999939 -2.493959 0 5.338791
982.999939 -2.558722 0 5.308164
983.999939 -2.555805 0 5.256131
984.999939 -2.532677 0 5.217683
985.999939 -2.515385 0 5.124342
987.000061 -2.462170 0 5.069786
988.000061 -2.369808 0 5.021266
989.000061 -2.313333 0 4.960865
990.000061 -2.206551 0 4.882382
991.000061 -2.101491 0 4.764138
992 -1.964827 0 4.619676
993 -1.840340 0 4.551104
994 -1.718224 0 4.512337
995 -1.589785 0 4.446152
996 -1.471912 0 4.295411
997 -1.399874 0 4.103220
998 -1.346605 0 3.846684
999 -1.365881 0 3.629943
1000 -1.419922 0 3.426527
1001 -1.469797 0 3.248564
1002 -1.477113 0 3.090238
1003 -1.490544 0 2.914686
1003.999939 -1.429752 0 2.742553
1004.999939 -1.373487 0 2.625802
1005.999939 -1.285306 0 2.679654
1006.999939 -1.228484 0 2.813163
1007.999939 -1.244755 0 2.941895
1009.000061 -1.310007 0 3.081145
1010.000061 -1.394615 0 3.177668
1011.000061 -1.375198 0 3.162910
1012.000061 -1.258212 0 3.178045
1013.000061 -1.076404 0 3.202244
1014 -0.994867 0 3.179440
1015 -0.884773 0 3.019112
1016 -0.687209 0 2.863285
1017 -0.496094 0 2.729693
1018 -0.359183 0 2.549678
1019 -0.248140 0 2.285012
1020 -0.172783 0 1.995412
1021 -0.130574 0 1.715163
1022 -0.101982 0 1.430854
1023 -0.089616 0 1.245720
1024 -0.086568 0 1.115015
1025 -0.088680 0 1.018946
1026 -0.107417 0 0.965780
1027 -0.118981 0 0.879424
1028 -0.173392 0 0.820535
1029 -0.184721 0 0.771056
1030 -0.145109 0 0.723337
1031 -0.080852 0 0.661918
1032 0.045362 0 0.589269
1033 0.091600 0 0.495620
1034 0.038405 0 0.450831
1035 -0.104725 0 0.398861
1036 -0.289889 0 0.392709
1037 -0.447877 0 0.438040
1038 -0.565771 0 0.538977
1039 -0.658086 0 0.681313
1040 -0.757525 0 0.785762
1041 -0.862006 0 0.867828
1042 -0.936910 0 0.952872
1043 -1.001020 0 1.123180
1044 -1.034411 0 1.312376
1045 -1.052229 0 1.483007
1046 -1.082089 0 1.564482
1047 -1.141579 0 1.561044
1048 -1.234714 0 1.548317
1049 -1.319500 0 1.445170
1050 -1.389339 0 1.358366
1051 -1.448561 0 1.272463
1052 -1.519469 0 1.133693
1053 -1.550074 0 0.910463
1054 -1.490693 0 0.652103
1055 -1.406698 0 0.507027
1056 -1.241879 0 0.463963
1057 -1.071064 0 0.522627
1058 -0.853142 0 0.702925
1059 -0.723541 0 0.949222
1060 -0.696884 0 1.220971
1061 -0.754518 0 1.467925
1062 -0.807357 0 1.697322
1063 -0.878116 0 1.879916
1064 -0.928356 0 2.020313
1065 -0.957721 0 2.142597
1066 -0.975598 0 2.231711
1067 -1.032849 0 2.340168
1068 -1.061163 0 2.453738
1069 -1.106498 0 2.585787
1070 -1.107172 0 2.806062
1071 -1.125079 0 3.024782
1072 -1.228080 0 3.237431
1073 -1.324197 0 3.418573
1074 -1.428237 0 3.515551
1075 -1.506040 0 3.569637
1076 -1.548260 0 3.630088
1077 -1.556289 0 3.686415
1078 -1.480294 0 3.764925
1079 -1.411966 0 3.977878
1080 -1.342910 0 4.262206
1081 -1.254418 0 4.568739
1082 -1.229406 0 4.970433
1083 -1.170931 0 5.390262
1084 -1.158702 0 5.814689
1085 -1.138443 0 6.246078
1086 -1.147715 0 6.670913
1087 -1.168944 0 7.015379
1088 -1.137058 0 7.388552
1089 -1.133514 0 7.686640
1090 -1.118063 0 7.968538
1091 -1.121763 0 8.216577
1092 -1.064693 0 8.383897
1093 -1.010863 0 8.583952
1094 -0.934614 0 8.756215
1095 -0.870556 0 8.932379
1096 -0.827263 0 9.140958
1097 -0.796272 0 9.335172
1098 -0.744455 0 9.496615
1099 -0.700266 0 9.624992
1100 -0.693163 0 9.796560
1101 -0.685610 0 9.920382
1102 -0.723126 0 10.016948
1103 -0.734009 0 10.147825
1104 -0.711192 0 10.286345
1105 -0.656816 0 10.408689
1106 -0.572720 0 10.511621
1107 -0.545889 0 10.603035
1108 -0.561763 0 10.733448
1109 -0.599404 0 10.806414
1110 -0.602459 0 10.830642
1111 -0.622339 0 10.862187
1112 -0.645459 0 10.914786
1113 -0.667088 0 10.956714
1114 -0.686260 0 11.006274
1115 -0.690923 0 11.029182
1116 -0.737651 0 11.064537
1117 -0.771493 0 11.097336
1118 -0.720534 0 11.159648
1119 -0.653806 0 11.230227
1120 -0.549555 0 11.216942
1121 -0.538669 0 11.229976
1122 -0.590848 0 11.212907
1123 -0.631473 0 11.222747
1124 -0.646507 0 11.237841
1125 -0.675885 0 11.300377
1126 -0.654813 0 11.363815
1127 -0.699946 0 11.349839
1128 -0.779416 0 11.329647
1129 -0.911249 0 11.275775
1130 -1.082115 0 11.295440
1131 -1.262975 0 11.283800
1132 -1.455899 0 11.281414
1133 -1.654233 0 11.271484
1134 -1.834458 0 11.254677
1135 -2.021878 0 11.227894
1136 -2.208389 0 11.188019
1137 -2.412584 0 11.130354
1138 -2.681030 0 11.144752
1139 -2.869043 0 11.153469
1140 -3.052297 0 11.156407
1141 -3.213593 0 11.149877
1142 -3.397617 0 11.134968
1143 -3.511160 0 11.085665
1144 -3.646236 0 11.076227
1145 -3.723003 0 11.029627
1146 -3.795335 0 11.018679
1147 -3.900820 0 10.982723
1148 -3.991679 0 10.994481
1149 -4.076345 0 10.990082
1150 -4.143379 0 10.964739
1151 -4.242324 0 10.965548
1152 -4.368762 0 10.925243
1153 -4.535693 0 10.899838
1154 -4.678101 0 10.895613
1155 -4.799020 0 10.886560
1156 -4.875750 0 10.869681
1157 -4.863589 0 10.831024
1158 -4.852890 0 10.784170
1159 -4.764036 0 10.699796
1160 -4.671022 0 10.605804
1161 -4.537714 0 10.521539
1162 -4.402844 0 10.427959
1163 -4.290117 0 10.380297
1164 -4.250941 0 10.310174
1165 -4.212303 0 10.312864
1166 -4.183204 0 10.320980
1167 -4.162698 0 10.336986
1168 -4.139360 0 10.351429
1169 -4.128170 0 10.360117
1170 -4.096895 0 10.296281
1171 -4.051110 0 10.198510
1172 -3.991537 0 10.088523
1173 -3.884613 0 9.974160
1174 -3.746470 0 9.857912
1175 -3.543368 0 9.712687
1176 -3.308668 0 9.492944
1177 -3.076414 0 9.254058
1178 -2.933332 0 9.074618
1179 -2.766875 0 8.938695
1180 -2.685081 0 8.858858
1181 -2.592074 0 8.795821
1182 -2.546853 0 8.789525
1183 -2.538318 0 8.802210
1184 -2.498003 0 8.824003
1185 -2.486396 0 8.865553
1186 -2.511006 0 8.897980
1187 -2.556503 0 8.958293
1188 -2.652596 0 8.973526
1189 -2.646583 0 9.020541
1190 -2.619461 0 9.012388
1191 -2.597268 0 9.002869
1192 -2.538468 0 8.977594
1193 -2.454248 0 8.953762
1194 -2.328891 0 8.908974
1195 -2.192239 0 8.852407
1196 -2.075588 0 8.811002
1197 -1.992448 0 8.771363
1198 -1.882409 0 8.719988
1199 -1.779703 0 8.642531
1200 -1.698797 0 8.614933
1201 -1.647132 0 8.574425
1202 -1.534067 0 8.446800
1203 -1.346856 0 8.310300
1204 -1.235811 0 8.276972
1205 -1.205436 0 8.261864
1206 -1.141317 0 8.266331
1207 -1.104488 0 8.256598
1208 -1.009301 0 8.270329
1209 -0.906237 0 8.303904
1210 -0.850170 0 8.324206
1211 -0.821011 0 8.385953
1212 -0.836093 0 8.400433
1213 -0.815123 0 8.427763
1214 -0.756817 0 8.414066
1215 -0.631992 0 8.325748
1216 -0.564466 0 8.216682
1217 -0.516921 0 8.154287
1218 -0.493414 0 8.142381
1219 -0.441017 0 8.136580
1220 -0.402813 0 8.167716
1221 -0.405632 0 8.130027
1222 -0.399247 0 8.123367
1223 -0.392806 0 8.116211
1224 -0.412633 0 8.115021
1225 -0.426235 0 8.145806
1226 -0.437474 0 8.183248
1227 -0.459914 0 8.208429
1228 -0.476365 0 8.210012
1229 -0.554859 0 8.225097
1230 -0.675019 0 8.315618
1231 -0.784423 0 8.407334
1232 -0.868091 0 8.503950
1233 -0.894398 0 8.509711
1234 -0.932214 0 8.540598
1235 -0.910262 0 8.537418
1236 -0.931131 0 8.509398
1237 -0.926650 0 8.495659
1238 -0.954781 0 8.445992
1239 -0.934858 0 8.384643
1240 -0.964865 0 8.318841
1241 -1.056333 0 8.320807
1242 -1.218277 0 8.337262
1243 -1.380627 0 8.333239
1244 -1.437569 0 8.376223
1245 -1.372586 0 8.370728
1246 -1.292912 0 8.340342
1247 -1.216577 0 8.255065
1248 -1.120871 0 8.153346
1249 -0.956554 0 7.983145
1250 -0.808947 0 7.857159
1251 -0.689833 0 7.722853
1252 -0.614490 0 7.649968
1253 -0.598285 0 7.613575
1254 -0.596704 0 7.603749
1255 -0.612153 0 7.630393
1256 -0.564227 0 7.676245
1257 -0.473556 0 7.703141
1258 -0.338891 0 7.748552
1259 -0.189087 0 7.720760
1260 -0.059974 0 7.607391
1261 0.052016 0 7.522347
1262 0.186972 0 7.362434
1263 0.352116 0 7.203036
1264 0.503988 0 7.030805
1265 0.643067 0 6.880468
1266 0.754393 0 6.811244
1267 0.857821 0 6.790520
1268 0.987328 0 6.812515
1269 1.125076 0 6.847853
1270 1.284852 0 6.894351
1271 1.426354 0 6.991213
1272 1.585956 0 7.150481
1273 1.701524 0 7.232225
1274 1.837994 0 7.156716
1275 1.954362 0 6.990770
1276 2.017202 0 6.803450
1277 2.008115 0 6.701275
1278 2.047102 0 6.688325
1279 2.092721 0 6.741309
1280 2.108021 0 6.793405
1281 2.051235 0 6.840395
1282 1.986030 0 6.806029
1283 1.859035 0 6.744461
1284 1.728998 0 6.659027
1285 1.611787 0 6.561568
1286 1.479657 0 6.503433
1287 1.401890 0 6.374597
1288 1.269326 0 6.241549
1289 1.140370 0 6.082769
1290 1.043438 0 5.966270
1291 0.910818 0 5.908834
1292 0.759355 0 5.833150
1293 0.601019 0 5.816797
1294 0.477049 0 5.785363
1295 0.349631 0 5.798440
1296 0.224833 0 5.817530
1297 0.056239 0 5.811388
1298 -0.130142 0 5.794064
1299 -0.320450 0 5.680045
1300 -0.517820 0 5.559432
1301 -0.661212 0 5.418402
1302 -0.821999 0 5.235265
1303 -0.941495 0 5.097019
1304 -1.064079 0 4.986847
1305 -1.145154 0 4.886716
1306 -1.177544 0 4.778524
1307 -1.144282 0 4.678685
1308 -1.070276 0 4.596916
1309 -0.986939 0 4.511456
1310 -0.911662 0 4.410000
1311 -0.853876 0 4.269222
1312 -0.805171 0 4.097178
1313 -0.742260 0 3.922350
1314 -0.644138 0 3.717947
1315 -0.578785 0 3.570132
1316 -0.463501 0 3.512612
1317 -0.384964 0 3.470977
1318 -0.229403 0 3.467129
1319 -0.107468 0 3.468285
1320 0.037756 0 3.482405
1321 0.211438 0 3.487210
1322 0.372916 0 3.535761
1323 0.521535 0 3.548435
1324 0.698396 0 3.541554
1325 0.853948 0 3.494928
1326 1.020619 0 3.392272
1327 1.228719 0 3.238571
1328 1.344684 0 3.097922
1329 1.441927 0 3.014348
1330 1.549215 0 3.034384
1331 1.642867 0 3.092235
1332 1.650676 0 3.149374
1333 1.605606 0 3.190406
1334 1.529588 0 3.184676
1335 1.464532 0 3.183372
1336 1.401733 0 3.150638
1337 1.328224 0 3.118678
1338 1.270825 0 3.085619
1339 1.176043 0 3.002043
1340 1.093267 0 2.924543
1341 1.051659 0 2.809033
1342 1.058067 0 2.737105
1343 1.107384 0 2.688286
1344 1.167123 0 2.704857
1345 1.287425 0 2.764673
1346 1.369414 0 2.896809
1347 1.470080 0 3.019187
1348 1.509534 0 3.153592
1349 1.502924 0 3.361036
1350 1.424299 0 3.551001
1351 1.283056 0 3.759151
1352 1.121122 0 3.893442
1353 0.878477 0 3.889946
1354 0.676544 0 3.892235
1355 0.509382 0 3.833229
1356 0.337146 0 3.796296
1357 0.220375 0 3.696141
1358 0.178681 0 3.674855
1359 0.177882 0 3.625412
1360 0.209033 0 3.607626
1361 0.244878 0 3.599272
1362 0.343056 0 3.640382
1363 0.422678 0 3.703714
1364 0.414251 0 3.826554
1365 0.394896 0 3.938969
1366 0.333989 0 4.096568
1367 0.235121 0 4.327927
1368 0.056674 0 4.546044
1369 -0.148725 0 4.707328
1370 -0.306377 0 4.807874
1371 -0.436199 0 4.933485
1372 -0.517830 0 5.056170
1373 -0.626007 0 5.104795
1374 -0.731855 0 5.129323
1375 -0.870367 0 5.111358
1376 -0.994151 0 5.112942
1377 -1.076742 0 5.058982
1378 -1.135299 0 4.993967
1379 -1.178926 0 4.892533
1380 -1.124196 0 4.748977
1381 -1.070314 0 4.597956
1382 -0.976848 0 4.404428
1383 -0.895308 0 4.261388
1384 -0.853238 0 4.083755
1385 -0.738043 0 3.933218
1386 -0.651130 0 3.775196
1387 -0.503085 0 3.569627
1388 -0.351522 0 3.274953
1389 -0.256377 0 2.893610
1390 -0.208028 0 2.504954
1391 -0.195071 0 2.163608
1392 -0.176218 0 1.945995
1393 -0.154155 0 1.819965
1394 -0.141541 0 1.744371
1395 -0.071510 0 1.685791
1396 -0.036188 0 1.609407
1397 -0.020062 0 1.372007
1398 -0.051799 0 1.129885
1399 -0.111804 0 0.808973
1400 -0.094851 0 0.336550
1401 -0.099381 0 -0.123255
1402 -0.158553 0 -0.505045
1403 -0.278585 0 -0.768746
1404 -0.439387 0 -0.866508
1405 -0.581650 0 -0.754346
1406 -0.634477 0 -0.568681
1407 -0.564762 0 -0.398474
1408 -0.389607 0 -0.333874
1409 -0.199291 0 -0.412562
1410 -0.097596 0 -0.613004
1411 -0.071234 0 -0.819472
1412 -0.151312 0 -1.043389
1413 -0.200376 0 -1.205874
1414 -0.239216 0 -1.338804
1415 -0.279843 0 -1.499544
1416 -0.301419 0 -1.706235
1417 -0.402606 0 -1.862846
1418 -0.445726 0 -1.999756
1419 -0.473568 0 -2.041347
1420 -0.396685 0 -2.093291
1421 -0.302537 0 -2.122017
1422 -0.191618 0 -2.156855
1423 -0.043399 0 -2.234010
1424 0.119802 0 -2.375635
1425 0.255711 0 -2.623792
1426 0.338282 0 -2.948579
1427 0.344738 0 -3.320255
1428 0.290530 0 -3.683982
1429 0.242384 0 -3.942691
1430 0.228961 0 -4.079247
1431 0.218671 0 -4.198191
1432 0.169990 0 -4.273538
1433 0.177971 0 -4.330968
1434 0.164190 0 -4.369433
1435 0.205524 0 -4.384447
1436 0.212531 0 -4.415107
1437 0.231514 0 -4.444165
1438 0.257390 0 -4.468895
1439 0.293048 0 -4.468889
1440 0.298531 0 -4.472454
1441 0.332568 0 -4.444296
1442 0.340074 0 -4.375847
1443 0.404738 0 -4.285606
1444 0.438041 0 -4.117052
1445 0.450767 0 -3.997883
1446 0.454557 0 -3.936083
1447 0.452993 0 -3.906724
1448 0.463303 0 -3.964864
1449 0.471522 0 -4.031394
1450 0.471446 0 -4.122332
1451 0.467436 0 -4.171325
1452 0.466702 0 -4.262045
1453 0.471450 0 -4.363973
1454 0.491400 0 -4.490513
1455 0.523426 0 -4.640307
1456 0.525866 0 -4.820548
1457 0.534678 0 -4.981466
1458 0.528532 0 -5.152840
1459 0.511297 0 -5.294072
1460 0.485726 0 -5.433380
1461 0.470975 0 -5.589988
1462 0.386112 0 -5.817340
1463 0.272053 0 -6.117599
1464 0.161446 0 -6.456596
1465 0.050513 0 -6.692612
1466 -0.052869 0 -6.906276
1467 -0.188546 0 -7.053442
1468 -0.324438 0 -7.228156
1469 -0.445532 0 -7.322771
1470 -0.526322 0 -7.335789
1471 -0.564097 0 -7.300634
1472 -0.535069 0 -7.256281
1473 -0.475192 0 -7.234270
1474 -0.427887 0 -7.248557
1475 -0.367577 0 -7.233510
1476 -0.324877 0 -7.246927
1477 -0.217639 0 -7.292691
1478 -0.030533 0 -7.326811
1479 0.097123 0 -7.294744
1480 0.132598 0 -7.265778
1481 0.045825 0 -7.231245
1482 0.008199 0 -7.250159
1483 0.085116 0 -7.212928
1484 0.242266 0 -7.198438
1485 0.343489 0 -7.173548
1486 0.356170 0 -7.117136
1487 0.309848 0 -7.019187
1488 0.341890 0 -7.004792
1489 0.389398 0 -7.041644
1490 0.395811 0 -7.041965
1491 0.392174 0 -7.011764
1492 0.325945 0 -6.942564
1493 0.346237 0 -6.939065
1494 0.464765 0 -6.963367
1495 0.670771 0 -6.963221
1496 0.859878 0 -6.968793
1497 0.977862 0 -6.981953
1498 1.044573 0 -7.009046
1499 1.081856 0 -7.017917
1500 1.147568 0 -7.012008
1501 1.088016 0 -6.966211
1502 1.001225 0 -6.921252
1503 0.913919 0 -6.951149
1504 0.862740 0 -6.986056
1505 0.849926 0 -7.058838
1506 0.853011 0 -7.131104
1507 0.867867 0 -7.210666
1508 1.000339 0 -7.301129
1509 1.165852 0 -7.402096
1510 1.398737 0 -7.450537
1511 1.621130 0 -7.474900
1512 1.801054 0 -7.476288
1513 1.924271 0 -7.459575
1514 1.956727 0 -7.414685
1515 1.975890 0 -7.411861
1516 1.938236 0 -7.466823
1517 1.932680 0 -7.550123
1518 1.904802 0 -7.645110
1519 1.913258 0 -7.722712
1520 1.917967 0 -7.817607
1521 1.890678 0 -7.863665
1522 1.890760 0 -7.892124
1523 1.839551 0 -7.958737
1524 1.823234 0 -8.022582
1525 1.783952 0 -8.095113
1526 1.714800 0 -8.158436
1527 1.557433 0 -8.144567
1528 1.369859 0 -8.117585
1529 1.195692 0 -8.129908
1530 1.055636 0 -8.118275
1531 0.975892 0 -8.133703
1532 0.918807 0 -8.089837
1533 0.867457 0 -8.058905
1534 0.844655 0 -8.067487
1535 0.799711 0 -8.060885
1536 0.770473 0 -8.099203
1537 0.709177 0 -8.130946
1538 0.675369 0 -8.184550
1539 0.604595 0 -8.211035
1540 0.528525 0 -8.260439
1541 0.396772 0 -8.276133
1542 0.243568 0 -8.244409
1543 0.105358 0 -8.177690
1544 0.021277 0 -8.047189
1545 -0.047904 0 -7.940788
1546 -0.151109 0 -7.807519
1547 -0.233802 0 -7.623921
1548 -0.224406 0 -7.444686
1549 -0.232358 0 -7.282354
1550 -0.300428 0 -7.147173
1551 -0.335739 0 -7.089058
1552 -0.348229 0 -7.089654
1553 -0.308361 0 -7.134856
1554 -0.237361 0 -7.203762
1555 -0.108844 0 -7.307170
1556 -0.068283 0 -7.418972
1557 -0.074531 0 -7.564603
1558 -0.115305 0 -7.633672
1559 -0.221483 0 -7.668184
1560 -0.335601 0 -7.640713
1561 -0.447128 0 -7.599334
1562 -0.576246 0 -7.595199
1563 -0.687094 0 -7.565200
1564 -0.776091 0 -7.463332
1565 -0.756622 0 -7.343900
1566 -0.737891 0 -7.250286
1567 -0.681295 0 -7.154645
1568 -0.656960 0 -7.152460
1569 -0.633494 0 -7.235828
1570 -0.712005 0 -7.329127
1571 -0.813506 0 -7.325150
1572 -0.949861 0 -7.318422
1573 -1.029760 0 -7.269821
1574 -1.094830 0 -7.152539
1575 -1.079092 0 -7.073361
1576 -1.091527 0 -6.964172
1577 -1.089541 0 -6.860850
1578 -1.129653 0 -6.772697
1579 -1.164713 0 -6.727459
1580 -1.157093 0 -6.704665
1581 -1.155725 0 -6.747615
1582 -1.153314 0 -6.804301
1583 -1.189718 0 -6.883972
1584 -1.221648 0 -6.965961
1585 -1.259792 0 -7.071266
1586 -1.247288 0 -7.141367
1587 -1.226763 0 -7.177175
1588 -1.226812 0 -7.211029
1589 -1.244380 0 -7.257469
1590 -1.223806 0 -7.323308
1591 -1.216015 0 -7.377490
1592 -1.192278 0 -7.437249
1593 -1.199866 0 -7.493593
1594 -1.185718 0 -7.588888
1595 -1.223077 0 -7.687306
1596 -1.267950 0 -7.822371
1597 -1.313665 0 -7.957777
1598 -1.317127 0 -8.111586
1599 -1.336943 0 -8.278005
1600 -1.390586 0 -8.463538
1601 -1.405198 0 -8.543670
1602 -1.480435 0 -8.487983
1603 -1.528836 0 -8.386646
1604 -1.614585 0 -8.298260
1605 -1.729394 0 -8.316735
1606 -1.750308 0 -8.437618
1607 -1.743726 0 -8.579329
1608 -1.723317 0 -8.683811
1609 -1.672970 0 -8.768927
1610 -1.601761 0 -8.916780
1611 -1.532151 0 -9.145593
1612 -1.463118 0 -9.452003
1613 -1.412214 0 -9.764078
1614 -1.416167 0 -9.979629
1615 -1.462935 0 -9.988488
1616 -1.452972 0 -9.975976
1617 -1.394912 0 -10.047787
1618 -1.343740 0 -10.222781
1619 -1.277101 0 -10.430659
1620 -1.215006 0 -10.581483
1621 -1.166260 0 -10.664236
1622 -1.170073 0 -10.692862
1623 -1.175738 0 -10.688417
1624 -1.162717 0 -10.640261
1625 -1.107804 0 -10.590692
1626 -1.012533 0 -10.540689
1627 -0.899721 0 -10.541627
1628 -0.824370 0 -10.531593
1629 -0.789576 0 -10.567812
1630 -0.815020 0 -10.617636
1631 -0.868114 0 -10.719401
1632 -0.852887 0 -10.804634
1633 -0.842060 0 -10.840516
1634 -0.813268 0 -10.841187
1635 -0.814235 0 -10.855192
1636 -0.835716 0 -10.863577
1637 -0.882654 0 -10.897102
1638 -0.885796 0 -10.896411
1639 -0.883011 0 -10.855314
1640 -0.843214 0 -10.781742
1641 -0.783877 0 -10.674193
1642 -0.741193 0 -10.536716
1643 -0.673955 0 -10.453750
1644 -0.695501 0 -10.439331
1645 -0.772010 0 -10.497245
1646 -0.879882 0 -10.614141
1647 -0.970577 0 -10.734567
1648 -1.030591 0 -10.810960
1649 -1.046767 0 -10.810115
1650 -1.034581 0 -10.800013
1651 -1.014714 0 -10.813992
1652 -1.019654 0 -10.844109
1653 -1.030923 0 -10.888897
1654 -1.042923 0 -10.899607
1655 -1.063435 0 -10.884380
1656 -1.070284 0 -10.814222
1657 -1.058340 0 -10.796890
1658 -1.034197 0 -10.740692
1659 -1.010480 0 -10.711389
1660 -0.988723 0 -10.691629
1661 -0.982127 0 -10.624379
1662 -0.989579 0 -10.577499
1663 -0.998384 0 -10.544108
1664 -1.011370 0 -10.512749
1665 -1.018113 0 -10.506457
1666 -1.005931 0 -10.478247
1667 -0.985476 0 -10.448700
1668 -0.975150 0 -10.436939
1669 -0.971628 0 -10.431186
1670 -0.982387 0 -10.411886
1671 -0.998100 0 -10.419614
1672 -1.013838 0 -10.416947
1673 -1.025769 0 -10.417606
1674 -1.032129 0 -10.428783
1675 -1.038546 0 -10.440044
1676 -1.045107 0 -10.451693
1677 -1.044813 0 -10.460845
1678 -1.050971 0 -10.472138
1679 -1.057309 0 -10.483691
1680 -1.059290 0 -10.487758
1681 -1.065719 0 -10.493544
1682 -1.072297 0 -10.499540
1683 -1.078658 0 -10.505387
1684 -1.086754 0 -10.525973
1685 -1.093695 0 -10.548380
1686 -1.098758 0 -10.571609
1687 -1.103885 0 -10.583113
1688 -1.109021 0 -10.596493
1689 -1.114072 0 -10.609473
1690 -1.120998 0 -10.620833
1691 -1.121273 0 -10.629826
1692 -1.121493 0 -10.638527
1693 -1.122399 0 -10.646615
1694 -1.122804 0 -10.661591
1695 -1.123212 0 -10.676184
1696 -1.122159 0 -10.680593
1697 -1.123309 0 -10.695877
1698 -1.124438 0 -10.710832
1699 -1.125557 0 -10.725781
1700 -1.118134 0 -10.731174
1701 -1.127264 0 -10.736319
1702 -1.125745 0 -10.730080
1703 -1.132436 0 -10.723716
1704 -1.135453 0 -10.724713
1705 -1.138276 0 -10.725883
1706 -1.139782 0 -10.728334
1707 -1.135879 0 -10.730717
1708 -1.138816 0 -10.741201
1709 -1.143701 0 -10.751973
1710 -1.147469 0 -10.764695
1711 -1.151319 0 -10.777350
1712 -1.154399 0 -10.777842
1713 -1.157367 0 -10.778196
1714 -1.160340 0 -10.778540
1715 -1.170980 0 -10.778379
1716 -1.181385 0 -10.778211
1717 -1.183970 0 -10.777412
1718 -1.188219 0 -10.776628
1719 -1.195810 0 -10.779445
1720 -1.203385 0 -10.782271
1721 -1.198837 0 -10.786108
1722 -1.198035 0 -10.793675
1723 -1.197259 0 -10.801215
1724 -1.193411 0 -10.808053
1725 -1.189632 0 -10.814690
1726 -1.186050 0 -10.813263
1727 -1.182044 0 -10.817747
1728 -1.178159 0 -10.822149
1729 -1.174259 0 -10.826550
1730 -1.165835 0 -10.826446
1731 -1.165125 0 -10.826028
1732 -1.159023 0 -10.820035
1733 -1.159091 0 -10.814498
1734 -1.159207 0 -10.809150
1735 -1.159322 0 -10.803811
1736 -1.159162 0 -10.798676
1737 -1.163806 0 -10.799286
1738 -1.155820 0 -10.799897
1739 -1.155041 0 -10.808102
1740 -1.154383 0 -10.816124
1741 -1.151814 0 -10.824553
1742 -1.149337 0 -10.833360
1743 -1.147300 0 -10.841525
1744 -1.140869 0 -10.837273
1745 -1.134239 0 -10.832900
1746 -1.127789 0 -10.828663
1747 -1.129317 0 -10.830336
1748 -1.130895 0 -10.832020
1749 -1.133805 0 -10.829288
1750 -1.111715 0 -10.827289
1751 -1.097891 0 -10.825287
1752 -1.105162 0 -10.823392
1753 -1.090962 0 -10.822372
1754 -1.115287 0 -10.786519
1755 -1.119373 0 -10.774030
1756 -1.060245 0 -10.746371
1757 -0.990710 0 -10.727427
1758 -0.945502 0 -10.693034
1759 -0.857082 0 -10.615744
1760 -0.801586 0 -10.512666
1761 -0.774389 0 -10.395894
1762 -0.720445 0 -10.269877
1763 -0.696335 0 -10.194616
1764 -0.656550 0 -10.117625
1765 -0.644124 0 -10.031515
1766 -0.587005 0 -9.968190
1767 -0.550630 0 -9.936567
1768 -0.467526 0 -9.909692
1769 -0.330688 0 -9.903636
1770 -0.242461 0 -9.910975
1771 -0.180569 0 -9.859053
1772 -0.122184 0 -9.829767
1773 -0.048536 0 -9.802745
1774 0.041766 0 -9.784168
1775 0.112864 0 -9.770408
1776 0.171550 0 -9.759992
1777 0.212636 0 -9.751218
1778 0.254860 0 -9.766011
1779 0.307532 0 -9.775120
1780 0.316599 0 -9.778157
1781 0.342717 0 -9.785508
1782 0.384502 0 -9.814317
1783 0.420058 0 -9.825054
1784 0.445982 0 -9.846110
1785 0.451328 0 -9.856959
1786 0.466225 0 -9.858687
1787 0.485799 0 -9.850820
1788 0.498572 0 -9.843132
1789 0.506411 0 -9.830054
1790 0.513943 0 -9.816048
1791 0.513556 0 -9.812855
1792 0.513925 0 -9.810771
1793 0.520020 0 -9.804748
1794 0.533225 0 -9.798321
1795 0.531030 0 -9.792789
1796 0.535032 0 -9.782787
1797 0.547714 0 -9.765353
1798 0.564443 0 -9.747857
1799 0.581997 0 -9.730588
1800 0.585804 0 -9.724353
1801 0.577421 0 -9.716679
1802 0.582154 0 -9.708031
1803 0.581205 0 -9.703259
1804 0.584530 0 -9.698290
1805 0.599746 0 -9.692536
1806 0.625630 0 -9.686292
1807 0.651275 0 -9.679801
1808 0.668985 0 -9.673833
1809 0.669239 0 -9.671121
1810 0.669357 0 -9.668260
1811 0.677121 0 -9.671395
1812 0.685459 0 -9.675336
1813 0.693768 0 -9.679247
1814 0.695624 0 -9.675322
1815 0.697268 0 -9.671362
1816 0.693107 0 -9.667319
1817 0.696586 0 -9.662221
1818 0.697797 0 -9.665558
1819 0.697694 0 -9.667301
1820 0.697565 0 -9.669025
1821 0.707241 0 -9.670710
1822 0.720397 0 -9.677981
1823 0.733883 0 -9.685541
1824 0.746424 0 -9.694411
1825 0.759604 0 -9.704029
1826 0.764604 0 -9.707522
1827 0.775540 0 -9.702608
1828 0.784030 0 -9.695068
1829 0.791341 0 -9.697644
1830 0.795387 0 -9.700025
1831 0.812991 0 -9.696642
1832 0.819313 0 -9.692711
1833 0.820364 0 -9.679583
1834 0.820493 0 -9.665917
1835 0.818913 0 -9.650628
1836 0.817834 0 -9.636488
1837 0.829974 0 -9.621882
1838 0.848600 0 -9.609929
1839 0.859401 0 -9.594287
1840 0.865233 0 -9.583225
1841 0.863140 0 -9.584830
1842 0.849778 0 -9.588173
1843 0.849790 0 -9.591559
1844 0.844335 0 -9.592820
1845 0.838825 0 -9.594223
1846 0.840797 0 -9.593286
1847 0.841972 0 -9.588077
1848 0.842688 0 -9.583323
1849 0.836941 0 -9.589751
1850 0.829364 0 -9.596213
1851 0.822642 0 -9.615599
1852 0.804797 0 -9.624278
1853 0.813591 0 -9.632919
1854 0.818088 0 -9.649055
1855 0.815212 0 -9.668308
1856 0.803129 0 -9.704226
1857 0.789233 0 -9.710968
1858 0.797316 0 -9.722213
1859 0.790630 0 -9.749043
1860 0.781424 0 -9.755611
1861 0.773090 0 -9.719067
1862 0.768109 0 -9.686598
1863 0.781459 0 -9.629085
1864 0.862579 0 -9.599146
1865 0.927619 0 -9.585394
1866 0.956884 0 -9.582408
1867 0.933210 0 -9.575459
1868 0.907727 0 -9.564854
1869 0.881990 0 -9.501534
1870 0.857680 0 -9.451138
1871 0.844820 0 -9.401744
1872 0.809138 0 -9.336366
1873 0.771594 0 -9.275152
1874 0.707698 0 -9.200672
1875 0.662453 0 -9.087820
1876 0.567973 0 -9.024376
1877 0.458423 0 -8.928546
1878 0.294118 0 -8.822297
1879 0.099934 0 -8.699136
1880 -0.105166 0 -8.567753
1881 -0.298110 0 -8.448575
1882 -0.400028 0 -8.312185
1883 -0.458850 0 -8.146618
1884 -0.464787 0 -7.980717
1885 -0.508836 0 -7.818628
1886 -0.535709 0 -7.685267
1887 -0.525339 0 -7.589783
1888 -0.555302 0 -7.406213
1889 -0.577752 0 -7.178183
1890 -0.625870 0 -6.894275
1891 -0.691318 0 -6.610141
1892 -0.723929 0 -6.288527
1893 -0.789538 0 -6.014657
1894 -0.862876 0 -5.778174
1895 -0.919620 0 -5.603050
1896 -0.944157 0 -5.460660
1897 -0.954248 0 -5.323566
1898 -0.987963 0 -5.216611
1899 -0.994929 0 -5.152244
1900 -1.023765 0 -5.099497
1901 -1.046749 0 -5.091177
1902 -1.029384 0 -5.107424
1903 -1.046244 0 -5.125836
1904 -1.000641 0 -5.183469
1905 -0.975096 0 -5.234606
1906 -0.969456 0 -5.280256
1907 -0.983768 0 -5.343832
1908 -0.972008 0 -5.429220
1909 -0.994609 0 -5.510734
1910 -0.998809 0 -5.589345
1911 -1.002556 0 -5.619094
1912 -1.003562 0 -5.631277
1913 -0.998846 0 -5.646619
1914 -0.993613 0 -5.659707
1915 -0.989876 0 -5.670892
1916 -0.998789 0 -5.678978
1917 -1.014356 0 -5.684547
1918 -1.025527 0 -5.690352
1919 -1.023632 0 -5.683063
1920 -1.007920 0 -5.681738
1920.999878 -0.980098 0 -5.681450
1921.999878 -0.958597 0 -5.679987
1922.999878 -0.937787 0 -5.678496
1923.999878 -0.922087 0 -5.673836
1924.999878 -0.900924 0 -5.661771
1925.999878 -0.870566 0 -5.648385
1926.999878 -0.845796 0 -5.632016
1927.999878 -0.832925 0 -5.615546
1928.999878 -0.829439 0 -5.602088
1929.999878 -0.810573 0 -5.595103
1931.000122 -0.792365 0 -5.589979
1932.000122 -0.775014 0 -5.583936
1933.000122 -0.763770 0 -5.579149
1934.000122 -0.760820 0 -5.574712
1935.000122 -0.765918 0 -5.578597
1936.000122 -0.771172 0 -5.583752
1937.000122 -0.776749 0 -5.585573
1938.000122 -0.779104 0 -5.573196
1939.000122 -0.780956 0 -5.563527
1940.000122 -0.784617 0 -5.555159
1941 -0.789608 0 -5.550197
1942 -0.793537 0 -5.554717
1943 -0.799720 0 -5.553436
1944 -0.799747 0 -5.544990
1945 -0.800318 0 -5.533739
1946 -0.794985 0 -5.528244
1947 -0.790502 0 -5.519080
1948 -0.786004 0 -5.509907
1949 -0.775500 0 -5.499433
1950 -0.766232 0 -5.496187
1951 -0.758341 0 -5.495617
1952 -0.748848 0 -5.492712
1953 -0.736699 0 -5.482867
1954 -0.720249 0 -5.478973
1955 -0.697441 0 -5.477505
1956 -0.675234 0 -5.476084
1957 -0.653016 0 -5.474641
1958 -0.636096 0 -5.473137
1959 -0.619721 0 -5.471657
1960 -0.603095 0 -5.471639
1961 -0.592813 0 -5.470422
1962 -0.582552 0 -5.471391
1963 -0.572280 0 -5.472362
1963.999878 -0.559351 0 -5.476573
1964.999878 -0.536373 0 -5.477180
1965.999878 -0.525422 0 -5.467089
1966.999878 -0.517877 0 -5.454591
1967.999878 -0.517383 0 -5.444546
1968.999878 -0.521688 0 -5.439662
1969.999878 -0.521954 0 -5.437671
1970.999878 -0.516074 0 -5.439359
1971.999878 -0.505354 0 -5.440455
1972.999878 -0.501284 0 -5.439119
1974.000122 -0.497831 0 -5.433641
1975.000122 -0.496951 0 -5.424970
1976.000122 -0.508152 0 -5.408952
1977.000122 -0.541512 0 -5.387790
1978.000122 -0.568360 0 -5.375663
1979.000122 -0.605583 0 -5.377854
1980.000122 -0.627155 0 -5.378640
1981.000122 -0.631195 0 -5.366573
1982.000122 -0.648082 0 -5.345700
1983.000122 -0.668853 0 -5.326544
1984 -0.688123 0 -5.316285
1985 -0.705322 0 -5.326281
1986 -0.733330 0 -5.350398
1987 -0.782272 0 -5.393235
1988 -0.815994 0 -5.454750
1989 -0.851675 0 -5.564957
1990 -0.867622 0 -5.653738
1991 -0.845976 0 -5.765137
1992 -0.838576 0 -5.896373
1993 -0.802704 0 -5.982459
1994 -0.788241 0 -6.081121
1995 -0.759719 0 -6.191635
1996 -0.725804 0 -6.348429
1997 -0.695623 0 -6.498135
1998 -0.688223 0 -6.617454
1999 -0.645611 0 -6.760808
2000 -0.619037 0 -6.909220
2001 -0.614737 0 -7.017656
2002 -0.602270 0 -7.124677
2003 -0.589324 0 -7.226081
2004 -0.572385 0 -7.310727
2005 -0.555223 0 -7.346181
2006 -0.542721 0 -7.375965
2006.999878 -0.537626 0 -7.403472
2007.999878 -0.539138 0 -7.420657
2008.999878 -0.541908 0 -7.414073
2009.999878 -0.554430 0 -7.388625
2010.999878 -0.571722 0 -7.338933
2011.999878 -0.582275 0 -7.252986
2012.999878 -0.616579 0 -7.154358
2013.999878 -0.640726 0 -7.085900
2014.999878 -0.683747 0 -7.007879
2015.999878 -0.683472 0 -6.911994
2017.000122 -0.651143 0 -6.780097
2018.000122 -0.599434 0 -6.646844
2019.000122 -0.482385 0 -6.465856
2020.000122 -0.399368 0 -6.193546
2021.000122 -0.316716 0 -5.875990
2022.000122 -0.261109 0 -5.514171
2023.000122 -0.251248 0 -5.166583
2024.000122 -0.306629 0 -4.785572
2025.000122 -0.350699 0 -4.452657
2026.000122 -0.465035 0 -4.173661
2027 -0.549266 0 -3.938030
2028 -0.637953 0 -3.753674
2029 -0.712926 0 -3.571927
2030 -0.770396 0 -3.418946
2031 -0.780212 0 -3.295436
2032 -0.785528 0 -3.178961
2033 -0.780763 0 -3.065433
2034 -0.724371 0 -2.945161
2035 -0.652561 0 -2.833537
2036 -0.589940 0 -2.727522
2037 -0.536604 0 -2.597164
2038 -0.464396 0 -2.442594
2039 -0.382893 0 -2.283307
2040 -0.311997 0 -2.112358
2041 -0.262160 0 -1.895293
2042 -0.208668 0 -1.704292
2043 -0.133080 0 -1.453312
2044 -0.075197 0 -1.189695
2045 0.033932 0 -0.866177
2046 0.128168 0 -0.546015
2047 0.192408 0 -0.175650
2048 0.256746 0 0.242095
2049 0.300395 0 0.659050
2050 0.337715 0 1.107362
2051 0.396786 0 1.513299
2052 0.401632 0 1.839080
2053 0.450839 0 2.166237
2054 0.492267 0 2.475341
2055 0.513694 0 2.740182
2056 0.506823 0 2.963636
2057 0.516216 0 3.164107
2058 0.533535 0 3.334351
2059 0.557297 0 3.501823
2060 0.575319 0 3.659232
2061 0.581169 0 3.801828
2062 0.573954 0 3.947995
2063 0.584711 0 4.090125
2064 0.593559 0 4.203672
2065 0.607210 0 4.296173
2066 0.620807 0 4.381379
2067 0.636965 0 4.457914
2068 0.636072 0 4.547380
2069 0.643707 0 4.604280
2070 0.640231 0 4.658498
2071 0.647663 0 4.715633
2072 0.680469 0 4.743157
2073 0.708985 0 4.782813
2074 0.728781 0 4.832990
2075 0.727837 0 4.839357
2076 0.723766 0 4.854567
2077 0.720685 0 4.881437
2078 0.715174 0 4.862020
2079 0.701947 0 4.854656
2080 0.681940 0 4.852340
2081 0.659791 0 4.824015
2082 0.638824 0 4.794169
2083 0.626437 0 4.758569
2084 0.604118 0 4.705679
2085 0.591495 0 4.627448
2086 0.571822 0 4.563521
2087 0.548059 0 4.474050
2088 0.529509 0 4.371415
2089 0.505959 0 4.255653
2090 0.524076 0 4.120873
2091 0.490622 0 3.974793
2092 0.497794 0 3.811287
2093 0.484334 0 3.614419
2094 0.479300 0 3.407634
2095 0.497565 0 3.172012
2096 0.504972 0 2.948105
2097 0.535214 0 2.738997
2098 0.561039 0 2.587662
2099 0.584224 0 2.441034
2100 0.569020 0 2.301223
2101 0.608016 0 2.235554
2102 0.635098 0 2.204478
2103 0.683301 0 2.209096
2104 0.738306 0 2.207167
2105 0.775735 0 2.221095
2106 0.777710 0 2.208001
2107 0.760508 0 2.194300
2108 0.746491 0 2.206620
2109 0.689341 0 2.252306
2110 0.682415 0 2.291673
2111 0.672337 0 2.326906
2112 0.678708 0 2.352231
2113 0.672343 0 2.369391
2114 0.697705 0 2.376802
2115 0.697454 0 2.379627
2116 0.721983 0 2.398682
2117 0.722167 0 2.430696
2118 0.746086 0 2.425485
2119 0.744912 0 2.420369
2120 0.740365 0 2.439719
2121 0.733212 0 2.446039
2122 0.713384 0 2.467123
2123 0.694557 0 2.486742
2124 0.679158 0 2.495152
2125 0.670916 0 2.494667
2126 0.663974 0 2.491432
2127 0.651728 0 2.491610
2128 0.629341 0 2.513706
2129 0.604980 0 2.522513
2130 0.592230 0 2.525223
2131 0.574454 0 2.527958
2132 0.554862 0 2.526973
2133 0.531069 0 2.516727
2134 0.511487 0 2.518709
2135 0.507913 0 2.519380
2136 0.510282 0 2.519323
2137 0.479314 0 2.514413
2138 0.472856 0 2.512764
2139 0.464436 0 2.522057
2140 0.474077 0 2.500463
2141 0.468867 0 2.465152
2142 0.478210 0 2.404012
2143 0.478268 0 2.307918
2144 0.491626 0 2.158869
2145 0.480309 0 1.968773
2146 0.427174 0 1.696133
2147 0.404373 0 1.383031
2148 0.396807 0 1.064212
2149 0.416995 0 0.765768
2150 0.470854 0 0.449302
2151 0.481926 0 0.253980
2152 0.515528 0 0.100661
2153 0.537034 0 0.003064
2154 0.575165 0 -0.085420
2155 0.609649 0 -0.197499
2156 0.630542 0 -0.273957
2157 0.650103 0 -0.370111
2158 0.643462 0 -0.504975
2159 0.650856 0 -0.659674
2160 0.658004 0 -0.795837
2161 0.667384 0 -0.986315
2162 0.676997 0 -1.106051
2163 0.715677 0 -1.238426
2164 0.742437 0 -1.308723
2165 0.756811 0 -1.335857
2166 0.743271 0 -1.328451
2167 0.735405 0 -1.308206
2168 0.764063 0 -1.253348
2169 0.794898 0 -1.235140
2170 0.844794 0 -1.203467
2171 0.868587 0 -1.149800
2172 0.877259 0 -1.038869
2173 0.905531 0 -0.941385
2174 0.975983 0 -0.749713
2175 1.112550 0 -0.559044
2176 1.259360 0 -0.364204
2177 1.493152 0 -0.208112
2178 1.743133 0 -0.107218
2179 1.955131 0 -0.093301
2180 2.099711 0 -0.106274
2181 2.155880 0 -0.128090
2182 2.134227 0 -0.079408
2183 2.109866 0 0.027891
2184 2.075748 0 0.177081
2185 2.081377 0 0.329537
2186 2.095012 0 0.483417
2187 2.107672 0 0.569094
2188 2.181942 0 0.650900
2189 2.272108 0 0.776148
2190 2.385832 0 0.946858
2191 2.399544 0 1.068529
2192 2.422678 0 1.120536
2193 2.490215 0 1.139138
2194 2.643934 0 1.093567
2195 2.761140 0 1.080917
2196 2.819705 0 1.054926
2197 2.848624 0 1.022388
2198 2.815352 0 1.055717
2199 2.799309 0 1.070044
2200 2.788419 0 1.062049
2201 2.773117 0 1.055581
2202 2.744800 0 1.070497
2203 2.718128 0 1.080991
2204 2.685548 0 1.088085
2205 2.677098 0 1.075521
2206 2.663481 0 1.077241
2207 2.646763 0 1.060208
2208 2.630515 0 1.043501
2209 2.638667 0 1.037489
2210 2.640824 0 1.053153
2211 2.625330 0 1.050659
2212 2.637858 0 1.040138
2213 2.644578 0 1.024869
2214 2.655825 0 1.007300
2215 2.667085 0 0.989942
2216 2.681080 0 0.974002
2217 2.693704 0 0.960154
2218 2.706293 0 0.946458
2219 2.721962 0 0.930154
2220 2.739164 0 0.919600
2221 2.756735 0 0.909577
2222 2.756574 0 0.908963
2223 2.786347 0 0.915350
2224 2.799398 0 0.909670
2225 2.797136 0 0.904933
2226 2.822064 0 0.903187
2227 2.847337 0 0.902240
2228 2.867572 0 0.909299
2229 2.890135 0 0.917235
2230 2.935141 0 0.935879
2231 2.982422 0 0.956313
2232 3.028742 0 0.977032
2233 3.068547 0 0.998916
2234 3.144836 0 1.016155
2235 3.231254 0 1.033902
2236 3.319925 0 1.050646
2237 3.409916 0 1.079411
2238 3.495900 0 1.119388
2239 3.579157 0 1.157116
2240 3.684295 0 1.187097
2241 3.814369 0 1.199777
2242 3.897746 0 1.234534
2243 4.003193 0 1.255612
2244 4.070902 0 1.319725
2245 4.169730 0 1.358886
2246 4.196968 0 1.439716
2247 4.244673 0 1.492144
2248 4.220957 0 1.556585
2249 4.202860 0 1.664636
2250 4.146375 0 1.736775
2251 4.067108 0 1.795750
2252 3.938360 0 1.823163
2253 3.831037 0 1.865537
2254 3.680030 0 1.910408
2255 3.420726 0 1.983287
2256 3.088114 0 2.057531
2257 2.751926 0 2.103770
2258 2.408382 0 2.099366
2259 2.025830 0 1.996151
2260 1.661704 0 1.906273
2261 1.351056 0 1.814696
2262 1.046781 0 1.746135
2263 0.805166 0 1.718896
2264 0.551847 0 1.672047
2265 0.348053 0 1.634823
2266 0.190827 0 1.610998
2267 0.041983 0 1.580869
2268 -0.093244 0 1.576253
2269 -0.226269 0 1.571326
2270 -0.357193 0 1.565515
2271 -0.506647 0 1.549229
2272 -0.625832 0 1.520346
2273 -0.701279 0 1.522360
2274 -0.758843 0 1.514698
2275 -0.820600 0 1.499908
2276 -0.887108 0 1.515051
2277 -0.945165 0 1.530569
2278 -0.988098 0 1.559514
2279 -1.038441 0 1.600944
2280 -1.070493 0 1.675728
2281 -1.117652 0 1.730173
2282 -1.151487 0 1.862224
2283 -1.213238 0 2.002141
2284 -1.246907 0 2.259626
2285 -1.315588 0 2.534122
2286 -1.401870 0 2.838094
2287 -1.405699 0 3.128622
2288 -1.429138 0 3.410067
2289 -1.460246 0 3.684548
2290 -1.564964 0 3.895209
2291 -1.757547 0 3.980026
2292 -1.940877 0 3.977358
2293 -2.089570 0 3.984692
2294 -2.176708 0 3.948278
2295 -2.223080 0 3.825994
2296 -2.242527 0 3.724664
2297 -2.226712 0 3.580593
2298 -2.182498 0 3.393453
2299 -2.133672 0 3.230094
2300 -2.055929 0 3.080480
2301 -1.991365 0 2.929518
2302 -1.917438 0 2.759950
2303 -1.839687 0 2.595364
2304 -1.758605 0 2.461334
2305 -1.667064 0 2.390065
2306 -1.614073 0 2.341219
2307 -1.528085 0 2.336491
2308 -1.454491 0 2.330478
2309 -1.434060 0 2.261849
2310 -1.398920 0 2.212859
2311 -1.376991 0 2.149239
2312 -1.373638 0 2.110111
2313 -1.387921 0 2.140614
2314 -1.404380 0 2.159938
2315 -1.425095 0 2.159117
2316 -1.424314 0 2.159038
2317 -1.415857 0 2.178916
2318 -1.403982 0 2.198439
2319 -1.405159 0 2.236107
2320 -1.412777 0 2.317640
2321 -1.389948 0 2.391139
2322 -1.407774 0 2.482607
2323 -1.398459 0 2.583549
2324 -1.432588 0 2.671260
2325 -1.496169 0 2.743510
2326 -1.569170 0 2.830147
2327 -1.599923 0 2.871783
2328 -1.638914 0 2.893911
2329 -1.590880 0 2.860588
2330 -1.552099 0 2.855037
2331 -1.487852 0 2.792936
2332 -1.428779 0 2.776326
2333 -1.383738 0 2.736997
2334 -1.300546 0 2.691478
2335 -1.254355 0 2.672774
2336 -1.262904 0 2.677955
2337 -1.305571 0 2.697125
2338 -1.338901 0 2.725933
2339 -1.393546 0 2.737820
2340 -1.444842 0 2.777537
2341 -1.456653 0 2.792075
2342 -1.465823 0 2.817139
2343 -1.454949 0 2.782449
2344 -1.421282 0 2.782958
2345 -1.392618 0 2.755242
2346 -1.309371 0 2.770140
2347 -1.241529 0 2.722589
2348 -1.191545 0 2.658891
2349 -1.170887 0 2.630115
2350 -1.192754 0 2.646125
2351 -1.216766 0 2.686559
2352 -1.291710 0 2.730433
2353 -1.362900 0 2.780086
2354 -1.444454 0 2.836766
2355 -1.493660 0 2.939450
2356 -1.540426 0 2.967982
2357 -1.606134 0 3.020953
2358 -1.625091 0 3.064962
2359 -1.654651 0 3.124521
2360 -1.621979 0 3.107094
2361 -1.602138 0 3.071618
2362 -1.507351 0 3.029939
2363 -1.410479 0 2.969919
2364 -1.312403 0 2.898646
2365 -1.200460 0 2.855817
2366 -1.155009 0 2.769131
2367 -1.133266 0 2.720220
2368 -1.117790 0 2.677044
2369 -1.091447 0 2.674187
2370 -1.061423 0 2.640338
2371 -1.040515 0 2.617859
2372 -1.031689 0 2.604555
2373 -0.999884 0 2.600969
2374 -0.970755 0 2.588609
2375 -0.958849 0 2.576806
2376 -0.933150 0 2.569911
2377 -0.910012 0 2.560140
2378 -0.888595 0 2.557249
2379 -0.878139 0 2.565009
2380 -0.860604 0 2.572277
2381 -0.848548 0 2.584446
2382 -0.837777 0 2.595534
2383 -0.819098 0 2.596851
2384 -0.785050 0 2.600732
2385 -0.773578 0 2.603326
2386 -0.758893 0 2.605355
2387 -0.743838 0 2.607526
2388 -0.735032 0 2.617047
2389 -0.730772 0 2.634625
2390 -0.734855 0 2.648469
2391 -0.730124 0 2.662663
2392 -0.740530 0 2.681055
2393 -0.726221 0 2.700524
2394 -0.728562 0 2.711825
2395 -0.738880 0 2.715178
2396 -0.743018 0 2.708030
2397 -0.724078 0 2.723179
2398 -0.734893 0 2.720723
2399 -0.729731 0 2.678174
2400 -0.713737 0 2.659405
2401 -0.691405 0 2.604418
2402 -0.683897 0 2.548243
2403 -0.677624 0 2.493044
2404 -0.706727 0 2.415547
2405 -0.728377 0 2.302266
2406 -0.732121 0 2.205771
2407 -0.750144 0 2.121819
2408 -0.739117 0 2.008472
2409 -0.737000 0 1.836011
2410 -0.767818 0 1.636449
2411 -0.792824 0 1.398110
2412 -0.870848 0 1.134264
2413 -0.942392 0 0.859961
2414 -0.957649 0 0.621749
2415 -0.941953 0 0.406335
2416 -0.910284 0 0.172858
2417 -0.916202 0 -0.013306
2418 -0.911075 0 -0.140563
2419 -0.918854 0 -0.187045
2420 -0.955722 0 -0.135928
2421 -0.980748 0 -0.029609
2422 -1.001125 0 0.047586
2423 -1.049781 0 0.090262
2424 -1.111313 0 0.081337
2425 -1.233578 0 0.021023
2426 -1.329900 0 -0.120980
2427 -1.375727 0 -0.217087
2428 -1.391890 0 -0.272544
2429 -1.347282 0 -0.303243
2430 -1.308911 0 -0.350545
2431 -1.190775 0 -0.397898
2432 -1.048715 0 -0.489585
2433 -0.941079 0 -0.605122
2434 -0.818869 0 -0.709862
2435 -0.791067 0 -0.807922
2436 -0.758738 0 -0.899080
2437 -0.676658 0 -0.953213
2438 -0.563116 0 -1.020312
2439 -0.490342 0 -1.086188
2440 -0.520721 0 -1.174149
2441 -0.558605 0 -1.258726
2442 -0.656690 0 -1.342147
2443 -0.808682 0 -1.443531
2444 -0.937730 0 -1.472480
2445 -0.996804 0 -1.502323
2446 -0.993308 0 -1.511525
2447 -0.987033 0 -1.501596
2448 -0.924628 0 -1.474435
2449 -0.879394 0 -1.459906
2450 -0.777630 0 -1.399448
2451 -0.678168 0 -1.375998
2452 -0.570864 0 -1.328864
2453 -0.488437 0 -1.320994
2454 -0.420078 0 -1.324687
2455 -0.392988 0 -1.392194
2456 -0.388592 0 -1.461928
2457 -0.398445 0 -1.556106
2458 -0.444489 0 -1.675876
2459 -0.468716 0 -1.784599
2460 -0.512611 0 -1.903560
2461 -0.510028 0 -2.023897
2462 -0.487851 0 -2.197164
2463 -0.402891 0 -2.384814
2464 -0.314959 0 -2.566279
2465 -0.277247 0 -2.688730
2466 -0.258044 0 -2.784472
2467 -0.230440 0 -2.873540
2468 -0.236952 0 -2.967820
2469 -0.218398 0 -3.046871
2470 -0.222736 0 -3.110496
2471 -0.188791 0 -3.178221
2472 -0.193399 0 -3.253903
2473 -0.180239 0 -3.371751
2474 -0.161730 0 -3.516160
2475 -0.158391 0 -3.679360
2476 -0.176588 0 -3.842325
2477 -0.244235 0 -4.024538
2478 -0.310516 0 -4.158062
2479 -0.368785 0 -4.292771
2480 -0.419776 0 -4.410885
2481 -0.458897 0 -4.501936
2482 -0.508694 0 -4.585941
2483 -0.550790 0 -4.618628
2484 -0.582882 0 -4.669002
2485 -0.616935 0 -4.677898
2486 -0.656885 0 -4.650432
2487 -0.690744 0 -4.640797
2488 -0.718092 0 -4.580757
2489 -0.724961 0 -4.530396
2490 -0.704653 0 -4.402434
2491 -0.668627 0 -4.256848
2492 -0.656892 0 -4.080427
2493 -0.602574 0 -3.911673
2494 -0.584192 0 -3.682433
2495 -0.521869 0 -3.440708
2496 -0.489700 0 -3.142056
2497 -0.431703 0 -2.878936
2498 -0.461852 0 -2.576959
2499 -0.505400 0 -2.318198
2500 -0.567461 0 -2.078230
2501 -0.628460 0 -1.859664
2502 -0.661474 0 -1.680497
2503 -0.646232 0 -1.577116
2504 -0.632876 0 -1.497748
2505 -0.648854 0 -1.429157
2506 -0.662942 0 -1.360733
2507 -0.702192 0 -1.293729
2508 -0.738445 0 -1.267871
2509 -0.786653 0 -1.252088
2510 -0.828193 0 -1.267875
2511 -0.850126 0 -1.314715
2512 -0.858273 0 -1.373477
2513 -0.875917 0 -1.398221
2514 -0.813347 0 -1.443507
2515 -0.735618 0 -1.501757
2516 -0.655495 0 -1.548656
2517 -0.597123 0 -1.630727
2518 -0.568690 0 -1.705435
2519 -0.560252 0 -1.846935
2520 -0.567821 0 -1.962701
2521 -0.567919 0 -2.115613
2522 -0.614212 0 -2.290942
2523 -0.648226 0 -2.457964
2524 -0.770353 0 -2.619743
2525 -0.928508 0 -2.810978
2526 -1.074022 0 -2.983527
2527 -1.143037 0 -3.165889
2528 -1.227101 0 -3.245451
2529 -1.310460 0 -3.270252
2530 -1.406121 0 -3.289798
2531 -1.514735 0 -3.364498
2532 -1.540710 0 -3.383628
2533 -1.491665 0 -3.362865
2534 -1.400311 0 -3.271342
2535 -1.375162 0 -3.197273
2536 -1.413116 0 -3.140429
2537 -1.411269 0 -3.107996
2538 -1.364294 0 -3.063526
2539 -1.389125 0 -3.013630
2540 -1.469322 0 -2.950400
2541 -1.478044 0 -2.921335
2542 -1.475132 0 -2.877747
2543 -1.434055 0 -2.843222
2544 -1.349322 0 -2.804041
2545 -1.246980 0 -2.785111
2546 -1.094835 0 -2.712984
2547 -0.967020 0 -2.683923
2548 -0.844738 0 -2.621577
2549 -0.727124 0 -2.540052
2550 -0.606243 0 -2.391681
2551 -0.537923 0 -2.149550
2552 -0.498938 0 -1.799472
2553 -0.526335 0 -1.431705
2554 -0.552771 0 -1.144934
2555 -0.553157 0 -0.930427
2556 -0.569030 0 -0.739159
2557 -0.612864 0 -0.683337
2558 -0.614988 0 -0.630036
2559 -0.608896 0 -0.616600
2560 -0.571503 0 -0.554376
2561 -0.538141 0 -0.470356
2562 -0.494611 0 -0.355428
2563 -0.475212 0 -0.317213
2564 -0.410029 0 -0.276077
2565 -0.384419 0 -0.251115
2566 -0.351508 0 -0.285897
2567 -0.316922 0 -0.294941
2568 -0.248377 0 -0.315718
2569 -0.208824 0 -0.288998
2570 -0.113695 0 -0.310037
2571 -0.029210 0 -0.317554
2572 0.062932 0 -0.303494
2573 0.126724 0 -0.318580
2574 0.169491 0 -0.321143
2575 0.188862 0 -0.323483
2576 0.236463 0 -0.346343
2577 0.211980 0 -0.390411
2578 0.166891 0 -0.455761
2579 0.087360 0 -0.532007
2580 -0.040767 0 -0.628318
2581 -0.215376 0 -0.738195
2582 -0.323728 0 -0.851238
2583 -0.386185 0 -0.905190
2584 -0.416616 0 -0.930032
2585 -0.422506 0 -0.903878
2586 -0.398452 0 -0.912791
2587 -0.361493 0 -0.896875
2588 -0.300445 0 -0.836269
2589 -0.228863 0 -0.732806
2590 -0.218716 0 -0.621253
2591 -0.185511 0 -0.562637
2592 -0.137267 0 -0.483772
2593 -0.064917 0 -0.440272
2594 -0.001549 0 -0.399342
2595 -0.029621 0 -0.317928
2596 -0.048481 0 -0.286557
2597 -0.080459 0 -0.244523
2598 -0.071823 0 -0.211366
2599 -0.066212 0 -0.146284
2600 -0.014590 0 -0.093423
2601 0.038669 0 -0.007608
2602 0.156581 0 0.080627
2603 0.278846 0 0.241298
2604 0.385633 0 0.421975
2605 0.359784 0 0.633650
2606 0.287836 0 0.909908
2607 0.210019 0 1.147353
2608 0.178560 0 1.351074
2609 0.141686 0 1.460255
2610 0.137744 0 1.497204
2611 0.124624 0 1.498391
2612 0.140184 0 1.505000
2613 0.191850 0 1.522572
2614 0.218873 0 1.522249
2615 0.267947 0 1.504326
2616 0.302521 0 1.507758
2617 0.307354 0 1.450654
2618 0.280746 0 1.363107
2619 0.313325 0 1.203878
2620 0.372867 0 1.057549
2621 0.424099 0 0.933200
2622 0.484245 0 0.783448
2623 0.510163 0 0.647183
2624 0.519366 0 0.485465
2625 0.536065 0 0.322671
2626 0.592789 0 0.169938
2627 0.658403 0 -0.022876
2628 0.712409 0 -0.215966
2629 0.775110 0 -0.451686
2630 0.761611 0 -0.731544
2631 0.672850 0 -0.970767
2632 0.472189 0 -1.152966
2633 0.273096 0 -1.314060
2634 0.129221 0 -1.437533
2635 0.079748 0 -1.472225
2636 0.099339 0 -1.496403
2637 0.114513 0 -1.549488
2638 0.193880 0 -1.631955
2639 0.312267 0 -1.687214
2640 0.419284 0 -1.722507
2641 0.489699 0 -1.713572
2642 0.550164 0 -1.686275
2643 0.593393 0 -1.647755
2644 0.688478 0 -1.659302
2645 0.704370 0 -1.610329
2646 0.692419 0 -1.579014
2647 0.634766 0 -1.493752
2648 0.600389 0 -1.405422
2649 0.626818 0 -1.381431
2650 0.662475 0 -1.333377
2651 0.738920 0 -1.329430
2652 0.794179 0 -1.315969
2653 0.901088 0 -1.322443
2654 1.016470 0 -1.303743
2655 1.142533 0 -1.305940
2656 1.255653 0 -1.238123
2657 1.338550 0 -1.047112
2658 1.354079 0 -0.779214
2659 1.328401 0 -0.492453
2660 1.336543 0 -0.213999
2661 1.316622 0 0.029206
2662 1.296983 0 0.226107
2663 1.293401 0 0.357034
2664 1.287361 0 0.371083
2665 1.329230 0 0.339113
2666 1.386426 0 0.293913
2667 1.393722 0 0.285634
2668 1.399913 0 0.227355
2669 1.405515 0 0.151214
2670 1.422755 0 0.040448
2671 1.416228 0 -0.105433
2672 1.472307 0 -0.220414
2673 1.461835 0 -0.320993
2674 1.453705 0 -0.296290
2675 1.397781 0 -0.274324
2676 1.385321 0 -0.354097
2677 1.324192 0 -0.424984
2678 1.276676 0 -0.548972
2679 1.192469 0 -0.640641
2680 1.110357 0 -0.795639
2681 1.068831 0 -0.946026
2682 1.062260 0 -1.170344
2683 1.051223 0 -1.383714
2684 0.981515 0 -1.602061
2685 0.871990 0 -1.801606
2686 0.674446 0 -1.950307
2687 0.422835 0 -2.028372
2688 0.222169 0 -2.032241
2689 0.084573 0 -2.046530
2690 0.012804 0 -2.031624
2691 -0.001237 0 -2.046236
2692 0.041532 0 -2.050360
2693 0.117012 0 -2.067559
2694 0.128683 0 -2.070788
2695 0.132536 0 -2.044506
2696 0.132858 0 -2.003340
2697 0.089923 0 -1.948122
2698 0.140729 0 -1.879523
2699 0.195808 0 -1.840040
2700 0.247709 0 -1.827002
2701 0.300022 0 -1.796543
2702 0.308439 0 -1.787794
2703 0.371751 0 -1.789850
2704 0.429656 0 -1.769055
2705 0.489089 0 -1.736854
2706 0.566817 0 -1.751259
2707 0.666059 0 -1.733288
2708 0.786142 0 -1.738627
2709 0.938588 0 -1.682882
2710 1.073898 0 -1.549810
2711 1.194657 0 -1.279082
2712 1.234098 0 -0.969703
2713 1.245710 0 -0.726451
2714 1.274852 0 -0.521769
2715 1.307421 0 -0.382792
2716 1.356685 0 -0.247316
2717 1.433513 0 -0.179536
2718 1.487761 0 -0.122693
2719 1.517066 0 -0.079800
2720 1.535650 0 -0.023441
2721 1.548285 0 0.016602
2722 1.557625 0 0.043216
2723 1.563065 0 0.041338
2724 1.517699 0 0.028765
2725 1.437643 0 0.024096
2726 1.388799 0 0.101020
2727 1.343903 0 0.323118
2728 1.231421 0 0.551206
2729 1.121698 0 0.755041
2730 1.056652 0 0.908929
2731 0.984237 0 1.055602
2732 0.871875 0 1.169519
2733 0.770321 0 1.263726
2734 0.704779 0 1.253402
2735 0.753569 0 1.177428
2736 0.815768 0 1.055745
2737 0.818094 0 0.936864
2738 0.739269 0 0.823947
2739 0.585549 0 0.811812
2740 0.355243 0 0.827695
2741 0.119545 0 0.908530
2742 -0.103551 0 1.020881
2743 -0.276708 0 1.086660
2744 -0.484918 0 1.126490
2745 -0.624103 0 1.160005
2746 -0.758103 0 1.204342
2747 -0.861367 0 1.276498
2748 -0.895681 0 1.333268
2749 -0.862182 0 1.341021
2750 -0.770177 0 1.307538
2751 -0.752121 0 1.236510
2752 -0.749201 0 1.176181
2753 -0.809169 0 1.148901
2754 -0.857983 0 1.202663
2755 -0.903085 0 1.224066
2756 -0.947717 0 1.248065
2757 -0.946892 0 1.232362
2758 -0.932437 0 1.183588
2759 -0.932560 0 1.133579
2760 -0.875138 0 1.093345
2761 -0.825513 0 1.051517
2762 -0.768719 0 1.010696
2763 -0.747355 0 0.946740
2764 -0.739563 0 0.874680
2765 -0.769217 0 0.838444
2766 -0.765340 0 0.802474
2767 -0.743806 0 0.802043
2768 -0.684478 0 0.795693
2769 -0.628971 0 0.788945
2770 -0.586818 0 0.813282
2771 -0.610633 0 0.853522
2772 -0.624665 0 0.890867
2773 -0.695742 0 0.885300
2774 -0.790567 0 0.879086
2775 -0.906033 0 0.816394
2776 -0.985206 0 0.770907
2777 -1.050392 0 0.718699
2778 -1.071316 0 0.722426
2779 -1.044440 0 0.704574
2780 -1.039169 0 0.681485
2781 -1.032617 0 0.640771
2782 -1.056080 0 0.629093
2783 -1.078243 0 0.607877
2784 -1.074547 0 0.564082
2785 -1.064026 0 0.549071
2786 -1.048509 0 0.555316
2787 -1.020762 0 0.571685
2788 -1.043350 0 0.608331
2789 -1.057646 0 0.678882
2790 -1.039858 0 0.708016
2791 -1.050275 0 0.746931
2792 -1.044300 0 0.767498
2793 -0.985107 0 0.796602
2794 -0.949631 0 0.877035
2795 -0.884834 0 0.921660
2796 -0.817649 0 0.963142
2797 -0.729504 0 0.961018
2798 -0.663410 0 0.943723
2799 -0.604564 0 0.917333
2800 -0.551487 0 0.857798
2801 -0.507296 0 0.849577
2802 -0.450297 0 0.851641
2803 -0.388341 0 0.854601
2804 -0.342606 0 0.890809
2805 -0.350255 0 0.941943
2806 -0.353971 0 0.988931
2807 -0.323740 0 1.055397
2808 -0.266862 0 1.179225
2809 -0.177131 0 1.352908
2810 -0.061561 0 1.576870
2811 0.050743 0 1.782638
2812 0.149783 0 1.940645
2813 0.247533 0 2.022503
2814 0.323029 0 2.105598
2815 0.456096 0 2.193794
2816 0.586664 0 2.346154
2817 0.719828 0 2.456017
2818 0.762880 0 2.504187
2819 0.823613 0 2.571998
2820 0.944616 0 2.623351
2821 1.058733 0 2.710718
2822 1.166398 0 2.799628
2823 1.265299 0 2.835092
2824 1.329378 0 2.861917
2825 1.430150 0 2.861259
2826 1.496837 0 2.845162
2827 1.568167 0 2.869835
2828 1.592334 0 2.870969
2829 1.623943 0 2.893993
2830 1.661950 0 2.988596
2831 1.732292 0 3.036944
2832 1.804497 0 3.083616
2833 1.840688 0 3.077612
2834 1.829506 0 3.052343
2835 1.840214 0 3.062671
2836 1.868222 0 3.042180
2837 1.879708 0 3.034473
2838 1.919858 0 3.027284
2839 1.943545 0 2.994631
2840 1.961267 0 3.029634
2841 1.962855 0 3.028260
2842 1.970121 0 2.983946
2843 1.954154 0 2.959964
2844 1.914021 0 2.963811
2845 1.871670 0 3.007087
2846 1.870624 0 3.076117
2847 1.871066 0 3.093072
2848 1.880371 0 3.045638
2849 1.874813 0 2.950822
2850 1.857977 0 2.916556
2851 1.831119 0 2.980199
2852 1.813073 0 3.019258
2853 1.863335 0 3.025590
2854 1.903615 0 2.975715
2855 1.932161 0 2.901383
2856 1.937433 0 2.852838
2857 1.916863 0 2.837946
2858 1.839656 0 2.856624
2859 1.736200 0 2.877983
2860 1.584530 0 2.885437
2861 1.458505 0 2.877824
2862 1.292062 0 2.817827
2863 1.105018 0 2.783943
2864 0.888747 0 2.737093
2865 0.659159 0 2.674923
2866 0.498554 0 2.638211
2867 0.332782 0 2.648313
2868 0.179759 0 2.604362
2869 0.011528 0 2.605833
2870 -0.167317 0 2.647185
2871 -0.344553 0 2.750300
2872 -0.535871 0 2.885746
2873 -0.777216 0 3.053850
2874 -1.011118 0 3.158751
2875 -1.244597 0 3.251452
2876 -1.429703 0 3.349304
2877 -1.596472 0 3.447394
2878 -1.669608 0 3.510514
2879 -1.728776 0 3.531038
2880 -1.728342 0 3.508622
2881 -1.753902 0 3.505676
2882 -1.794494 0 3.548787
2883 -1.663896 0 3.469969
2884 -1.407929 0 3.246516
2885 -1.186162 0 3.020916
2886 -0.989353 0 2.917034
2887 -0.869970 0 2.894200
2888 -0.798347 0 2.966201
2889 -0.741951 0 3.047791
2890 -0.654642 0 3.068622
2891 -0.523874 0 3.090330
2892 -0.412681 0 3.080594
2893 -0.393781 0 3.128027
2894 -0.425667 0 3.130686
2895 -0.439486 0 3.086756
2896 -0.357647 0 2.984557
2897 -0.254768 0 2.815165
2898 -0.125573 0 2.606263
2899 0.009567 0 2.382757
2900 0.080456 0 2.252877
2901 0.166018 0 2.149161
2902 0.214780 0 2.069995
2903 0.204473 0 2.019780
2904 0.187306 0 1.978501
2905 0.208973 0 1.956987
2906 0.242552 0 1.898076
2907 0.260967 0 1.835896
2908 0.274292 0 1.750707
2909 0.284386 0 1.643930
2910 0.290917 0 1.499330
2911 0.309921 0 1.385492
2912 0.348764 0 1.219594
2913 0.279918 0 1.044941
2914 0.189283 0 0.902435
2915 0.121295 0 0.737652
2916 0.040910 0 0.590388
2917 -0.081799 0 0.464401
2918 -0.224161 0 0.459572
2919 -0.357004 0 0.481134
2920 -0.485433 0 0.501820
2921 -0.596170 0 0.469186
2922 -0.628125 0 0.459966
2923 -0.603584 0 0.380789
2924 -0.452392 0 0.189431
2925 -0.335071 0 -0.014220
2926 -0.306615 0 -0.255447
2927 -0.402886 0 -0.495284
2928 -0.612049 0 -0.708322
2929 -0.829983 0 -0.799090
2930 -0.992890 0 -0.806859
2931 -1.073255 0 -0.852208
2932 -1.083897 0 -0.889358
2933 -1.043060 0 -0.952810
2934 -1.034302 0 -1.051694
2935 -1.045911 0 -1.050862
2936 -1.054569 0 -1.089271
2937 -1.034186 0 -1.101705
2938 -0.933534 0 -1.079737
2939 -0.793135 0 -1.191100
2940 -0.738509 0 -1.372980
2941 -0.840476 0 -1.588899
2942 -0.987691 0 -1.597945
2943 -1.136648 0 -1.541773
2944 -1.147341 0 -1.419796
2945 -1.115843 0 -1.317320
2946 -1.012730 0 -1.331968
2947 -0.961746 0 -1.487296
2948 -0.957245 0 -1.649458
2949 -0.897775 0 -1.778736
2950 -0.806955 0 -1.907777
1
0 0 0 0