Meshes: 10
"Mesh0" 0 0
32
0 0.123051 -3.252033 -0.740211 0.445313 0.593750 4
0 -0.314954 -0.160456 -0.590808 0.445313 0.593750 5
0 0.275258 -0.160456 -0.590808 0.445313 0.593750 5
0 -0.353696 -0.334237 0.388078 0.445313 0.593750 5
0 0.239673 0.696864 0.576383 0.445313 0.593750 6
0 -0.403471 0.696865 0.576383 0.445313 0.593750 6
0 0.087984 -0.333401 0.394532 0.445313 0.593750 5
0 0.365602 -3.252033 -0.261460 0.445313 0.593750 4
0 0.545689 -0.260988 -0.020670 0.445313 0.593750 5
0 0.123051 -3.252033 0.307598 0.445313 0.593750 4
0 0.264762 -3.160234 -0.671998 0.445313 0.593750 5
0 -0.608798 -3.252033 -0.261461 0.445313 0.593750 4
0 -0.366247 -3.252033 -0.740211 0.445313 0.593750 4
0 -0.362791 -3.160234 -0.671998 0.445313 0.593750 5
0 -0.495075 -0.259688 -0.020441 0.445313 0.593750 5
0 -0.366247 -3.252033 0.307598 0.445313 0.593750 4
0 0.286101 -0.160455 -0.590809 0.445313 0.593750 2
0 -0.103949 -3.252031 -0.740212 0.445313 0.593750 1
0 -0.304111 -0.160455 -0.590808 0.445313 0.593750 2
0 -0.443362 0.696869 0.576383 0.445313 0.593750 3
0 0.324844 -0.334236 0.388078 0.445313 0.593750 2
0 0.199782 0.696869 0.576383 0.445313 0.593750 3
0 -0.116837 -0.333400 0.394532 0.445313 0.593750 2
0 -0.346500 -3.252031 -0.261462 0.445313 0.593750 1
0 -0.574541 -0.260987 -0.020671 0.445313 0.593750 2
0 -0.103949 -3.252031 0.307598 0.445313 0.593750 1
0 -0.481643 -3.160233 -0.671998 0.445313 0.593750 2
0 0.627901 -3.252031 -0.261461 0.445313 0.593750 1
0 0.385350 -3.252031 -0.740212 0.445313 0.593750 1
0 0.145910 -3.160233 -0.671998 0.445313 0.593750 2
0 0.466222 -0.259687 -0.020441 0.445313 0.593750 2
0 0.385350 -3.252031 0.307597 0.445313 0.593750 1
32
0.341977 0.028555 -0.939274
-0.889306 0.115191 -0.442567
0.889975 -0.028855 -0.455095
-0.576233 -0.097114 0.811495
-0.007057 -0.175744 0.984411
-0.009758 -0.168748 0.985611
0.283947 -0.100474 0.953561
0.982823 -0.046520 -0.178593
0.813817 -0.065925 0.577369
0.597411 -0.048988 0.800438
-0.673923 0.068739 0.735597
-0.999627 0.026650 -0.005958
-0.522958 0.049797 -0.850902
0.890141 0.031462 0.454597
-0.948733 0.060671 0.310200
-0.363875 -0.024975 0.931113
0.882245 0.201042 -0.425706
-0.341926 0.023262 -0.939439
-0.879564 -0.112569 -0.462273
0.113736 -0.240109 0.964060
0.574331 -0.058992 0.816495
0.351753 0.148473 0.924243
-0.282881 -0.125517 0.950907
-0.981820 -0.061965 -0.179415
-0.672474 -0.220794 0.706419
-0.597275 -0.058607 0.799893
0.667646 -0.000978 0.744478
0.999086 0.042509 -0.004528
0.522573 0.057884 -0.850627
-0.926196 0.134096 0.352392
0.943576 0.331130 0.004095
0.363919 -0.018997 0.931237
44
0 0 1 2 0 1 2 1
0 3 4 5 3 4 5 1
0 3 6 4 3 6 4 1
0 7 2 8 7 2 8 1
0 8 9 7 8 9 7 1
0 8 6 9 8 6 9 1
0 4 8 10 4 8 10 1
0 11 1 12 11 1 12 1
0 1 10 2 1 10 2 1
0 1 13 10 1 13 10 1
0 1 0 12 1 0 12 1
0 14 13 1 14 13 1 1
0 2 7 0 2 7 0 1
0 10 8 2 10 8 2 1
0 3 11 15 3 11 15 1
0 6 15 9 6 15 9 1
0 6 3 15 6 3 15 1
0 6 8 4 6 8 4 1
0 11 3 14 11 3 14 1
0 1 11 14 1 11 14 1
0 5 14 3 5 14 3 1
0 13 14 5 13 14 5 1
0 16 17 18 16 17 18 1
0 19 20 21 19 20 21 1
0 22 20 19 22 20 19 1
0 18 23 24 18 23 24 1
0 25 24 23 25 24 23 1
0 22 24 25 22 24 25 1
0 24 19 26 24 19 26 1
0 16 27 28 16 27 28 1
0 26 16 18 26 16 18 1
0 29 16 26 29 16 26 1
0 17 16 28 17 16 28 1
0 29 30 16 29 30 16 1
0 23 18 17 23 18 17 1
0 24 26 18 24 26 18 1
0 27 20 31 27 20 31 1
0 31 22 25 31 22 25 1
0 20 22 31 20 22 31 1
0 24 22 19 24 22 19 1
0 20 27 30 20 27 30 1
0 27 16 30 27 16 30 1
0 30 21 20 30 21 20 1
0 30 29 21 30 29 21 1
"Mesh1" 0 0
127
0 0.540133 0.928966 0.105040 0.492188 0.398438 7
0 0.295227 0.377063 0.427842 0.492188 0.398438 8
0 0.747119 0.358194 0.258623 0.492188 0.398438 8
0 0.668239 0.928966 -0.285546 0.492188 0.398438 7
0 1.082453 1.352397 -0.746174 0.492188 0.398438 8
0 0.540133 0.928966 -0.590338 0.492188 0.398438 7
0 -1.033852 1.352397 -0.746173 0.492188 0.398438 8
0 0.024300 0.928966 -0.779987 0.492188 0.398438 7
0 0.024300 1.325304 -1.017099 0.492188 0.398438 8
0 -0.895885 1.137824 0.608074 0.492188 0.398438 8
0 -0.780450 1.558434 0.307597 0.492188 0.398438 8
0 -0.556784 0.955037 0.960663 0.492188 0.398438 8
0 -0.619639 0.928966 -0.285546 0.492188 0.398438 7
0 -0.491532 0.928966 -0.590338 0.492188 0.398438 7
0 -0.453566 0.070589 -0.498926 0.492188 0.398438 11
0 0.517990 0.086260 -0.498926 0.492188 0.398438 15
0 0.829051 1.558434 0.307597 0.492188 0.398438 8
0 0.944486 1.137824 0.608073 0.492188 0.398438 8
0 0.605385 0.955037 0.960663 0.492188 0.398438 8
0 0.024300 0.928966 0.247276 0.492188 0.398438 7
0 -0.246626 0.377063 0.427842 0.492188 0.398438 8
0 0.024300 0.693653 0.430774 0.492188 0.398438 8
0 0.978842 1.379490 0.129822 0.492188 0.398438 8
0 0.964336 0.708197 0.680614 0.492188 0.398438 8
0 -0.915735 0.708197 0.680614 0.492188 0.398438 8
0 -0.621463 0.632119 0.855048 0.492188 0.398438 8
0 -0.698121 0.356580 0.258043 0.492188 0.398438 8
0 0.670065 0.632119 0.855048 0.492188 0.398438 8
0 -0.986703 1.054377 -0.249475 0.492188 0.398438 8
0 -0.930241 1.379490 0.129822 0.492188 0.398438 8
0 1.035303 1.054377 -0.249475 0.492188 0.398438 8
0 -0.302762 0.070589 0.334122 0.492188 0.398438 11
0 0.367187 0.086260 0.334121 0.492188 0.398438 15
0 -0.491532 0.928966 0.105040 0.492188 0.398438 7
0 0.713357 0.466693 -0.881527 0.492188 0.398438 7
0 0.024300 0.495553 -0.985806 0.492188 0.398438 7
0 -0.664756 0.466693 -0.881527 0.492188 0.398438 7
0 -0.960066 0.203223 -0.255849 0.492188 0.398438 7
0 -0.664756 -0.016957 0.213410 0.492188 0.398438 7
0 1.008667 0.203223 -0.255849 0.492188 0.398438 7
0 0.713357 -0.016957 0.213410 0.492188 0.398438 7
0 0.024300 -0.061321 0.369837 0.492188 0.398438 0
0 1.033417 -0.411686 -1.168399 0.492188 0.398438 0
0 0.687024 -0.340856 -1.425198 0.492188 0.398438 0
0 0.024300 -0.081292 -1.412872 0.492188 0.398438 7
0 1.001420 -0.366534 0.276510 0.492188 0.398438 0
0 -0.568981 -0.280869 -1.037223 0.492188 0.398438 4
0 1.350293 -0.276225 -0.449699 0.492188 0.398438 0
0 -0.638423 -0.340856 -1.425198 0.492188 0.398438 0
0 -0.984817 -0.411686 -1.168400 0.492188 0.398438 0
0 0.686660 -0.280868 -1.037223 0.492188 0.398438 1
0 -1.301693 -0.276225 -0.449699 0.492188 0.398438 0
0 -0.952820 -0.366534 0.276510 0.492188 0.398438 0
0 -0.526572 -0.280869 0.452840 0.492188 0.398438 4
0 0.644251 -0.280868 0.452840 0.492188 0.398438 1
0 1.582845 -0.960010 -0.441718 0.492188 0.398438 17
0 1.399612 -1.045938 -0.052288 0.492188 0.398438 17
0 1.708210 -0.793358 -0.074855 0.492188 0.398438 17
0 1.339243 -1.298479 -0.441720 0.492188 0.398438 17
0 1.220828 -1.470114 -0.074763 0.492188 0.398438 17
0 0.000504 -0.318282 0.346151 0.492188 0.398438 17
0 0.811980 -1.029003 -0.327939 0.492188 0.398438 17
0 -0.007658 -0.312353 -0.163935 0.492188 0.398438 17
0 1.589886 -0.965089 0.292051 0.492188 0.398438 17
0 1.346198 -1.303468 0.292097 0.492188 0.398438 17
0 0.278202 0.067319 0.346119 0.492188 0.398438 17
0 0.961071 -0.351872 -0.327973 0.492188 0.398438 17
0 0.971104 -0.359170 0.267608 0.492188 0.398438 17
0 0.270042 0.073244 -0.163967 0.492188 0.398438 17
0 0.822014 -1.036302 0.267642 0.492188 0.398438 17
0 0.530247 -0.091919 0.665281 0.492188 0.398438 4
0 0.928653 -0.001611 -0.063870 0.492188 0.398438 4
0 0.547838 -0.091919 -0.790007 0.492188 0.398438 4
0 0.871720 -0.155870 0.072866 0.492188 0.398438 16
0 0.756747 -0.325897 0.382955 0.492188 0.398438 16
0 0.536516 0.160441 0.075095 0.492188 0.398438 16
0 0.398786 -0.039620 0.443049 0.492188 0.398438 16
0 0.391029 -0.034023 -0.290583 0.492188 0.398438 16
0 0.746913 -0.318767 -0.237177 0.492188 0.398438 16
0 1.010696 1.555095 0.261987 0.492188 0.398438 8
0 0.276479 -0.282506 0.397951 0.492188 0.398438 16
0 1.006412 1.349767 0.257990 0.492188 0.398438 8
0 0.998178 1.564183 -0.547154 0.492188 0.398438 8
0 0.514693 0.095678 0.095619 0.492188 0.398438 15
0 0.991846 1.365818 -0.547124 0.492188 0.398438 8
0 0.268723 -0.276914 -0.245381 0.492188 0.398438 16
0 1.083946 1.106112 -0.172177 0.492188 0.398438 8
0 0.559911 -0.578416 -0.237131 0.492188 0.398438 16
0 0.444940 -0.748441 0.072958 0.492188 0.398438 16
0 0.430562 0.230748 -0.110598 0.492188 0.398438 15
0 0.569746 -0.585544 0.383001 0.492188 0.398438 16
0 -1.570373 -1.287778 -0.052288 0.492188 0.398438 13
0 -1.762378 -1.212202 -0.441719 0.492188 0.398438 13
0 -1.894411 -1.050700 -0.074856 0.492188 0.398438 13
0 -1.505731 -1.540913 -0.441721 0.492188 0.398438 13
0 -1.380926 -1.707934 -0.074764 0.492188 0.398438 13
0 -0.956391 -1.232448 -0.327940 0.492188 0.398438 13
0 -0.076385 -0.402491 0.346151 0.492188 0.398438 13
0 -0.067893 -0.395929 -0.163935 0.492188 0.398438 13
0 -1.769708 -1.217825 0.292050 0.492188 0.398438 13
0 -1.512967 -1.546440 0.292096 0.492188 0.398438 13
0 -1.116359 -0.552893 -0.327974 0.492188 0.398438 13
0 -0.368958 -0.028017 0.346117 0.492188 0.398438 13
0 -1.126802 -0.560971 0.267607 0.492188 0.398438 13
0 -0.360465 -0.021452 -0.163968 0.492188 0.398438 13
0 -0.966835 -1.240527 0.267642 0.492188 0.398438 13
0 -0.385792 -0.091918 0.665280 0.492188 0.398438 1
0 -0.784198 -0.001609 -0.063871 0.492188 0.398438 1
0 -0.403384 -0.091918 -0.790008 0.492188 0.398438 1
0 -0.854262 -0.251520 0.072867 0.492188 0.398438 12
0 -0.733066 -0.417124 0.382956 0.492188 0.398438 12
0 -0.505912 0.092172 0.075096 0.492188 0.398438 12
0 -0.360749 -0.102532 0.443049 0.492188 0.398438 12
0 -0.352675 -0.096333 -0.290582 0.492188 0.398438 12
0 -0.722833 -0.409230 -0.237176 0.492188 0.398438 12
0 -0.231441 -0.341823 0.397952 0.492188 0.398438 12
0 -0.940135 1.529809 0.261987 0.492188 0.398438 8
0 -0.934391 1.321094 0.257990 0.492188 0.398438 8
0 -0.927109 1.539869 -0.547153 0.492188 0.398438 8
0 -0.432798 0.055630 0.095620 0.492188 0.398438 11
0 -0.919271 1.338376 -0.547124 0.492188 0.398438 8
0 -0.223371 -0.335626 -0.245381 0.492188 0.398438 12
0 -0.525815 -0.661390 -0.237130 0.492188 0.398438 12
0 -0.087799 -0.518013 0.075216 0.492188 0.398438 12
0 -0.404619 -0.826995 0.072959 0.492188 0.398438 12
0 -0.366136 0.215078 -0.110598 0.492188 0.398438 11
0 -0.536045 -0.669283 0.383002 0.492188 0.398438 12
127
-0.722525 0.601768 0.340342
0.477401 0.794193 0.375960
-0.385413 0.886815 0.254984
-0.617579 0.568784 0.543213
-0.575568 0.622314 0.530515
-0.774396 -0.002982 0.632695
0.149452 0.851853 0.502007
0.000000 0.034107 0.999418
-0.000054 0.920036 -0.391835
0.798454 -0.344135 -0.494007
0.433966 -0.884944 -0.168960
0.332225 -0.073377 -0.940341
0.617560 0.568160 0.543888
0.774396 -0.002983 0.632694
-0.867647 -0.357057 0.345974
0.873342 -0.362492 0.325381
-0.433279 -0.884967 -0.170597
-0.798454 -0.344134 -0.494007
-0.332227 -0.073377 -0.940341
0.000000 0.841048 -0.540960
-0.478755 0.793650 0.375384
-0.000000 0.837534 -0.546385
-0.971390 0.192940 -0.138476
-0.867588 0.237498 -0.436905
0.867550 0.237205 -0.437140
0.012435 0.642099 -0.766521
0.384861 0.887064 0.254951
-0.012813 0.642581 -0.766110
-0.650002 0.488919 0.581769
0.994693 0.102218 -0.011755
-0.427473 0.895328 0.125120
0.059529 -0.840854 0.537979
0.077380 -0.840700 0.535944
0.722294 0.600917 0.342331
-0.522182 -0.558200 0.644778
0.000000 -0.514462 0.857513
0.486550 -0.537512 0.688731
0.895526 -0.443264 -0.039371
0.514683 -0.310038 -0.799361
-0.858844 -0.474572 -0.192790
-0.422856 -0.291563 -0.858012
-0.001220 -0.136614 -0.990624
-0.464416 0.873071 0.148545
-0.175601 0.251323 0.951841
0.001781 -0.412030 0.911169
-0.114998 -0.576820 -0.808736
0.232261 0.962178 -0.142363
-0.742277 0.667930 -0.053807
0.178824 0.240278 0.954090
0.797797 0.547830 0.251798
-0.228493 0.965194 -0.127245
0.568573 0.635374 -0.522517
-0.283319 -0.441782 -0.851210
-0.124631 -0.691465 0.711578
0.119829 -0.675519 0.727540
-0.717047 0.670808 -0.189368
-0.804469 0.593678 0.019371
-0.632611 0.774312 0.015649
-0.857155 0.482559 -0.180059
-0.921671 0.387697 0.014597
-0.030851 0.320254 0.946829
0.565291 0.472954 0.675840
-0.424265 -0.714321 -0.556547
-0.704208 0.671178 0.231542
-0.853064 0.472636 0.221126
-0.494966 -0.018701 0.868711
-0.388607 -0.804748 0.448739
-0.303812 -0.346271 -0.887578
0.418352 0.732233 -0.537416
0.416651 0.555395 -0.719679
0.557184 -0.188799 0.808642
0.645179 0.733221 0.214784
0.231327 0.875857 -0.423512
-0.467596 0.560142 0.683809
-0.811005 -0.384244 0.441167
-0.345701 -0.932929 -0.100669
0.098926 -0.231955 -0.967683
-0.715863 -0.142315 0.683584
-0.193264 0.317522 0.928347
0.926396 -0.027959 0.375511
0.998099 -0.056304 0.025068
0.954333 0.254015 0.157240
0.874774 -0.481507 -0.054042
0.712786 -0.682107 -0.163301
0.418625 -0.778849 0.467063
0.490510 -0.025457 0.871063
0.855973 -0.272219 -0.439553
0.145908 -0.337203 -0.930056
0.351440 -0.928278 0.121617
0.543244 -0.783669 -0.301246
0.140007 0.099083 -0.985180
0.780494 0.624828 0.020466
0.683336 0.701983 -0.200680
0.589645 0.807495 0.016446
0.839595 0.508471 -0.191147
0.911816 0.410308 0.015461
-0.572319 0.459303 0.679332
0.187651 0.463046 0.866242
0.600648 -0.572880 -0.557701
0.669371 0.701364 0.245013
0.835194 0.497485 0.234434
0.445617 -0.773097 0.451383
0.435430 -0.056954 0.898419
0.317735 -0.333329 -0.887658
-0.447807 0.720682 -0.529231
-0.441391 0.536388 -0.719348
-0.526698 -0.106414 0.843365
-0.554338 0.809218 0.194617
-0.205296 0.887696 -0.412128
0.289737 0.502219 0.814757
0.788541 -0.420667 0.448600
0.609625 -0.681745 -0.404452
0.106135 -0.348948 -0.931113
0.710088 -0.142725 0.689496
0.135937 0.289404 0.947505
-0.860665 0.145617 -0.487905
-0.903152 -0.029415 0.428312
-0.950543 -0.174744 0.256772
-0.210207 -0.636363 -0.742196
-0.052920 -0.812547 -0.580489
-0.444083 -0.175729 0.878584
-0.385212 0.136757 0.912638
-0.510703 0.730448 -0.453463
-0.997230 0.065535 0.035191
-0.049033 -0.371167 -0.927270
-0.507183 -0.798117 -0.325230
-0.091543 0.132416 -0.986958
212
0 0 1 2 0 1 2 1
0 3 4 5 3 4 5 1
0 6 7 8 6 7 8 1
0 9 10 11 9 10 11 1
0 6 12 13 6 12 13 1
0 8 14 6 8 14 6 1
0 15 8 4 15 8 4 1
0 16 17 18 16 17 18 1
0 19 20 21 19 20 21 1
0 7 4 8 7 4 8 1
0 22 23 17 22 23 17 1
0 11 24 9 11 24 9 1
0 25 20 26 25 20 26 1
0 1 27 2 1 27 2 1
0 21 25 11 21 25 11 1
0 27 21 18 27 21 18 1
0 26 28 29 26 28 29 1
0 2 30 3 2 30 3 1
0 10 29 31 10 29 31 1
0 24 26 29 24 26 29 1
0 24 25 26 24 25 26 1
0 24 11 25 24 11 25 1
0 27 23 2 27 23 2 1
0 23 18 17 23 18 17 1
0 23 27 18 23 27 18 1
0 24 29 9 24 29 9 1
0 29 10 9 29 10 9 1
0 22 16 32 22 16 32 1
0 16 22 17 16 22 17 1
0 20 25 21 20 25 21 1
0 27 1 21 27 1 21 1
0 20 33 26 20 33 26 1
0 20 19 33 20 19 33 1
0 1 19 21 1 19 21 1
0 1 0 19 1 0 19 1
0 12 26 33 12 26 33 1
0 2 3 0 2 3 0 1
0 34 7 35 34 7 35 1
0 36 7 13 36 7 13 1
0 33 37 12 33 37 12 1
0 37 13 12 37 13 12 1
0 13 37 36 13 37 36 1
0 19 38 33 19 38 33 1
0 0 39 40 0 39 40 1
0 7 34 5 7 34 5 1
0 5 39 3 5 39 3 1
0 39 0 3 39 0 3 1
0 19 40 41 19 40 41 1
0 38 19 41 38 19 41 1
0 40 19 0 40 19 0 1
0 7 36 35 7 36 35 1
0 37 33 38 37 33 38 1
0 39 5 34 39 5 34 1
0 22 2 23 22 2 23 1
0 28 26 12 28 26 12 1
0 2 22 30 2 22 30 1
0 4 3 30 4 3 30 1
0 12 6 28 12 6 28 1
0 4 7 5 4 7 5 1
0 7 6 13 7 6 13 1
0 42 34 43 42 34 43 1
0 44 34 35 44 34 35 1
0 45 41 40 45 41 40 1
0 43 46 42 43 46 42 1
0 44 46 43 44 46 43 1
0 45 39 47 45 39 47 1
0 45 40 39 45 40 39 1
0 48 36 49 48 36 49 1
0 44 36 48 44 36 48 1
0 50 48 49 50 48 49 1
0 38 51 37 38 51 37 1
0 38 52 51 38 52 51 1
0 49 37 51 49 37 51 1
0 49 36 37 49 36 37 1
0 34 47 39 34 47 39 1
0 34 42 47 34 42 47 1
0 41 52 38 41 52 38 1
0 41 53 54 41 53 54 1
0 41 45 53 41 45 53 1
0 52 41 54 52 41 54 1
0 50 44 48 50 44 48 1
0 44 50 46 44 50 46 1
0 34 44 43 34 44 43 1
0 36 44 35 36 44 35 1
0 55 56 57 55 56 57 1
0 58 56 55 58 56 55 1
0 59 56 58 59 56 58 1
0 60 61 62 60 61 62 1
0 63 56 64 63 56 64 1
0 57 56 63 57 56 63 1
0 64 56 59 64 56 59 1
0 65 66 67 65 66 67 1
0 68 61 66 68 61 66 1
0 60 67 69 60 67 69 1
0 67 60 65 67 60 65 1
0 61 68 62 61 68 62 1
0 61 60 69 61 60 69 1
0 66 65 68 66 65 68 1
0 70 53 45 70 53 45 1
0 71 45 47 71 45 47 1
0 72 47 42 72 47 42 1
0 47 72 71 47 72 71 1
0 45 71 70 45 71 70 1
0 46 72 42 46 72 42 1
0 73 65 74 73 65 74 1
0 73 68 65 73 68 65 1
0 75 74 76 75 74 76 1
0 75 73 74 75 73 74 1
0 77 73 75 77 73 75 1
0 77 78 73 77 78 73 1
0 79 80 81 79 80 81 1
0 79 76 80 79 76 80 1
0 81 30 22 81 30 22 1
0 82 75 83 82 75 83 1
0 82 77 75 82 77 75 1
0 84 77 82 84 77 82 1
0 84 85 77 84 85 77 1
0 86 87 85 86 87 85 1
0 86 88 87 86 88 87 1
0 86 4 30 86 4 30 1
0 86 84 4 86 84 4 1
0 83 76 79 83 76 79 1
0 83 75 76 83 75 76 1
0 82 89 15 82 89 15 1
0 88 62 87 88 62 87 1
0 88 60 62 88 60 62 1
0 84 86 85 84 86 85 1
0 79 22 32 79 22 32 1
0 76 90 80 76 90 80 1
0 76 74 90 76 74 90 1
0 84 15 4 84 15 4 1
0 86 81 80 86 81 80 1
0 87 68 78 87 68 78 1
0 87 62 68 87 62 68 1
0 85 78 77 85 78 77 1
0 85 87 78 85 87 78 1
0 74 60 90 74 60 90 1
0 74 65 60 74 65 60 1
0 83 32 89 83 32 89 1
0 80 88 86 80 88 86 1
0 80 90 88 80 90 88 1
0 22 79 81 22 79 81 1
0 32 83 79 32 83 79 1
0 89 82 83 89 82 83 1
0 15 84 82 15 84 82 1
0 81 86 30 81 86 30 1
0 68 73 78 68 73 78 1
0 60 88 90 60 88 90 1
0 91 92 93 91 92 93 1
0 91 94 92 91 94 92 1
0 91 95 94 91 95 94 1
0 96 97 98 96 97 98 1
0 91 99 100 91 99 100 1
0 91 93 99 91 93 99 1
0 91 100 95 91 100 95 1
0 101 102 103 101 102 103 1
0 96 104 101 96 104 101 1
0 103 97 105 103 97 105 1
0 97 103 102 97 103 102 1
0 104 96 98 104 96 98 1
0 97 96 105 97 96 105 1
0 102 101 104 102 101 104 1
0 54 106 52 54 106 52 1
0 52 107 51 52 107 51 1
0 51 108 49 51 108 49 1
0 108 51 107 108 51 107 1
0 107 52 106 107 52 106 1
0 108 50 49 108 50 49 1
0 102 109 110 102 109 110 1
0 104 109 102 104 109 102 1
0 110 111 112 110 111 112 1
0 109 111 110 109 111 110 1
0 109 113 111 109 113 111 1
0 114 113 109 114 113 109 1
0 115 116 117 115 116 117 1
0 112 116 115 112 116 115 1
0 28 117 29 28 117 29 1
0 111 118 119 111 118 119 1
0 113 118 111 113 118 111 1
0 113 120 118 113 120 118 1
0 121 120 113 121 120 113 1
0 122 123 121 122 123 121 1
0 124 123 122 124 123 122 1
0 6 123 28 6 123 28 1
0 120 123 6 120 123 6 1
0 112 119 116 112 119 116 1
0 111 119 112 111 119 112 1
0 125 118 14 125 118 14 1
0 98 124 122 98 124 122 1
0 97 124 98 97 124 98 1
0 123 120 121 123 120 121 1
0 29 116 31 29 116 31 1
0 126 112 115 126 112 115 1
0 110 112 126 110 112 126 1
0 14 120 6 14 120 6 1
0 117 123 115 117 123 115 1
0 104 122 114 104 122 114 1
0 98 122 104 98 122 104 1
0 114 121 113 114 121 113 1
0 122 121 114 122 121 114 1
0 97 110 126 97 110 126 1
0 102 110 97 102 110 97 1
0 31 119 125 31 119 125 1
0 124 115 123 124 115 123 1
0 126 115 124 126 115 124 1
0 116 29 117 116 29 117 1
0 119 31 116 119 31 116 1
0 118 125 119 118 125 119 1
0 120 14 118 120 14 118 1
0 123 117 28 123 117 28 1
0 109 104 114 109 104 114 1
0 124 97 126 124 97 126 1
"Mesh2" 0 0
7
0 0.644251 -0.280868 0.452840 0.351563 0.656250 1
0 -0.526572 -0.280869 0.452840 0.351563 0.656250 4
0 0.024300 -1.307945 -0.449701 0.351563 0.656250 0
0 -0.568981 -0.280869 -1.037223 0.351563 0.656250 4
0 0.686660 -0.280868 -1.037223 0.351563 0.656250 1
0 -0.624733 -0.190557 -0.318525 0.351563 0.656250 4
0 0.742411 -0.190556 -0.318525 0.351563 0.656250 1
7
0.502482 -0.721684 0.476112
-0.519824 -0.704018 0.483882
-0.014365 -0.999868 -0.007636
-0.546426 -0.630789 -0.550930
0.528546 -0.651901 -0.543750
-0.863297 -0.504164 0.023159
0.839808 -0.542403 0.022866
6
0 0 1 2 0 1 2 1
0 2 3 4 2 3 4 1
0 2 5 3 2 5 3 1
0 6 2 4 6 2 4 1
0 2 6 0 2 6 0 1
0 5 2 1 5 2 1 1
"Mesh3" 0 0
70
0 0.024300 1.406582 0.418810 0.476563 0.156250 8
0 -0.424813 1.916619 0.059360 0.476563 0.156250 8
0 -0.247529 1.911606 0.024699 0.476563 0.156250 8
0 0.504440 1.909825 0.049500 0.476563 0.156250 8
0 0.296130 1.911606 0.024699 0.476563 0.156250 8
0 -0.402860 2.182536 -0.379429 0.476563 0.156250 8
0 0.024300 0.693653 0.430774 0.476563 0.156250 8
0 -0.186122 1.123957 0.656281 0.476563 0.156250 8
0 0.451461 2.182536 -0.379429 0.476563 0.156250 8
0 0.246773 1.115529 0.664708 0.476563 0.156250 8
0 1.439740 -1.284028 -0.178820 0.476563 0.156250 17
0 0.062873 -0.215325 0.580366 0.476563 0.156250 18
0 0.062873 -0.215325 0.357308 0.476563 0.156250 18
0 1.439740 -1.284028 0.263314 0.476563 0.156250 17
0 0.040292 0.423500 0.230380 0.476563 0.156250 18
0 0.267198 -0.043308 0.580366 0.476563 0.156250 18
0 0.734523 -0.064589 -0.311864 0.476563 0.156250 18
0 0.608358 -0.407312 -0.267252 0.476563 0.156250 18
0 0.739582 -0.336803 -0.267252 0.476563 0.156250 18
0 0.580772 -0.166380 -0.311864 0.476563 0.156250 18
0 0.599983 0.195385 -0.356474 0.476563 0.156250 18
0 0.085607 0.486420 -0.000448 0.476563 0.156250 18
0 0.040292 0.423500 -0.211755 0.476563 0.156250 18
0 0.608358 -0.407312 0.357308 0.476563 0.156250 18
0 0.739582 -0.336803 0.357308 0.476563 0.156250 18
0 0.446235 0.093596 -0.356475 0.476563 0.156250 18
0 1.485485 -0.995336 0.076174 0.476563 0.156250 17
0 0.378467 -0.447281 0.580366 0.476563 0.156250 18
0 0.454332 -0.341941 0.357308 0.476563 0.156250 18
0 0.378467 -0.447281 0.357308 0.476563 0.156250 18
0 0.454332 -0.341941 0.580365 0.476563 0.156250 18
0 0.599983 0.195385 0.446532 0.476563 0.156250 18
0 0.446235 0.093595 0.446532 0.476563 0.156250 18
0 0.267196 -0.043308 0.357308 0.476563 0.156250 18
0 0.734522 -0.064591 0.401920 0.476563 0.156250 18
0 0.580772 -0.166380 0.401920 0.476563 0.156250 18
0 0.305640 0.524644 0.135599 0.476563 0.156250 10
0 0.172657 0.524644 0.481585 0.476563 0.156250 10
0 -0.247529 2.047069 -0.749881 0.476563 0.156250 8
0 0.172656 0.524644 -0.181554 0.476563 0.156250 10
0 -0.226294 0.524644 -0.181554 0.476563 0.156250 10
0 0.296130 2.047069 -0.749881 0.476563 0.156250 8
0 -0.359277 0.524644 0.135599 0.476563 0.156250 10
0 -0.226294 0.524644 0.481585 0.476563 0.156250 10
0 -0.000010 -0.430253 0.580365 0.476563 0.156250 14
0 0.272811 -0.102578 -0.211756 0.476563 0.156250 14
0 -0.000010 -0.430251 0.357307 0.476563 0.156250 14
0 0.272810 -0.102577 0.230378 0.476563 0.156250 14
0 -0.214588 -0.268413 0.580365 0.476563 0.156250 14
0 0.019658 0.221439 0.230379 0.476563 0.156250 14
0 -0.541517 -0.414008 -0.311865 0.476563 0.156250 14
0 -0.706427 -0.597770 -0.267253 0.476563 0.156250 14
0 -0.568868 -0.661036 -0.267253 0.476563 0.156250 14
0 -0.702815 -0.320369 -0.311865 0.476563 0.156250 14
0 -0.028079 0.282544 -0.000448 0.476563 0.156250 14
0 -0.563823 -0.047035 -0.356474 0.476563 0.156250 14
0 0.019658 0.221439 -0.211756 0.476563 0.156250 14
0 -0.706427 -0.597770 0.357308 0.476563 0.156250 14
0 -0.568868 -0.661036 0.357307 0.476563 0.156250 14
0 -0.402522 -0.140671 -0.356475 0.476563 0.156250 14
0 -1.706760 -1.138581 0.076173 0.476563 0.156250 13
0 -0.408307 -0.584508 0.580364 0.476563 0.156250 14
0 -0.328391 -0.686810 0.357307 0.476563 0.156250 14
0 -0.408307 -0.584508 0.357307 0.476563 0.156250 14
0 -0.328390 -0.686810 0.580365 0.476563 0.156250 14
0 -0.402522 -0.140671 0.446531 0.476563 0.156250 14
0 -0.563823 -0.047035 0.446531 0.476563 0.156250 14
0 -0.214588 -0.268413 0.357307 0.476563 0.156250 14
0 -0.702811 -0.320368 0.401919 0.476563 0.156250 14
0 -0.541517 -0.414008 0.401918 0.476563 0.156250 14
70
-0.016228 -0.520654 -0.853613
-0.119211 -0.715162 -0.688718
-0.547527 -0.778571 -0.306663
0.065050 -0.708500 -0.702707
0.799757 -0.559153 0.218487
-0.966415 -0.255770 -0.024958
-0.005155 -0.016778 -0.999846
-0.453647 -0.350649 -0.819298
0.886290 -0.376080 -0.270285
0.442537 -0.356809 -0.822708
0.024181 -0.630674 -0.775671
0.612638 0.017106 -0.790179
-0.195497 0.223953 0.954791
0.670535 -0.049179 0.740246
0.832024 -0.351567 -0.429112
-0.446377 -0.001518 -0.894844
-0.714836 -0.113019 0.690099
0.135147 0.553733 0.821654
-0.818854 0.508857 0.265598
0.635156 0.271143 0.723227
-0.391176 -0.515849 0.762156
0.238597 -0.971115 0.002575
0.871341 0.247247 0.423832
0.371177 0.845486 -0.383903
-0.588213 0.419893 -0.691155
0.155671 0.718560 0.677818
0.861121 0.507861 0.023410
-0.344307 0.659614 -0.668103
-0.762017 0.196749 0.616944
0.152767 0.899397 0.409570
-0.914580 -0.174284 -0.364923
-0.547497 -0.666962 -0.505381
0.063148 0.147557 -0.987036
-0.979322 -0.187149 -0.076841
-0.729877 -0.019674 -0.683296
0.601510 0.359927 -0.713189
0.990632 -0.045027 0.128919
0.567396 0.211632 0.795785
-0.552418 -0.295658 -0.779372
0.548513 -0.326573 -0.769730
-0.542085 -0.300512 -0.784752
0.561446 -0.328986 -0.759306
-0.988836 -0.071188 -0.130902
-0.543842 0.250471 0.800937
-0.617759 0.254732 -0.743966
-0.455540 0.815559 0.356857
-0.420738 0.791479 0.443328
-0.767768 -0.606942 0.205315
0.580107 -0.357229 -0.732027
-0.381035 -0.608079 -0.696457
-0.609308 0.352559 0.710243
0.565405 0.435248 0.700626
-0.406522 0.834595 0.371741
0.725853 -0.016939 0.687642
-0.054899 -0.998490 0.001695
0.584058 -0.624434 0.518612
-0.540689 -0.479367 0.691276
0.799702 0.535833 -0.270848
-0.168512 0.555833 -0.814035
-0.131666 0.454262 0.881085
-0.904472 0.426086 -0.019534
0.753082 0.219744 -0.620145
0.320153 0.673086 0.666677
0.916495 -0.157858 0.367584
-0.180967 0.894751 -0.408254
-0.137431 0.447540 -0.883641
0.438923 -0.661758 -0.607802
0.515855 0.599851 0.611614
0.615944 -0.068868 -0.784774
-0.777207 0.276615 -0.565185
117
0 0 1 2 0 1 2 1
0 3 0 4 3 0 4 1
0 1 5 2 1 5 2 1
0 6 7 0 6 7 0 1
0 8 3 4 8 3 4 1
0 4 0 2 4 0 2 1
0 9 6 0 9 6 0 1
0 1 0 7 1 0 7 1
0 0 3 9 0 3 9 1
0 10 11 12 10 11 12 1
0 10 13 11 10 13 11 1
0 14 15 11 14 15 11 1
0 16 17 18 16 17 18 1
0 16 19 17 16 19 17 1
0 20 21 22 20 21 22 1
0 23 18 17 23 18 17 1
0 23 24 18 23 24 18 1
0 19 20 25 19 20 25 1
0 19 16 20 19 16 20 1
0 26 21 14 26 21 14 1
0 27 28 29 27 28 29 1
0 27 30 28 27 30 28 1
0 31 32 14 31 32 14 1
0 26 13 10 26 13 10 1
0 26 10 22 26 10 22 1
0 26 14 13 26 14 13 1
0 33 10 12 33 10 12 1
0 12 28 33 12 28 33 1
0 12 29 28 12 29 28 1
0 16 31 20 16 31 20 1
0 16 34 31 16 34 31 1
0 33 30 15 33 30 15 1
0 33 28 30 33 28 30 1
0 35 24 23 35 24 23 1
0 35 34 24 35 34 24 1
0 15 27 11 15 27 11 1
0 15 30 27 15 30 27 1
0 34 35 32 34 35 32 1
0 21 26 22 21 26 22 1
0 14 32 15 14 32 15 1
0 34 18 24 34 18 24 1
0 34 16 18 34 16 18 1
0 34 32 31 34 32 31 1
0 29 11 27 29 11 27 1
0 29 12 11 29 12 11 1
0 25 20 22 25 20 22 1
0 21 20 31 21 20 31 1
0 14 11 13 14 11 13 1
0 33 25 10 33 25 10 1
0 19 23 17 19 23 17 1
0 19 35 23 19 35 23 1
0 25 22 10 25 22 10 1
0 25 15 32 25 15 32 1
0 25 33 15 25 33 15 1
0 21 31 14 21 31 14 1
0 25 35 19 25 35 19 1
0 25 32 35 25 32 35 1
0 4 36 8 4 36 8 1
0 4 37 36 4 37 36 1
0 38 39 40 38 39 40 1
0 38 41 39 38 41 39 1
0 38 42 5 38 42 5 1
0 38 40 42 38 40 42 1
0 8 39 41 8 39 41 1
0 8 36 39 8 36 39 1
0 5 43 2 5 43 2 1
0 5 42 43 5 42 43 1
0 4 43 37 4 43 37 1
0 4 2 43 4 2 43 1
0 44 45 46 44 45 46 1
0 47 45 44 47 45 44 1
0 48 49 44 48 49 44 1
0 50 51 52 50 51 52 1
0 50 53 51 50 53 51 1
0 54 55 56 54 55 56 1
0 57 52 51 57 52 51 1
0 57 58 52 57 58 52 1
0 53 59 55 53 59 55 1
0 53 50 59 53 50 59 1
0 54 60 49 54 60 49 1
0 61 62 63 61 62 63 1
0 61 64 62 61 64 62 1
0 65 66 49 65 66 49 1
0 47 60 45 47 60 45 1
0 45 60 56 45 60 56 1
0 49 60 47 49 60 47 1
0 45 67 46 45 67 46 1
0 62 67 63 62 67 63 1
0 62 46 67 62 46 67 1
0 68 55 66 68 55 66 1
0 68 53 55 68 53 55 1
0 63 48 61 63 48 61 1
0 63 67 48 63 67 48 1
0 68 58 57 68 58 57 1
0 68 69 58 68 69 58 1
0 61 44 64 61 44 64 1
0 61 48 44 61 48 44 1
0 69 68 65 69 68 65 1
0 60 54 56 60 54 56 1
0 65 49 48 65 49 48 1
0 53 57 51 53 57 51 1
0 53 68 57 53 68 57 1
0 65 68 66 65 68 66 1
0 46 64 44 46 64 44 1
0 46 62 64 46 62 64 1
0 55 59 56 55 59 56 1
0 55 54 66 55 54 66 1
0 44 49 47 44 49 47 1
0 59 67 45 59 67 45 1
0 69 52 58 69 52 58 1
0 69 50 52 69 50 52 1
0 56 59 45 56 59 45 1
0 67 65 48 67 65 48 1
0 67 59 65 67 59 65 1
0 66 54 49 66 54 49 1
0 65 50 69 65 50 69 1
0 65 59 50 65 59 50 1
"Mesh5" 0 0
20
0 0.528529 1.841653 0.395580 0.929688 0.398438 10
0 -0.011030 1.978773 0.534345 0.929688 0.398438 10
0 0.488422 1.886880 0.010948 0.929688 0.398438 10
0 -0.567834 1.841653 0.395580 0.929688 0.398438 10
0 -0.912939 1.517409 -0.011532 0.929688 0.398438 10
0 -0.527725 1.886883 0.010948 0.929688 0.398438 10
0 0.873636 1.517409 -0.011532 0.929688 0.398438 10
0 0.493260 1.737348 -0.577371 0.929688 0.398438 10
0 -0.019651 1.937621 -1.109689 0.929688 0.398438 10
0 -0.019651 1.096746 -1.334779 0.929688 0.398438 10
0 -0.532563 1.737348 -0.577371 0.929688 0.398438 10
0 -0.463630 2.188960 -0.462298 0.929688 0.398438 10
0 0.424326 2.188960 -0.462298 0.929688 0.398438 10
0 -0.019651 2.396030 -0.738376 0.929688 0.398438 10
0 -0.019651 2.339704 -0.205529 0.929688 0.398438 10
0 -0.011030 2.035856 0.054173 0.929688 0.398438 10
0 0.559247 0.958123 -0.492608 0.929688 0.398438 10
0 -0.019651 1.410520 -0.814811 0.929688 0.398438 10
0 -0.019651 0.632031 -0.755472 0.929688 0.398438 10
0 -0.598551 0.958123 -0.492608 0.929688 0.398438 10
20
-0.494576 -0.867669 -0.050453
-0.004287 -0.994633 -0.103375
-0.703127 -0.692425 -0.161744
0.491201 -0.869550 -0.051031
0.660169 -0.567518 0.492038
0.763244 -0.590178 -0.262962
-0.660168 -0.567519 0.492038
-0.934190 0.314835 0.167835
-0.000001 -0.448116 0.893975
0.148500 0.987916 0.044387
0.941893 0.042543 0.333208
0.763908 -0.620537 0.177139
-0.763909 -0.620536 0.177138
-0.000001 -0.939936 0.341351
-0.001819 -0.879533 -0.475834
-0.005168 -0.880804 -0.473454
-0.546213 -0.107276 0.830749
-0.220413 0.277233 0.935179
-0.000001 0.076003 0.997108
0.546212 -0.107277 0.830749
30
0 0 1 2 0 1 2 1
0 3 4 5 3 4 5 1
0 1 3 5 1 3 5 1
0 6 0 2 6 0 2 1
0 7 8 9 7 8 9 1
0 10 8 11 10 8 11 1
0 8 12 13 8 12 13 1
0 13 11 8 13 11 8 1
0 14 5 11 14 5 11 1
0 14 2 15 14 2 15 1
0 5 15 1 5 15 1 1
0 16 17 18 16 17 18 1
0 7 17 2 7 17 2 1
0 17 19 18 17 19 18 1
0 5 14 15 5 14 15 1
0 2 14 12 2 14 12 1
0 11 13 14 11 13 14 1
0 13 12 14 13 12 14 1
0 5 10 11 5 10 11 1
0 7 2 12 7 2 12 1
0 2 1 15 2 1 15 1
0 5 9 10 5 9 10 1
0 5 17 9 5 17 9 1
0 4 17 5 4 17 5 1
0 17 6 2 17 6 2 1
0 17 7 9 17 7 9 1
0 6 17 16 6 17 16 1
0 17 4 19 17 4 19 1
0 8 7 12 8 7 12 1
0 8 10 9 8 10 9 1
"Mesh6" 0 1
24
0 0.834111 0.330115 0.023052 0.171875 0.109375 10
0 0.833257 0.577547 0.060019 0.171875 0.109375 10
0 0.775065 0.589286 0.023052 0.171875 0.109375 10
0 0.882573 0.361089 0.060019 0.171875 0.109375 10
0 0.756327 0.585015 0.440553 0.171875 0.109375 10
0 0.805758 0.662128 0.234367 0.171875 0.109375 10
0 0.817608 0.573984 0.408716 0.171875 0.109375 10
0 0.742139 0.690547 0.231803 0.171875 0.109375 10
0 0.893912 0.275186 0.234367 0.171875 0.109375 10
0 0.847688 0.227261 0.231803 0.171875 0.109375 10
0 0.866923 0.357517 0.408716 0.171875 0.109375 10
0 0.815373 0.325841 0.440553 0.171875 0.109375 10
0 -0.872562 0.577547 0.060019 0.171875 0.109375 10
0 -0.873414 0.330113 0.023052 0.171875 0.109375 10
0 -0.814369 0.589285 0.023052 0.171875 0.109375 10
0 -0.921877 0.361089 0.060019 0.171875 0.109375 10
0 -0.845062 0.662128 0.234367 0.171875 0.109375 10
0 -0.795631 0.585015 0.440553 0.171875 0.109375 10
0 -0.856911 0.573984 0.408716 0.171875 0.109375 10
0 -0.781444 0.690544 0.231803 0.171875 0.109375 10
0 -0.933216 0.275186 0.234367 0.171875 0.109375 10
0 -0.886991 0.227261 0.231803 0.171875 0.109375 10
0 -0.906226 0.357517 0.408716 0.171875 0.109375 10
0 -0.854676 0.325841 0.440553 0.171875 0.109375 10
24
-0.690252 0.287444 0.664024
-0.525541 -0.543063 0.654897
-0.525566 -0.543058 0.654880
-0.690251 0.287445 0.664025
-0.464256 -0.529106 -0.710290
-0.397120 -0.903483 -0.161288
-0.464267 -0.529098 -0.710290
-0.409155 -0.906216 0.106602
-0.718250 0.686783 0.111565
-0.705992 0.689584 -0.161397
-0.628255 0.301580 -0.717178
-0.628248 0.301586 -0.717183
0.525525 -0.543069 0.654904
0.690248 0.287447 0.664027
0.525555 -0.543064 0.654885
0.690247 0.287445 0.664029
0.397102 -0.903492 -0.161284
0.464253 -0.529111 -0.710289
0.464273 -0.529097 -0.710286
0.409128 -0.906228 0.106607
0.718245 0.686788 0.111563
0.705986 0.689590 -0.161398
0.628255 0.301582 -0.717178
0.628249 0.301586 -0.717182
24
0 0 1 2 0 1 2 1
0 3 1 0 3 1 0 1
0 4 5 6 4 5 6 1
0 7 5 4 7 5 4 1
0 7 1 5 7 1 5 1
0 2 1 7 2 1 7 1
0 0 8 3 0 8 3 1
0 9 8 0 9 8 0 1
0 4 10 11 4 10 11 1
0 6 10 4 6 10 4 1
0 9 10 8 9 10 8 1
0 11 10 9 11 10 9 1
0 12 13 14 12 13 14 1
0 12 15 13 12 15 13 1
0 16 17 18 16 17 18 1
0 16 19 17 16 19 17 1
0 12 19 16 12 19 16 1
0 12 14 19 12 14 19 1
0 20 13 15 20 13 15 1
0 20 21 13 20 21 13 1
0 22 17 23 22 17 23 1
0 22 18 17 22 18 17 1
0 22 21 20 22 21 20 1
0 22 23 21 22 23 21 1
"Mesh7" 0 1
70
0 0.451461 2.182536 -0.379429 0.307164 0.634957 8
0 0.517990 0.086260 -0.498926 0.025216 0.792884 15
0 0.430562 0.230748 -0.110598 0.064683 0.621442 15
0 -0.780450 1.558434 0.307597 0.863281 0.331675 8
0 -0.186122 1.123957 0.656281 0.595034 0.177745 8
0 -0.556784 0.955037 0.960663 0.762322 0.043326 8
0 0.024300 1.505923 -1.143532 0.500000 0.972299 8
0 -0.247529 2.047069 -0.749881 0.622714 0.798507 8
0 -0.453566 0.070589 -0.498926 0.974784 0.792884 11
0 0.024300 1.325304 -1.017099 0.500000 0.916480 8
0 0.296130 2.047069 -0.749881 0.377286 0.798507 8
0 -0.402860 2.182536 -0.379429 0.692836 0.634957 8
0 -0.366136 0.215078 -0.110598 0.935317 0.621442 11
0 -0.424813 1.916619 0.059360 0.702746 0.441239 8
0 -0.302762 0.070589 0.334122 0.906707 0.425105 11
0 0.829051 1.558434 0.307597 0.136707 0.331646 8
0 0.504440 1.909825 0.049500 0.283248 0.445592 8
0 0.367187 0.086260 0.334121 0.093293 0.425105 15
0 0.246773 1.115529 0.664708 0.342191 0.293550 8
0 0.024300 0.693653 0.430774 0.499031 0.040781 8
0 0.605385 0.955037 0.960663 0.237663 0.043355 8
0 0.024300 0.693653 0.430774 0.500969 0.040781 8
0 -0.656753 0.569749 -0.229520 0.264782 0.647387 10
0 -0.019651 0.306375 -0.409662 0.016400 0.687264 10
0 -0.019651 0.632031 -0.755472 0.983406 0.393189 10
0 -0.567834 1.841653 0.395580 0.788494 0.311683 10
0 -0.011030 1.978773 0.534345 0.983406 0.310291 10
0 -0.567064 1.569016 0.907862 0.823175 0.653781 10
0 0.528529 1.841653 0.395580 0.212928 0.311677 10
0 0.873636 1.517409 -0.011532 0.416000 0.318689 10
0 0.527760 1.569016 0.907862 0.178377 0.653801 10
0 0.683979 1.333264 0.597013 0.302398 0.625086 10
0 -0.912939 1.517409 -0.011532 0.585550 0.318689 10
0 -0.723283 1.333264 0.597014 0.699175 0.625094 10
0 -0.837306 0.970931 0.067716 0.468868 0.596476 10
0 -0.598551 0.958123 -0.492608 0.270629 0.360946 10
0 0.559247 0.958123 -0.492608 0.730921 0.360946 10
0 0.617449 0.569749 -0.229521 0.736768 0.647387 10
0 0.798002 0.970931 0.067716 0.532682 0.596477 10
0 -0.019650 1.644486 1.031642 0.016594 0.652347 10
0 -0.011030 1.978773 0.534345 0.016594 0.301853 10
0 -0.019650 1.644486 1.031642 0.983406 0.673441 10
0 0.811980 -1.029003 -0.327939 0.983406 0.432325 17
0 1.582845 -0.960010 -0.441718 0.627420 0.963176 17
0 0.961071 -0.351872 -0.327973 0.504038 0.183132 17
0 1.339243 -1.298479 -0.441720 0.983406 0.963311 17
0 1.220828 -1.470114 -0.074763 0.302412 0.967110 17
0 0.822014 -1.036302 0.267642 0.563162 0.443572 17
0 1.346198 -1.303468 0.292097 0.627422 0.971051 17
0 0.971104 -0.359170 0.267608 0.016594 0.194425 17
0 1.708210 -0.793358 -0.074855 0.302412 0.967110 17
0 1.589886 -0.965089 0.292051 0.016594 0.971031 17
0 0.971104 -0.359170 0.267608 0.983406 0.194425 17
0 1.589886 -0.965089 0.292051 0.983406 0.971031 17
0 0.811980 -1.029003 -0.327939 0.016594 0.432325 17
0 1.339243 -1.298479 -0.441720 0.016594 0.963311 17
0 -1.762378 -1.212202 -0.441719 0.627420 0.963176 13
0 -0.956391 -1.232448 -0.327940 0.983406 0.432325 13
0 -1.116359 -0.552893 -0.327974 0.504038 0.183132 13
0 -1.505731 -1.540913 -0.441721 0.983406 0.963311 13
0 -0.966835 -1.240527 0.267642 0.563162 0.443572 13
0 -1.380926 -1.707934 -0.074764 0.302412 0.967110 13
0 -1.512967 -1.546440 0.292096 0.627422 0.971051 13
0 -1.894411 -1.050700 -0.074856 0.302412 0.967110 13
0 -1.126802 -0.560971 0.267607 0.016594 0.194425 13
0 -1.769708 -1.217825 0.292050 0.016594 0.971031 13
0 -1.126802 -0.560971 0.267607 0.983406 0.194425 13
0 -1.769708 -1.217825 0.292050 0.983406 0.971031 13
0 -0.956391 -1.232448 -0.327940 0.016594 0.432325 13
0 -1.505731 -1.540913 -0.441721 0.016594 0.963311 13
70
-0.993377 -0.014051 0.114038
-0.819847 0.152068 0.552021
-0.997586 0.022447 -0.065715
0.230383 -0.879933 -0.415501
-0.299021 -0.478734 -0.825469
-0.473962 -0.386046 -0.791409
-0.005963 0.108111 0.994121
0.673363 -0.250703 0.695507
0.820554 0.158183 0.549244
-0.013986 0.573404 0.819153
-0.670115 -0.255243 0.696992
0.996195 -0.009698 0.086610
0.995502 0.021238 -0.092328
0.989641 -0.143438 0.005977
0.879596 0.126415 0.458618
-0.245514 -0.873146 -0.421116
-0.989812 -0.139111 0.030324
-0.889249 0.135138 0.437005
0.305937 -0.484068 -0.819806
0.653976 0.072687 -0.753015
0.477616 -0.387138 -0.788674
-0.653136 0.075479 -0.753470
0.675207 0.417489 0.608111
-0.000000 0.728003 0.685574
-0.000001 0.620626 0.784106
0.592441 -0.710801 -0.379179
0.275963 -0.824618 -0.493812
0.629183 -0.640549 -0.440256
-0.596295 -0.708284 -0.377845
-0.984177 -0.111688 -0.137555
-0.631229 -0.638075 -0.440920
-0.950829 -0.036932 -0.307507
0.984177 -0.111690 -0.137554
0.950829 -0.036934 -0.307506
0.974606 0.140011 0.174759
0.820995 0.245966 0.515236
-0.820995 0.245965 0.515236
-0.675207 0.417488 0.608111
-0.974606 0.140012 0.174759
-0.234245 -0.804947 -0.545151
-0.280966 -0.821597 -0.496021
0.233539 -0.808842 -0.539661
0.151953 -0.072145 0.985751
-0.098476 -0.310594 0.945428
-0.393345 -0.666813 0.632962
0.154864 -0.111464 0.981628
0.599341 0.800494 -0.000022
0.498159 0.601158 -0.624857
0.181355 0.280708 -0.942504
-0.576071 -0.776436 -0.255519
-0.611516 -0.791232 0.000738
-0.600097 -0.632587 -0.489609
0.032483 -0.013015 -0.999388
0.023078 -0.016756 -0.999593
0.631695 0.731991 0.255246
0.477848 0.726406 0.493959
0.112988 -0.304428 0.945811
-0.141190 -0.071869 0.987370
0.416653 -0.652273 0.633198
-0.141648 -0.110600 0.983719
-0.513996 0.588153 -0.624407
-0.622409 0.782692 -0.000049
-0.190558 0.274595 -0.942489
0.633463 -0.773773 0.000577
0.598486 -0.759198 -0.255800
0.613614 -0.618834 -0.490432
-0.030281 -0.012971 -0.999457
-0.021056 -0.016590 -0.999641
-0.649865 0.716000 0.254990
-0.501259 0.710513 0.493872
59
0 0 1 2 0 1 2 1
0 3 4 5 3 4 5 1
0 6 7 8 6 7 8 1
0 9 1 6 9 1 6 1
0 8 9 6 8 9 6 1
0 10 7 6 10 7 6 1
0 8 11 12 8 11 12 1
0 10 6 1 10 6 1 1
0 12 13 14 12 13 14 1
0 15 16 17 15 16 17 1
0 13 3 14 13 3 14 1
0 11 13 12 11 13 12 1
0 16 2 17 16 2 17 1
0 16 0 2 16 0 2 1
0 4 3 13 4 3 13 1
0 15 18 16 15 18 16 1
0 19 18 20 19 18 20 1
0 4 21 5 4 21 5 1
0 18 15 20 18 15 20 1
0 1 0 10 1 0 10 1
0 11 8 7 11 8 7 1
0 22 23 24 22 23 24 1
0 25 26 27 25 26 27 1
0 28 29 30 28 29 30 1
0 31 30 29 31 30 29 1
0 32 25 27 32 25 27 1
0 33 34 32 33 34 32 1
0 27 33 32 27 33 32 1
0 24 35 22 24 35 22 1
0 36 24 37 36 24 37 1
0 29 36 38 29 36 38 1
0 38 31 29 38 31 29 1
0 39 40 30 39 40 30 1
0 35 32 34 35 32 34 1
0 22 35 34 22 35 34 1
0 40 28 30 40 28 30 1
0 36 37 38 36 37 38 1
0 37 24 23 37 24 23 1
0 26 41 27 26 41 27 1
0 42 43 44 42 43 44 1
0 42 45 43 42 45 43 1
0 46 47 48 46 47 48 1
0 49 50 51 49 50 51 1
0 52 48 47 52 48 47 1
0 52 53 48 52 53 48 1
0 50 44 43 50 44 43 1
0 50 49 44 50 49 44 1
0 54 46 55 54 46 55 1
0 46 54 47 46 54 47 1
0 56 57 58 56 57 58 1
0 59 57 56 59 57 56 1
0 60 61 62 60 61 62 1
0 63 64 65 63 64 65 1
0 62 66 60 62 66 60 1
0 67 66 62 67 66 62 1
0 58 63 56 58 63 56 1
0 64 63 58 64 63 58 1
0 61 68 69 61 68 69 1
0 68 61 60 68 61 60 1
"Mesh8" 0 2
46
0 0.555172 0.214416 1.075384 0.298356 0.375786 6
0 0.409306 0.310253 -0.355963 0.979580 0.384980 6
0 0.587334 0.006032 0.326255 0.687777 0.583204 6
0 0.244453 -0.635579 -0.209610 0.961325 0.979657 6
0 -0.362791 -3.160234 -0.671998 0.856675 0.035968 5
0 -0.317091 0.310253 -0.355963 0.979580 0.384980 6
0 -0.431803 0.214416 1.075385 0.298356 0.375786 6
0 0.239673 0.696864 0.576383 0.522441 0.035968 6
0 -0.152237 -0.635579 -0.209610 0.961325 0.979657 6
0 -0.360303 0.006032 0.326255 0.687777 0.583204 6
0 0.264762 -3.160234 -0.671998 0.856675 0.035968 5
0 -0.403471 0.696865 0.576383 0.522441 0.035968 6
0 0.428336 -0.626034 0.337287 0.687777 0.979657 6
0 -0.325375 -0.626034 0.337287 0.687777 0.979657 6
0 -0.420167 -0.614771 0.982515 0.264497 0.979657 6
0 0.545874 -0.614771 0.982515 0.264497 0.979657 6
0 -0.170896 -0.601790 1.726246 0.025164 0.979657 6
0 0.314568 0.120750 1.723903 0.020420 0.526570 6
0 0.293998 -0.601790 1.726246 0.025164 0.979657 6
0 -0.213770 0.120750 1.723903 0.020420 0.526570 6
0 0.239673 0.696864 0.576383 0.689558 0.035968 6
0 -0.317091 0.310253 -0.355963 0.856675 0.035968 6
0 -0.362791 -3.160234 -0.671998 0.689558 0.035968 5
0 -0.350190 0.267259 -0.355212 0.979580 0.384980 3
0 -0.496056 0.171424 1.076136 0.298356 0.375786 3
0 -0.528218 -0.036959 0.327006 0.687777 0.583204 3
0 -0.185337 -0.678573 -0.208860 0.961325 0.979657 3
0 0.145910 -3.160233 -0.671998 0.856675 0.035968 2
0 0.376207 0.267259 -0.355212 0.979580 0.384980 3
0 -0.443362 0.696869 0.576383 0.522441 0.035968 3
0 0.490920 0.171424 1.076136 0.298356 0.375786 3
0 0.211353 -0.678572 -0.208859 0.961325 0.979657 3
0 0.529102 -0.036959 0.327005 0.687777 0.583204 3
0 -0.481643 -3.160233 -0.671998 0.856675 0.035968 2
0 0.199782 0.696869 0.576383 0.522441 0.035968 3
0 0.384491 -0.669026 0.338038 0.687777 0.979657 3
0 -0.369220 -0.669026 0.338038 0.687777 0.979657 3
0 -0.486758 -0.657768 0.983266 0.264497 0.979657 3
0 0.479283 -0.657768 0.983266 0.264497 0.979657 3
0 0.272885 0.077757 1.724654 0.020420 0.526570 3
0 -0.234882 -0.644783 1.726997 0.025164 0.979657 3
0 -0.255452 0.077757 1.724655 0.020420 0.526570 3
0 0.230013 -0.644783 1.726997 0.025164 0.979657 3
0 -0.443362 0.696869 0.576383 0.689558 0.035968 3
0 0.376207 0.267259 -0.355212 0.856675 0.035968 3
0 0.145910 -3.160233 -0.671998 0.689558 0.035968 2
44
-0.802219 -0.547338 -0.238466
-0.955215 -0.225420 -0.191702
-0.898674 0.362168 0.247425
-0.438213 0.655862 0.614666
0.000000 0.090688 -0.995879
0.898166 0.199629 0.391722
0.726616 -0.608345 -0.319289
-0.000001 -0.718930 -0.695082
0.693961 0.506281 0.511955
0.955736 0.241491 -0.168080
0.776155 0.025048 -0.630044
0.001770 -0.684213 -0.729280
-0.403410 0.526000 -0.748722
0.402042 0.861507 -0.310109
0.620975 0.764597 0.172572
-0.845972 0.533098 -0.011736
0.346742 0.384133 -0.855694
-0.472840 -0.479329 -0.739368
-0.362382 0.774128 -0.519042
0.690793 -0.324237 -0.646279
0.185429 -0.895319 0.404995
-0.994594 0.022332 -0.101407
0.963138 0.188919 0.191508
0.860637 -0.447557 -0.242892
0.965763 0.198085 -0.167524
0.629511 0.547884 0.550944
-0.000000 0.092033 -0.995756
-0.982338 -0.126673 0.137720
-0.000000 -0.689170 -0.724600
-0.636816 -0.692123 -0.339752
-0.446899 0.655915 0.608323
-0.902938 0.363724 0.228928
-0.660619 0.094174 -0.744791
0.061559 -0.934745 -0.349947
-0.406658 0.516522 -0.753548
0.367122 0.883740 -0.290217
0.625318 0.768333 0.136535
-0.842497 0.538678 -0.004945
-0.545315 -0.256887 -0.797898
0.347924 0.374596 -0.859434
0.568710 -0.575537 -0.587645
-0.359376 0.779020 -0.513787
0.070428 0.908497 -0.411914
0.970917 -0.085892 0.223481
68
0 0 1 2 0 1 2 1
0 2 1 3 2 1 3 1
0 1 4 5 1 4 5 1
0 6 7 0 6 7 0 1
0 3 5 8 3 5 8 1
0 3 1 5 3 1 5 1
0 5 9 8 5 9 8 1
0 4 1 10 4 1 10 1
0 7 6 11 7 6 11 1
0 9 12 13 9 12 13 1
0 9 2 12 9 2 12 1
0 2 14 15 2 14 15 1
0 2 9 14 2 9 14 1
0 0 2 15 0 2 15 1
0 16 17 18 16 17 18 1
0 16 19 17 16 19 17 1
0 14 9 6 14 9 6 1
0 2 3 12 2 3 12 1
0 13 3 8 13 3 8 1
0 13 12 3 13 12 3 1
0 17 15 18 17 15 18 1
0 15 17 0 15 17 0 1
0 6 17 19 6 17 19 1
0 14 19 16 14 19 16 1
0 8 9 13 8 9 13 1
0 14 18 15 14 18 15 1
0 14 16 18 14 16 18 1
0 19 14 6 19 14 6 1
0 17 6 0 17 6 0 1
0 5 6 9 5 6 9 1
0 1 20 10 1 20 10 1
0 11 21 22 11 21 21 1
0 20 1 0 20 1 0 1
0 5 11 6 5 11 6 1
0 23 24 25 22 23 24 1
0 23 25 26 22 24 25 1
0 27 23 28 26 22 27 1
0 29 30 24 28 29 23 1
0 23 31 28 22 30 27 1
0 23 26 31 22 25 30 1
0 32 28 31 31 27 30 1
0 23 27 33 22 26 32 1
0 30 29 34 29 28 33 1
0 25 35 36 24 34 35 1
0 25 32 35 24 31 34 1
0 32 37 38 31 36 37 1
0 32 25 37 31 24 36 1
0 25 24 37 24 23 36 1
0 39 40 41 38 39 40 1
0 39 42 40 38 41 39 1
0 32 38 30 31 37 29 1
0 26 25 36 25 24 35 1
0 36 31 26 35 30 25 1
0 36 35 31 35 34 30 1
0 37 41 40 36 40 39 1
0 41 37 24 40 36 23 1
0 41 30 39 40 29 38 1
0 39 38 42 38 37 41 1
0 32 31 35 31 30 34 1
0 42 37 40 41 36 39 1
0 42 38 37 41 37 36 1
0 38 39 30 37 38 29 1
0 30 41 24 29 40 23 1
0 30 28 32 29 27 31 1
0 43 23 33 42 22 32 1
0 44 34 45 43 33 43 1
0 23 43 24 22 42 23 1
0 34 28 30 33 27 29 1
"Mesh9" 0 3
39
0 0.216625 -0.090481 0.809910 0.197411 0.953880 10
0 0.561430 0.248332 0.535250 0.458545 0.774625 10
0 0.372370 0.053748 0.159757 0.699878 0.877574 10
0 0.702562 0.532780 0.293339 0.568578 0.624134 10
0 -0.741863 0.532780 0.293339 0.568578 0.624134 10
0 -0.411597 0.053748 0.159757 0.699878 0.877574 10
0 -0.656753 0.569749 -0.229520 0.753619 0.604577 10
0 -0.019651 0.351045 -0.409662 0.983406 0.720264 10
0 -0.944588 0.826100 0.012719 0.637991 0.468950 10
0 -0.837306 0.970931 0.067716 0.636913 0.392323 10
0 0.798002 0.970931 0.067716 0.636913 0.392323 10
0 0.905284 0.826098 0.012719 0.637991 0.468950 10
0 0.732104 0.768675 0.287275 0.568338 0.499332 10
0 0.617449 0.569749 -0.229521 0.753619 0.604577 10
0 -0.597694 0.789741 0.847253 0.316712 0.488178 10
0 -0.019651 1.110849 1.214519 0.016594 0.318331 10
0 -0.019618 0.780545 1.159173 0.016594 0.493039 10
0 0.558389 0.789741 0.847253 0.316712 0.488178 10
0 -0.771404 0.768675 0.287275 0.568338 0.499332 10
0 0.583560 1.096879 0.941918 0.291099 0.325688 10
0 0.561962 0.541572 0.970359 0.276907 0.619483 10
0 -0.601266 0.541572 0.970359 0.276907 0.619483 10
0 -0.622861 1.096879 0.941918 0.291099 0.325688 10
0 0.205738 -0.009831 0.936755 0.150973 0.911209 10
0 0.157209 0.539449 1.159808 0.091610 0.620604 10
0 -0.196513 0.539449 1.159808 0.091610 0.620604 10
0 -0.019612 0.627320 1.322978 0.016594 0.574150 10
0 -0.019651 0.471347 1.216725 0.016594 0.656595 10
0 -0.019611 0.543227 1.318001 0.016594 0.618566 10
0 -0.019651 -0.070370 0.985110 0.016594 0.943200 10
0 -0.019651 -0.139208 0.839951 0.016594 0.979609 10
0 -0.255694 -0.090481 0.809910 0.197411 0.953880 10
0 -0.600730 0.248332 0.535250 0.458545 0.774625 10
0 -0.244818 -0.009831 0.936756 0.150973 0.911209 10
0 -0.567064 1.569016 0.907862 0.287456 0.075856 10
0 -0.019650 1.644486 1.031642 0.016594 0.036016 10
0 0.527760 1.569016 0.907862 0.287456 0.075856 10
0 -0.723283 1.333264 0.597014 0.439286 0.200626 10
0 0.683979 1.333264 0.597013 0.439286 0.200626 10
39
-0.485877 0.836374 -0.253776
-0.833514 0.527309 -0.164925
-0.520777 0.808637 0.273672
-0.912867 0.404529 0.055048
0.912851 0.404562 0.055066
0.520728 0.808679 0.273642
0.775032 0.528608 0.346263
-0.000008 0.848622 0.529000
0.935103 -0.035803 -0.352562
0.993181 0.107256 0.045680
-0.993182 0.107249 0.045688
-0.935108 -0.035801 -0.352549
-0.938911 -0.003744 -0.344140
-0.775055 0.528564 0.346281
0.711388 0.011765 -0.702701
-0.000007 0.005172 -0.999987
-0.000040 -0.335288 -0.942116
-0.711399 0.011747 -0.702690
0.938910 -0.003743 -0.344142
-0.802800 0.060326 -0.593188
-0.804410 0.064103 -0.590605
0.804388 0.064146 -0.590631
0.802801 0.060326 -0.593188
-0.552011 0.526127 -0.646896
-0.530689 0.154974 -0.833278
0.530655 0.154947 -0.833305
-0.000124 -0.359699 -0.933069
-0.000000 0.625606 -0.780139
-0.000057 0.522308 -0.852757
0.000107 0.661181 -0.750226
0.000067 0.999129 0.041721
0.485888 0.836364 -0.253787
0.833400 0.527476 -0.164966
0.551994 0.526209 -0.646843
0.575246 -0.204344 -0.792045
-0.000001 -0.324189 -0.945992
-0.575247 -0.204346 -0.792044
0.958413 -0.010587 -0.285187
-0.958414 -0.010594 -0.285183
66
0 0 1 2 0 1 2 1
0 3 2 1 3 2 1 1
0 4 5 6 4 5 6 1
0 7 6 5 7 6 5 1
0 8 4 9 8 4 9 1
0 10 3 11 10 3 11 1
0 12 11 3 12 11 3 1
0 2 13 7 2 13 7 1
0 14 15 16 14 15 16 1
0 15 17 16 15 17 16 1
0 4 8 18 4 8 18 1
0 19 17 15 19 17 15 1
0 20 17 12 20 17 12 1
0 3 20 12 3 20 12 1
0 4 18 21 4 18 21 1
0 15 14 22 15 14 22 1
0 23 24 20 23 24 20 1
0 11 12 10 11 12 10 1
0 25 16 26 25 16 26 1
0 27 25 28 27 25 28 1
0 27 28 24 27 28 24 1
0 29 25 27 29 25 27 1
0 30 31 29 30 31 29 1
0 30 2 7 30 2 7 1
0 1 23 20 1 23 20 1
0 5 32 31 5 32 31 1
0 32 33 31 32 33 31 1
0 15 34 35 15 34 35 1
0 36 15 35 36 15 35 1
0 22 14 18 22 14 18 1
0 14 21 18 14 21 18 1
0 17 19 12 17 19 12 1
0 25 26 28 25 26 28 1
0 26 24 28 26 24 28 1
0 31 30 5 31 30 5 1
0 30 0 2 30 0 2 1
0 0 30 29 0 30 29 1
0 25 29 33 25 29 33 1
0 29 24 23 29 24 23 1
0 29 23 0 29 23 0 1
0 33 29 31 33 29 31 1
0 5 30 7 5 30 7 1
0 24 29 27 24 29 27 1
0 25 33 21 25 33 21 1
0 23 1 0 23 1 0 1
0 33 32 21 33 32 21 1
0 20 3 1 20 3 1 1
0 4 21 32 4 21 32 1
0 16 20 24 16 20 24 1
0 21 16 25 21 16 25 1
0 16 24 26 16 24 26 1
0 18 8 9 18 8 9 1
0 9 37 18 9 37 18 1
0 38 10 12 38 10 12 1
0 38 12 19 38 12 19 1
0 3 10 13 3 10 13 1
0 9 4 6 9 4 6 1
0 37 34 22 37 34 22 1
0 16 21 14 16 21 14 1
0 20 16 17 20 16 17 1
0 18 37 22 18 37 22 1
0 36 38 19 36 38 19 1
0 2 3 13 2 3 13 1
0 5 4 32 5 4 32 1
0 15 36 19 15 36 19 1
0 34 15 22 34 15 22 1
"Mesh10" 0 0
36
0 -0.491831 -0.685758 -0.062669 0.000500 0.361633 4
0 -0.526572 -0.280869 0.452840 0.156600 0.121544 4
0 -0.185042 -0.640604 0.676812 0.169900 0.350608 4
0 -0.491831 -0.685758 -0.062669 0.999500 0.361633 4
0 -0.568981 -0.280869 -1.037223 0.852804 0.121511 4
0 -0.624733 -0.190557 -0.318525 0.999500 0.099494 4
0 0.928653 -0.001611 -0.063870 0.501754 0.097684 4
0 0.123051 -3.252033 0.307598 0.276488 0.986606 4
0 0.530247 -0.091919 0.665281 0.314943 0.119678 4
0 0.547838 -0.091919 -0.790007 0.682855 0.119678 4
0 0.365602 -3.252033 -0.261460 0.508250 0.986606 4
0 -0.282671 -0.640604 -0.817638 0.842618 0.350615 4
0 0.123051 -3.252033 -0.740211 0.720612 0.986606 4
0 -0.608798 -3.252033 -0.261461 0.000500 0.986612 4
0 -0.366247 -3.252033 0.307598 0.150792 0.986606 4
0 -0.608798 -3.252033 -0.261461 0.999500 0.986612 4
0 -0.366247 -3.252033 -0.740211 0.857333 0.986606 4
0 -0.624733 -0.190557 -0.318525 0.000500 0.099494 4
0 0.644251 -0.280868 0.452840 0.156600 0.121544 1
0 0.636286 -0.685756 -0.062670 0.000500 0.361633 1
0 0.329497 -0.640602 0.676811 0.169900 0.350608 1
0 0.686660 -0.280868 -1.037223 0.852804 0.121511 1
0 0.636286 -0.685756 -0.062670 0.999500 0.361633 1
0 0.742411 -0.190556 -0.318525 0.999500 0.099494 1
0 -0.103949 -3.252031 0.307598 0.276488 0.986606 1
0 -0.784198 -0.001609 -0.063871 0.501754 0.097684 1
0 -0.385792 -0.091918 0.665280 0.314943 0.119678 1
0 -0.346500 -3.252031 -0.261462 0.508250 0.986606 1
0 -0.403384 -0.091918 -0.790008 0.682855 0.119678 1
0 0.427125 -0.640602 -0.817639 0.842618 0.350615 1
0 -0.103949 -3.252031 -0.740212 0.720612 0.986606 1
0 0.627901 -3.252031 -0.261461 0.000500 0.986612 1
0 0.385350 -3.252031 0.307597 0.150792 0.986606 1
0 0.627901 -3.252031 -0.261461 0.999500 0.986612 1
0 0.385350 -3.252031 -0.740212 0.857333 0.986606 1
0 0.742411 -0.190556 -0.318525 0.000500 0.099494 1
36
0.924778 0.247368 -0.289126
0.814749 0.160207 -0.557241
0.669512 0.075618 -0.738942
0.927931 0.320776 0.189861
0.619509 0.585061 0.523366
0.959768 0.277999 0.039518
-0.974444 0.172147 -0.144309
-0.684888 0.175960 -0.707083
-0.221726 0.025830 -0.974767
-0.586678 0.175089 0.790666
-0.970086 0.156768 0.185356
0.490151 0.220560 0.843271
-0.355445 0.067760 0.932238
0.921891 -0.010437 -0.387310
0.315380 0.100359 -0.943644
0.932360 -0.039910 0.359321
0.523544 0.008504 0.851956
0.972700 0.209788 -0.099219
-0.823126 0.116067 -0.555870
-0.928618 0.227957 -0.292753
-0.672840 0.082989 -0.735118
-0.637386 0.559889 0.529399
-0.931741 0.307456 0.193209
-0.971596 0.232093 0.046204
0.687942 0.149840 -0.710129
0.980069 0.135105 -0.145643
0.219219 0.011622 -0.975606
0.975008 0.119548 0.187263
0.590178 0.158162 0.791628
-0.491806 0.234263 0.838599
0.356201 0.053742 0.932863
-0.920904 0.034277 -0.388280
-0.316180 0.115231 -0.941675
-0.932644 0.005129 0.360761
-0.523197 0.033617 0.851548
-0.982079 0.155291 -0.106793
36
0 0 1 2 0 1 2 1
0 3 4 5 3 4 5 1
0 6 7 8 6 7 8 1
0 9 10 6 9 10 6 1
0 9 4 11 9 4 11 1
0 11 12 9 11 12 9 1
0 2 13 0 2 13 0 1
0 2 14 13 2 14 13 1
0 11 15 16 11 15 16 1
0 11 3 15 11 3 15 1
0 14 8 7 14 8 7 1
0 14 2 8 14 2 8 1
0 1 8 2 1 8 2 1
0 4 3 11 4 3 11 1
0 7 6 10 7 6 10 1
0 10 9 12 10 9 12 1
0 12 11 16 12 11 16 1
0 1 0 17 1 0 17 1
0 18 19 20 18 19 20 1
0 21 22 23 21 22 23 1
0 24 25 26 24 25 26 1
0 27 28 25 27 28 25 1
0 21 28 29 21 28 29 1
0 30 29 28 30 29 28 1
0 31 20 19 31 20 19 1
0 32 20 31 32 20 31 1
0 33 29 34 33 29 34 1
0 22 29 33 22 29 33 1
0 26 32 24 26 32 24 1
0 20 32 26 20 32 26 1
0 26 18 20 26 18 20 1
0 22 21 29 22 21 29 1
0 25 24 27 25 24 27 1
0 28 27 30 28 27 30 1
0 29 30 34 29 30 34 1
0 19 18 35 19 18 35 1

Materials: 4
"Material0"
1.000000 1.000000 1.000000 1.000000
1.000000 1.000000 1.000000 1.000000
1.000000 1.000000 1.000000 1.000000
1.000000 1.000000 1.000000 1.000000
0.000000
1.000000
"t5_lad6.bmp"
""
"Material7"
1.000000 1.000000 1.000000 1.000000
1.000000 1.000000 1.000000 1.000000
0.000000 0.000000 0.000000 1.000000
1.000000 1.000000 1.000000 1.000000
0.000000
1.000000
"t6_lad6.bmp"
""
"Material8"
1.000000 1.000000 1.000000 1.000000
1.000000 1.000000 1.000000 1.000000
0.000000 0.000000 0.000000 1.000000
1.000000 1.000000 1.000000 1.000000
0.000000
1.000000
"t4_lad2_00.bmp"
""
"Material9"
1.000000 1.000000 1.000000 1.000000
1.000000 1.000000 1.000000 1.000000
0.000000 0.000000 0.000000 1.000000
1.000000 1.000000 1.000000 1.000000
0.000000
1.000000
"Face.ini"
""

Bones: 19
"12.joint_HipMaster"
""
8 0.000000 0.000000 0.000000 0.000000 -0.000000 0.000000
1
1.000000 0.000000 0.000000 0.000000
1
1.000000 0.000000 -0.000000 0.000000
"28.joint_RightHip"
"12.joint_HipMaster"
8 0.000000 0.000000 0.000000 0.000000 -0.000000 0.000000
1
1.000000 0.000000 0.000000 0.000000
1
1.000000 0.000000 -0.000000 0.000000
"29.!joint_RightKnee"
"28.joint_RightHip"
8 0.000000 0.000000 0.000000 0.000000 -0.000000 0.000000
1
1.000000 0.000000 0.000000 0.000000
1
1.000000 0.000000 -0.000000 0.000000
"30.!joint_RightFoot"
"29.!joint_RightKnee"
8 0.000000 0.000000 0.000000 0.000000 -0.000000 0.000000
1
1.000000 0.000000 0.000000 0.000000
1
1.000000 0.000000 -0.000000 0.000000
"32.joint_LeftHip"
"12.joint_HipMaster"
8 0.000000 0.000000 0.000000 0.000000 -0.000000 0.000000
1
1.000000 0.000000 0.000000 0.000000
1
1.000000 0.000000 -0.000000 0.000000
"33.!joint_LeftKnee"
"32.joint_LeftHip"
8 0.000000 0.000000 0.000000 0.000000 -0.000000 0.000000
1
1.000000 0.000000 0.000000 0.000000
1
1.000000 0.000000 -0.000000 0.000000
"34.!joint_LeftFoot"
"33.!joint_LeftKnee"
8 0.000000 0.000000 0.000000 0.000000 -0.000000 0.000000
1
1.000000 0.000000 0.000000 0.000000
1
1.000000 0.000000 -0.000000 0.000000
"10.joint_Torso"
"12.joint_HipMaster"
8 0.000000 0.000000 0.000000 0.000000 -0.000000 0.000000
1
1.000000 0.000000 0.000000 0.000000
1
1.000000 0.000000 -0.000000 0.000000
"11.joint_Torso2"
"10.joint_Torso"
8 0.000000 0.000000 0.000000 0.000000 -0.000000 0.000000
1
1.000000 0.000000 0.000000 0.000000
1
1.000000 0.000000 -0.000000 0.000000
"13.joint_Neck"
"11.joint_Torso2"
8 0.000000 0.000000 0.000000 0.000000 -0.000000 0.000000
1
1.000000 0.000000 0.000000 0.000000
1
1.000000 0.000000 -0.000000 0.000000
"14.joint_Head"
"13.joint_Neck"
8 0.000000 0.000000 0.000000 0.000000 -0.000000 0.000000
1
1.000000 0.000000 0.000000 0.000000
1
1.000000 0.000000 -0.000000 0.000000
"16.joint_RightShoulder"
"11.joint_Torso2"
8 0.000000 0.000000 0.000000 0.000000 -0.000000 0.000000
1
1.000000 0.000000 0.000000 0.000000
1
1.000000 0.000000 -0.000000 0.000000
"18.joint_RightArm"
"16.joint_RightShoulder"
8 0.000000 0.000000 0.000000 0.000000 -0.000000 0.000000
1
1.000000 0.000000 0.000000 0.000000
1
1.000000 0.000000 -0.000000 0.000000
"19.joint_RightElbow"
"18.joint_RightArm"
8 0.000000 0.000000 0.000000 0.000000 -0.000000 0.000000
1
1.000000 0.000000 0.000000 0.000000
1
1.000000 0.000000 -0.000000 0.000000
"20.joint_RightWrist"
"19.joint_RightElbow"
8 0.000000 0.000000 0.000000 0.000000 -0.000000 0.000000
1
1.000000 0.000000 0.000000 0.000000
1
1.000000 0.000000 -0.000000 0.000000
"22.joint_LeftShoulder"
"11.joint_Torso2"
8 0.000000 0.000000 0.000000 0.000000 -0.000000 0.000000
1
1.000000 0.000000 0.000000 0.000000
1
1.000000 0.000000 -0.000000 0.000000
"24.joint_LeftArm"
"22.joint_LeftShoulder"
8 0.000000 0.000000 0.000000 0.000000 -0.000000 0.000000
1
1.000000 0.000000 0.000000 0.000000
1
1.000000 0.000000 -0.000000 0.000000
"25.joint_LeftElbow"
"24.joint_LeftArm"
8 0.000000 0.000000 0.000000 0.000000 -0.000000 0.000000
1
1.000000 0.000000 0.000000 0.000000
1
1.000000 0.000000 -0.000000 0.000000
"26.joint_LeftWrist"
"25.joint_LeftElbow"
8 0.000000 0.000000 0.000000 0.000000 -0.000000 0.000000
1
1.000000 0.000000 0.000000 0.000000
1
1.000000 0.000000 -0.000000 0.000000
GroupComments: 0
MaterialComments: 0
BoneComments: 0
ModelComment: 0
