Meshes: 1
"10" 0 0
96
0 20.239653 -161.946030 72.195854 0.964844 1.821289 -1
0 21.281136 -107.310120 76.076454 0.027451 1.822266 -1
0 -21.138367 -161.946030 71.938286 0.963379 1.865723 -1
0 -22.228073 -107.310120 75.805473 0.026276 1.866699 -1
0 -22.227190 57.498398 75.805473 0.964844 1.821289 -1
0 -22.228073 -107.310120 75.805473 0.027451 1.822266 -1
0 21.280243 57.498398 76.076439 0.963379 1.865723 -1
0 21.281136 -107.310120 76.076454 0.026276 1.866699 -1
0 16.641001 70.021591 58.942402 0.963379 1.865723 -1
0 -17.373775 70.021591 58.731560 0.964844 1.821289 -1
0 21.280243 57.498398 76.076439 0.026276 1.866699 -1
0 -22.227190 57.498398 75.805473 0.027451 1.822266 -1
0 72.195862 -161.946030 -20.239655 0.964844 1.821289 -1
0 76.076416 -107.310120 -21.281174 0.027451 1.822266 -1
0 71.938248 -161.946030 21.138348 0.963379 1.865723 -1
0 75.805466 -107.310120 22.228054 0.026276 1.866699 -1
0 75.805481 57.498398 22.227158 0.964844 1.821289 -1
0 75.805466 -107.310120 22.228054 0.027451 1.822266 -1
0 76.076416 57.498398 -21.280285 0.963379 1.865723 -1
0 76.076416 -107.310120 -21.281174 0.026276 1.866699 -1
0 58.942364 70.021591 -16.641026 0.963379 1.865723 -1
0 58.731598 70.021591 17.373756 0.964844 1.821289 -1
0 76.076416 57.498398 -21.280285 0.026276 1.866699 -1
0 75.805481 57.498398 22.227158 0.027451 1.822266 -1
0 -20.239662 -161.946030 -72.195946 0.964844 1.821289 -1
0 -21.281179 -107.310120 -76.076454 0.027451 1.822266 -1
0 21.138323 -161.946030 -71.938240 0.963379 1.865723 -1
0 22.228046 -107.310120 -75.805473 0.026276 1.866699 -1
0 22.227163 57.498398 -75.805489 0.964844 1.821289 -1
0 22.228046 -107.310120 -75.805473 0.027451 1.822266 -1
0 -21.280262 57.498398 -76.076454 0.963379 1.865723 -1
0 -21.281179 -107.310120 -76.076454 0.026276 1.866699 -1
0 -16.641014 70.021591 -58.942406 0.963379 1.865723 -1
0 17.373747 70.021591 -58.731628 0.964844 1.821289 -1
0 -21.280262 57.498398 -76.076454 0.026276 1.866699 -1
0 22.227163 57.498398 -75.805489 0.027451 1.822266 -1
0 -72.195877 -161.946030 20.239651 0.964844 1.821289 -1
0 -76.076416 -107.310120 21.281141 0.027451 1.822266 -1
0 -71.938278 -161.946030 -21.138351 0.963379 1.865723 -1
0 -75.805511 -107.310120 -22.228077 0.026276 1.866699 -1
0 -75.805542 57.498398 -22.227192 0.964844 1.821289 -1
0 -75.805511 -107.310120 -22.228077 0.027451 1.822266 -1
0 -76.076416 57.498398 21.280243 0.963379 1.865723 -1
0 -76.076416 -107.310120 21.281141 0.026276 1.866699 -1
0 -58.942394 70.021591 16.640987 0.963379 1.865723 -1
0 -58.731606 70.021591 -17.373772 0.964844 1.821289 -1
0 -76.076416 57.498398 21.280243 0.026276 1.866699 -1
0 -75.805542 57.498398 -22.227192 0.027451 1.822266 -1
0 59.685139 -149.489365 34.966724 0.964844 1.821289 -1
0 62.862450 -99.084030 36.875870 0.027451 1.822266 -1
0 32.048576 -149.489365 61.301884 0.963379 1.865723 -1
0 33.802395 -99.084030 64.567444 0.026276 1.866699 -1
0 33.802998 52.963486 64.566872 0.964844 1.821289 -1
0 33.802395 -99.084030 64.567444 0.027451 1.822266 -1
0 62.861816 52.963486 36.876503 0.963379 1.865723 -1
0 62.862450 -99.084030 36.875870 0.026276 1.866699 -1
0 51.922127 68.109436 30.290718 0.963379 1.865723 -1
0 27.753637 68.109436 53.322453 0.964844 1.821289 -1
0 62.861816 52.963486 36.876503 0.026276 1.866699 -1
0 33.802998 52.963486 64.566872 0.027451 1.822266 -1
0 34.966740 -149.489365 -59.685188 0.964844 1.821289 -1
0 36.875900 -99.084030 -62.862396 0.027451 1.822266 -1
0 61.301903 -149.489365 -32.048607 0.963379 1.865723 -1
0 64.567429 -99.084030 -33.802448 0.026276 1.866699 -1
0 64.566864 52.963486 -33.803005 0.964844 1.821289 -1
0 64.567429 -99.084030 -33.802448 0.027451 1.822266 -1
0 36.876446 52.963486 -62.861885 0.963379 1.865723 -1
0 36.875900 -99.084030 -62.862396 0.026276 1.866699 -1
0 30.290751 68.109436 -51.922161 0.963379 1.865723 -1
0 53.322445 68.109436 -27.753696 0.964844 1.821289 -1
0 36.876446 52.963486 -62.861885 0.026276 1.866699 -1
0 64.566864 52.963486 -33.803005 0.027451 1.822266 -1
0 -59.685184 -149.489365 -34.966759 0.964844 1.821289 -1
0 -62.862492 -99.084030 -36.875923 0.027451 1.822266 -1
0 -32.048603 -149.489365 -61.301888 0.963379 1.865723 -1
0 -33.802433 -99.084030 -64.567459 0.026276 1.866699 -1
0 -33.803017 52.963486 -64.566887 0.964844 1.821289 -1
0 -33.802433 -99.084030 -64.567459 0.027451 1.822266 -1
0 -62.861889 52.963486 -36.876526 0.963379 1.865723 -1
0 -62.862492 -99.084030 -36.875923 0.026276 1.866699 -1
0 -51.922157 68.109436 -30.290764 0.963379 1.865723 -1
0 -27.753670 68.109436 -53.322510 0.964844 1.821289 -1
0 -62.861889 52.963486 -36.876526 0.026276 1.866699 -1
0 -33.803017 52.963486 -64.566887 0.027451 1.822266 -1
0 -34.966755 -149.489365 59.685181 0.964844 1.821289 -1
0 -36.875916 -99.084030 62.862358 0.027451 1.822266 -1
0 -61.301933 -149.489365 32.048576 0.963379 1.865723 -1
0 -64.567429 -99.084030 33.802391 0.026276 1.866699 -1
0 -64.566879 52.963486 33.803013 0.964844 1.821289 -1
0 -64.567429 -99.084030 33.802391 0.027451 1.822266 -1
0 -36.876518 52.963486 62.861855 0.963379 1.865723 -1
0 -36.875916 -99.084030 62.862358 0.026276 1.866699 -1
0 -30.290752 68.109436 51.922131 0.963379 1.865723 -1
0 -53.322491 68.109436 27.753643 0.964844 1.821289 -1
0 -36.876518 52.963486 62.861855 0.026276 1.866699 -1
0 -64.566879 52.963486 33.803013 0.027451 1.822266 -1
72
-0.006209 -0.070729 0.997476
-0.006211 -0.070728 0.997476
-0.006212 -0.070726 0.997476
-0.006228 0  0.999981
-0.006228 0  0.999981
-0.006228 0  0.999981
-0.003662 0.806865 0.590725
-0.003670 0.806855 0.590738
-0.003679 0.806846 0.590751
0.997476 -0.070728 0.006210
0.997476 -0.070727 0.006211
0.997476 -0.070727 0.006212
0.999981 -0  0.006227
0.999981 -0  0.006227
0.999981 -0  0.006227
0.590725 0.806865 0.003660
0.590738 0.806855 0.003670
0.590752 0.806845 0.003679
0.006212 -0.070727 -0.997476
0.006212 -0.070727 -0.997476
0.006212 -0.070727 -0.997476
0.006228 -0  -0.999981
0.006228 -0  -0.999981
0.006228 -0  -0.999981
0.003661 0.806865 -0.590725
0.003670 0.806855 -0.590738
0.003679 0.806845 -0.590752
-0.997476 -0.070728 -0.006210
-0.997476 -0.070727 -0.006210
-0.997476 -0.070727 -0.006211
-0.999981 -0  -0.006226
-0.999981 -0  -0.006226
-0.999981 -0  -0.006226
-0.590725 0.806864 -0.003661
-0.590738 0.806855 -0.003669
-0.590751 0.806846 -0.003678
0.688128 -0.070728 0.722134
0.688128 -0.070727 0.722134
0.688128 -0.070727 0.722134
0.689855 -0  0.723948
0.689855 -0  0.723947
0.689855 -0  0.723947
0.535275 0.630857 0.561694
0.535276 0.630840 0.561712
0.535277 0.630823 0.561730
0.722134 -0.070727 -0.688128
0.722134 -0.070727 -0.688128
0.722133 -0.070727 -0.688129
0.723948 0  -0.689855
0.723947 -0  -0.689856
0.723946 -0  -0.689856
0.561695 0.630856 -0.535275
0.561713 0.630839 -0.535276
0.561731 0.630822 -0.535278
-0.688128 -0.070728 -0.722134
-0.688128 -0.070728 -0.722134
-0.688127 -0.070727 -0.722135
-0.689854 0  -0.723948
-0.689855 -0  -0.723948
-0.689855 -0  -0.723948
-0.535275 0.630858 -0.561693
-0.535276 0.630840 -0.561712
-0.535277 0.630822 -0.561731
-0.722134 -0.070726 0.688128
-0.722134 -0.070726 0.688128
-0.722134 -0.070726 0.688128
-0.723948 -0  0.689855
-0.723947 -0  0.689855
-0.723947 -0.000001 0.689856
-0.561694 0.630858 0.535275
-0.561712 0.630840 0.535276
-0.561731 0.630823 0.535277
48
0 0 1 2 0 1 1 1
0 1 3 2 1 2 1 1
0 4 5 6 3 4 4 1
0 5 7 6 4 5 4 1
0 8 9 10 6 7 7 1
0 9 11 10 7 8 7 1
0 12 13 14 9 10 10 1
0 13 15 14 10 11 10 1
0 16 17 18 12 13 13 1
0 17 19 18 13 14 13 1
0 20 21 22 15 16 16 1
0 21 23 22 16 17 16 1
0 24 25 26 18 19 19 1
0 25 27 26 19 20 19 1
0 28 29 30 21 22 22 1
0 29 31 30 22 23 22 1
0 32 33 34 24 25 25 1
0 33 35 34 25 26 25 1
0 36 37 38 27 28 28 1
0 37 39 38 28 29 28 1
0 40 41 42 30 31 31 1
0 41 43 42 31 32 31 1
0 44 45 46 33 34 34 1
0 45 47 46 34 35 34 1
0 48 49 50 36 37 37 1
0 49 51 50 37 38 37 1
0 52 53 54 39 40 40 1
0 53 55 54 40 41 40 1
0 56 57 58 42 43 43 1
0 57 59 58 43 44 43 1
0 60 61 62 45 46 46 1
0 61 63 62 46 47 46 1
0 64 65 66 48 49 49 1
0 65 67 66 49 50 49 1
0 68 69 70 51 52 52 1
0 69 71 70 52 53 52 1
0 72 73 74 54 55 55 1
0 73 75 74 55 56 55 1
0 76 77 78 57 58 58 1
0 77 79 78 58 59 58 1
0 80 81 82 60 61 61 1
0 81 83 82 61 62 61 1
0 84 85 86 63 64 64 1
0 85 87 86 64 65 64 1
0 88 89 90 66 67 67 1
0 89 91 90 67 68 67 1
0 92 93 94 69 70 70 1
0 93 95 94 70 71 70 1

Materials: 1
"D"
1  1  1  0.590000
1  1  1  0.590000
1  1  1  0.590000
1  1  1  0.590000
0.185600
0.590000
"Tex_0008_0.ini"
""

Bones: 0
GroupComments: 0
MaterialComments: 0
BoneComments: 0
ModelComment: 0
